Episode: 1; Tool: [-11.60370922  13.66806793   6.60347509  -6.21723843  -6.00061846
   2.69868469  -8.39693165  -4.60323095  -6.75256252 -11.56076908]; Score: [-19.43140504]; Action: ([1.72, 0.63, 0.47, 0.51, 1.18], [2, 0, 0, 0, 1])
Episode: 2; Tool: [-12.97452545  15.16021538   7.36432219  -6.71146154  -6.38401175
   3.13911486  -8.82949066  -5.18593359  -7.81553411 -12.99276924]; Score: [-16.75056989]; Action: ([1.09, 1.89, 1.28, 1.48, 0.94], [1, 2, 1, 2, 1])
Episode: 3; Tool: [-5.94851398 -2.60871291 -2.25277758 -2.75111675 -2.53515649  0.8638351
  0.60278988 -1.24411249  4.79119396  1.60164797]; Score: [-10.8859085]; Action: ([0.98, 1.76, 0.67, 0.2, 0.68], [1, 2, 1, 0, 1])
Episode: 4; Tool: [-11.89553642  14.4696207    7.29201031  -6.80242252  -5.68788242
   2.9968586   -8.65640831  -5.11120367  -8.37034512 -13.04071617]; Score: [-18.23447493]; Action: ([1.76, 1.29, 1.06, 1.35, 0.08], [2, 1, 1, 2, 0])
Episode: 5; Tool: [-3.23880649 -1.35477424 -0.55939889  0.79148632  1.58721268  0.19473673
 -0.52346987  0.57046938 -0.53334159 -0.76584285]; Score: [-14.68479855]; Action: ([1.18, 0.36, 0.34, 0.76, 1.62], [1, 0, 0, 1, 2])
Episode: 6; Tool: [-11.60370922  13.66806793   6.60347509  -6.21723843  -6.00061846
   2.69868469  -8.39693165  -4.60323095  -6.75256252 -11.56076908]; Score: [-12.91367172]; Action: ([1.84, 1.22, 0.74, 1.97, 1.02], [2, 1, 1, 2, 1])
Episode: 7; Tool: [-5.22591305 -6.29939556 -0.73056549 -1.85648656 -0.1939241  -1.21930444
 -1.41336358 -0.05356281 -0.96941417  5.49409246]; Score: [-11.45764451]; Action: ([1.45, 1.81, 1.54, 0.53, 0.77], [2, 2, 2, 0, 1])
Episode: 8; Tool: [-0.7503711  -1.37804556  1.35856628  2.82440543  1.34427774 -0.22239432
 -1.87799978 -0.98158699 -2.2936883   0.06776464]; Score: [-8.43723423]; Action: ([2.0, 1.14, 1.28, 1.63, 1.86], [2, 1, 1, 2, 2])
Episode: 9; Tool: [-4.4771924  -2.26152658  0.43075353 -0.3728278   1.6854378  -0.11509956
 -0.34227905  3.26355982 -1.72087395 -0.90597737]; Score: [-14.78567105]; Action: ([1.93, 2.0, 0.79, 1.38, 1.92], [2, 2, 1, 2, 2])
Episode: 10; Tool: [ 16.40101242  -3.88992858   9.9461565    8.89882946  -1.96452737
  -1.81986809  -7.46755266 -15.3019495  -15.93776321   1.64616644]; Score: [-16.14045111]; Action: ([1.48, 0.05, 0.1, 0.81, 1.1], [2, 0, 0, 1, 1])
Episode: 11; Tool: [-5.72679043 -6.08167934 -5.68674803 -0.8270523   1.53663695  3.08429408
  0.81095856 -0.88140982  1.5963757  -1.2461338 ]; Score: [-16.01575153]; Action: ([0.51, 0.9, 1.06, 0.51, 2.0], [0, 1, 1, 0, 2])
Episode: 12; Tool: [ 16.40101242  -3.88992858   9.9461565    8.89882946  -1.96452737
  -1.81986809  -7.46755266 -15.3019495  -15.93776321   1.64616644]; Score: [-26.37358347]; Action: ([1.83, 1.26, 1.54, 0.24, 1.29], [2, 1, 2, 0, 1])
Episode: 13; Tool: [-10.86612797  13.08833408   6.52026987  -6.18623972  -5.31731653
   2.64489985  -7.99022913  -4.54637575  -7.36648512 -11.67500687]; Score: [-15.50157167]; Action: ([0.71, 0.5, 1.62, 1.93, 0.77], [1, 0, 2, 2, 1])
Episode: 14; Tool: [-12.9780159   14.76248074   6.75753784  -6.3941288   -7.45270109
   2.65343046  -8.9739399   -4.74948692  -6.02742958 -11.62982559]; Score: [-23.08649568]; Action: ([1.83, 0.25, 0.59, 0.61, 0.33], [2, 0, 0, 0, 0])
Episode: 15; Tool: [-9.92602444 -0.0958038  -1.59440434 -5.46375084 -8.15997791  0.15779354
 -0.15907358 -2.3300426   9.59882164  3.47630835]; Score: [-9.9605903]; Action: ([1.2, 1.2, 1.45, 0.1, 1.16], [1, 1, 2, 0, 1])
Episode: 16; Tool: [ 2.71234959e-01  7.70679951e-01  5.73677063e+00  4.21923399e-03
  1.25410223e+00 -9.59144235e-01 -5.48515368e+00 -4.47848940e+00
 -8.59252739e+00 -1.56733882e+00]; Score: [-17.94130439]; Action: ([0.4, 1.33, 1.99, 1.13, 0.79], [0, 1, 2, 1, 1])
Episode: 17; Tool: [-8.74206066 -0.17831939 -1.83052254 -3.97308612 -6.45102453  0.49710333
 -0.79913068 -1.76557851  7.68015671  2.46120548]; Score: [-11.18447145]; Action: ([1.1, 1.83, 0.55, 0.13, 0.98], [1, 2, 0, 0, 1])
Episode: 18; Tool: [ 16.40101242  -3.88992858   9.9461565    8.89882946  -1.96452737
  -1.81986809  -7.46755266 -15.3019495  -15.93776321   1.64616644]; Score: [-29.97511617]; Action: ([2.0, 1.42, 0.41, 1.98, 1.05], [2, 2, 0, 2, 1])
Episode: 19; Tool: [-6.57410192 -4.38972473 -0.63977849 -1.22435832  0.8628335  -0.4083645
  0.69763124  5.73536348 -3.46630359 -0.18475497]; Score: [-15.33191769]; Action: ([2.0, 1.8, 0.16, 1.59, 0.53], [2, 2, 0, 2, 0])
Episode: 20; Tool: [-8.32747555 -4.84156609 -0.10732467 -0.57875568  1.3510952  -1.12157905
  0.08697924  7.00821924 -4.28991795  0.44061595]; Score: [-14.91866793]; Action: ([0.3, 1.79, 0.56, 1.92, 1.76], [0, 2, 0, 2, 2])
Episode: 21; Tool: [-9.92602444 -0.0958038  -1.59440434 -5.46375084 -8.15997791  0.15779354
 -0.15907358 -2.3300426   9.59882164  3.47630835]; Score: [-8.553345]; Action: ([0.17, 0.84, 0.77, 1.01, 1.15], [0, 1, 1, 1, 1])
Episode: 22; Tool: [ 16.40101242  -3.88992858   9.9461565    8.89882946  -1.96452737
  -1.81986809  -7.46755266 -15.3019495  -15.93776321   1.64616644]; Score: [-14.88796534]; Action: ([0.58, 0.33, 1.68, 0.07, 0.51], [0, 0, 2, 0, 0])
Episode: 23; Tool: [-4.84578276 -2.85727096 -4.50638962 -1.81621361 -0.07726166  1.67323995
  2.86791277 -2.56983113 -0.88238001 -2.77867794]; Score: [-18.19056176]; Action: ([0.41, 0.37, 1.14, 1.31, 0.63], [0, 0, 1, 1, 0])
Episode: 24; Tool: [-11.30868244  13.48515606   6.55485106  -6.11472368  -5.84706831
   2.59203577  -7.94726324  -4.63434267  -7.1166687  -11.65748978]; Score: [-24.99775886]; Action: ([0.21, 0.47, 0.58, 0.38, 1.52], [0, 0, 0, 0, 2])
Episode: 25; Tool: [-15.92804432  -8.47696209   1.91666317  -2.15952873   5.12653065
  -0.90914035  -0.1885673   13.73332214  -7.47263956  -3.15844536]; Score: [-15.97340312]; Action: ([0.14, 0.15, 0.39, 0.0, 1.59], [0, 0, 0, 0, 2])
Episode: 26; Tool: [-11.97271538  -5.9953866    1.32360435  -1.94500542   3.66871524
   0.04091419   0.9044866    9.92406654  -5.84247732  -3.30202103]; Score: [-11.80841486]; Action: ([1.72, 1.61, 1.62, 1.15, 0.48], [2, 2, 2, 1, 0])
Episode: 27; Tool: [-12.91492271  14.46915436   6.429564    -6.21056175  -7.86260653
   2.44928598  -9.09155655  -4.48565578  -5.06172466 -10.87735558]; Score: [-22.79092081]; Action: ([0.5, 1.19, 0.28, 1.52, 0.66], [0, 1, 0, 2, 0])
Episode: 28; Tool: [-8.34590912 -7.77385378 -5.26113319 -1.45698023  1.31079185  4.63976812
 -1.34916782 -0.57906967  0.21447879 -0.90437984]; Score: [-18.49639431]; Action: ([1.04, 1.35, 0.43, 1.12, 0.58], [1, 2, 0, 1, 0])
Episode: 29; Tool: [-5.19251537 -1.71831667 -3.54201269 -1.8699801  -0.2666007   1.22644365
  3.45956039 -1.98795295 -2.40373206 -3.5848155 ]; Score: [-18.22846462]; Action: ([0.73, 0.35, 0.25, 1.1, 0.83], [1, 0, 0, 1, 1])
Episode: 30; Tool: [-4.83560848 -1.28590989 -2.05335355 -1.92394876 -2.33037758  0.65462351
 -0.19664191 -1.25392473  3.82432151  1.35442102]; Score: [-7.65446812]; Action: ([1.27, 0.83, 0.69, 0.72, 1.15], [1, 1, 1, 1, 1])
Episode: 31; Tool: [ -8.12419319 -12.82513523  -4.42341042  -4.28899479  -3.2083509
  -0.64165068  -0.13747202  -1.77665973   1.72137499  11.30107117]; Score: [-10.78305083]; Action: ([1.58, 0.27, 0.44, 0.97, 0.65], [2, 0, 0, 1, 0])
Episode: 32; Tool: [-2.56621552  2.33748126  6.19310093 -1.45717955  0.86190867 -1.15602064
 -4.96222591 -4.01281834 -7.22046041 -2.60883617]; Score: [-14.97111371]; Action: ([1.99, 0.6, 0.95, 0.52, 1.72], [2, 0, 1, 0, 2])
Episode: 33; Tool: [-11.71463013  13.32378674   6.0459218   -5.69619989  -6.82016325
   2.29041672  -8.00074387  -4.26533508  -5.35536337 -10.39897728]; Score: [-16.41365453]; Action: ([1.29, 0.33, 0.89, 0.8, 1.81], [1, 0, 1, 1, 2])
Episode: 34; Tool: [-7.10839367 -4.09904432 -6.21109962 -1.33279538 -1.09314799  1.04766226
  5.50644827 -0.72757792 -2.93466496 -2.81113863]; Score: [-16.35596825]; Action: ([1.79, 0.18, 1.39, 0.67, 0.7], [2, 0, 2, 1, 1])
Episode: 35; Tool: [-7.00718355 -7.62640047 -0.93934983 -3.68269753 -1.59150863 -1.39688504
 -1.69896078 -1.4475621   0.90296912  7.38593578]; Score: [-11.63771192]; Action: ([1.57, 0.97, 0.53, 1.65, 0.2], [2, 1, 0, 2, 0])
Episode: 36; Tool: [-8.25202751e+00 -7.32246065e+00  1.04759741e+00 -4.43785477e+00
 -1.19131756e+00 -3.15393472e+00 -1.41266584e+00  2.55031139e-03
 -6.71794832e-01  7.80651188e+00]; Score: [-12.26090128]; Action: ([1.79, 1.23, 1.67, 1.88, 1.1], [2, 1, 2, 2, 1])
Episode: 37; Tool: [-4.47430134e+00 -1.26008940e+00 -4.35040891e-03  2.88764417e-01
  2.26505089e+00  5.85675955e-01 -1.62798536e+00  9.03003871e-01
 -1.04769182e+00 -1.38744128e+00]; Score: [-21.97090983]; Action: ([0.71, 1.65, 0.47, 1.12, 0.36], [1, 2, 0, 1, 0])
Episode: 38; Tool: [-6.1048336  -7.78207922 -1.25652611 -3.69828415 -2.66519642 -2.27030897
  0.91720271 -0.72786415  0.78073913  8.16630554]; Score: [-13.80320141]; Action: ([0.31, 2.0, 0.2, 0.78, 1.49], [0, 2, 0, 1, 2])
Episode: 39; Tool: [-13.25835896  -2.39105582  -3.44987082  -7.29567909  -9.3650713
   1.04129791   0.5378232   -3.37229109  12.5656395    4.65201569]; Score: [-13.92487991]; Action: ([1.05, 1.88, 1.59, 0.21, 0.11], [1, 2, 2, 0, 0])
Episode: 40; Tool: [-11.72416401  -2.22391987  -3.26870465  -6.05697918  -7.85726309
   1.10084546   0.20903136  -2.85496211  10.72949409   3.80733252]; Score: [-14.60493361]; Action: ([0.0, 0.58, 1.82, 0.67, 0.13], [0, 0, 2, 0, 0])
Episode: 41; Tool: [-7.79446745 -4.32365417  0.79937387 -1.42095327  2.29902077  0.69369107
  0.12231752  6.67220974 -2.81177664 -3.02366686]; Score: [-8.89408667]; Action: ([1.34, 0.95, 1.24, 1.18, 0.24], [2, 1, 1, 1, 0])
Episode: 42; Tool: [-6.17327595  3.38217616  4.45939112 -1.90291715  0.63924778 -1.13383186
 -4.94344616 -0.06587838 -5.87153244 -3.58875513]; Score: [-24.15898246]; Action: ([1.29, 0.68, 0.96, 0.12, 0.35], [1, 1, 1, 0, 0])
Episode: 43; Tool: [-6.33751249 -1.25010598 -2.13865018 -3.24824643 -4.0437932   0.49559069
  0.05718603 -1.90781939  5.7496767   2.3204937 ]; Score: [-12.67633105]; Action: ([0.24, 0.44, 1.5, 0.7, 0.21], [0, 0, 2, 1, 0])
Episode: 44; Tool: [-4.92457485 -5.10002041 -4.33959007 -1.10012293  1.41266823  2.32776761
  1.31049216  0.05563827 -0.06932169 -2.41492605]; Score: [-16.50176716]; Action: ([1.08, 0.55, 0.96, 1.29, 0.25], [1, 0, 1, 1, 0])
Episode: 45; Tool: [-5.77898693 -1.95838475 -3.92041945 -2.51574779 -1.01933968  1.44490659
  4.29283476 -3.04375196 -0.89796126 -3.16362619]; Score: [-14.4782363]; Action: ([1.8, 1.32, 0.47, 1.18, 0.84], [2, 1, 0, 1, 1])
Episode: 46; Tool: [-5.03337669 -2.65367579 -4.04776192 -1.84535766  0.1939653   1.5233674
  2.92980337 -2.30560374 -1.69437075 -3.12602949]; Score: [-26.44961178]; Action: ([0.31, 2.0, 0.29, 0.42, 0.95], [0, 2, 0, 0, 1])
Episode: 47; Tool: [ 16.40101242  -3.88992858   9.9461565    8.89882946  -1.96452737
  -1.81986809  -7.46755266 -15.3019495  -15.93776321   1.64616644]; Score: [-14.15836818]; Action: ([0.27, 0.47, 0.51, 0.87, 1.14], [0, 0, 0, 1, 1])
Episode: 48; Tool: [-7.00856304 -3.93460965  0.97256607 -1.2565484   2.57571435  0.27593517
  0.05579919  6.14275122 -3.06839633 -2.52235174]; Score: [-13.50146128]; Action: ([1.98, 1.66, 1.31, 1.16, 0.06], [2, 2, 1, 1, 0])
Episode: 49; Tool: [-7.59015942 -8.83689499 -1.49751759 -3.51202059 -2.35182214 -2.62390518
  0.47427776  0.50797337 -0.48525286  8.80127048]; Score: [-9.5871699]; Action: ([0.4, 1.59, 0.67, 0.84, 0.82], [0, 2, 1, 1, 1])
Episode: 50; Tool: [-4.31799173 -1.68567777 -0.45140082 -0.20365825  1.93897521  0.12559797
 -1.10920203  0.90526009 -1.059618   -0.61178285]; Score: [-15.31736153]; Action: ([1.42, 0.1, 0.16, 0.99, 1.29], [2, 0, 0, 1, 1])
Episode: 51; Tool: [-8.83607388 10.45765209  5.13575506 -4.77578068 -4.12679911  2.1523068
 -6.5089426  -3.54846954 -5.42737103 -8.97844601]; Score: [-18.14741561]; Action: ([1.15, 0.79, 1.39, 1.01, 0.41], [1, 1, 2, 1, 0])
Episode: 52; Tool: [-6.81050205 -7.84015179 -8.79994583 -2.28664136  1.04919851  3.67074299
  2.36404085 -3.59575605 -0.67208248 -3.78239822]; Score: [-21.78389028]; Action: ([1.16, 1.97, 0.55, 0.03, 1.51], [1, 2, 0, 0, 2])
Episode: 53; Tool: [-3.15957975 -2.5911119  -2.68808389 -0.45931023  0.94084537  0.98436832
  0.62580508 -0.53022552 -0.22166017 -1.15505934]; Score: [-9.405985]; Action: ([1.73, 1.17, 0.93, 1.38, 1.67], [2, 1, 1, 2, 2])
Episode: 54; Tool: [ -6.64996147 -10.07500076  -3.10349321  -3.07081676  -2.36420798
  -1.27835226   0.08170153  -0.78095978   0.42778385   9.12824535]; Score: [-10.41633778]; Action: ([0.26, 1.04, 0.27, 1.08, 0.53], [0, 1, 0, 1, 0])
Episode: 55; Tool: [-2.65290689 -1.42954338  1.24451542  3.03108072  2.06917381 -0.98907834
 -2.28321314 -0.99688107 -2.77221513  0.03042263]; Score: [-26.54705092]; Action: ([1.29, 0.59, 0.6, 0.2, 0.16], [1, 0, 0, 0, 0])
Episode: 56; Tool: [-4.90030956 -4.05689096 -3.1988492  -0.4514932   1.73353326  1.38018274
  0.36786127  0.16033179 -0.22667733 -1.41316485]; Score: [-14.23776221]; Action: ([1.81, 0.91, 0.34, 0.97, 0.9], [2, 1, 0, 1, 1])
Episode: 57; Tool: [-7.41676998 -1.20085216 -2.35960793 -3.19680095 -4.49481535  0.81693327
 -0.37487671 -1.62280536  6.2340498   1.99435866]; Score: [-9.07898772]; Action: ([1.54, 1.08, 0.69, 0.38, 0.9], [2, 1, 1, 0, 1])
Episode: 58; Tool: [-9.28824806 -5.44261789  0.76113886 -1.58892655  3.23316598  0.90422451
 -0.05089581  7.43397331 -3.23738837 -3.33000803]; Score: [-11.64061017]; Action: ([1.5, 0.82, 1.72, 0.0, 1.02], [2, 1, 2, 0, 1])
Episode: 59; Tool: [-10.85930157  12.82765198   6.27121401  -6.02968693  -5.64462996
   2.4140327   -7.86275148  -4.31414127  -6.7370019  -11.07361889]; Score: [-18.34634094]; Action: ([0.09, 0.63, 1.07, 1.44, 1.64], [0, 0, 1, 2, 2])
Episode: 60; Tool: [-7.99557924 -3.95202804  1.37850904 -0.70622331  3.27764797 -0.0085174
 -0.66754317  6.28921032 -3.06710887 -2.29427767]; Score: [-14.50075322]; Action: ([0.34, 1.27, 0.11, 0.0, 0.4], [0, 1, 0, 0, 0])
Episode: 61; Tool: [ 0.43025407 -0.65797627  1.96005893  2.91719389  0.98906589 -0.49796879
 -2.06899452 -1.34836543 -2.35844493  0.62842339]; Score: [-21.86325496]; Action: ([1.51, 1.45, 0.66, 0.22, 0.92], [2, 2, 0, 0, 1])
Episode: 62; Tool: [-12.7230196   14.30849934   6.41831779  -6.1270833   -7.56584454
   2.47573042  -8.86821938  -4.4846015   -5.25741673 -10.89686298]; Score: [-14.55628423]; Action: ([1.16, 1.08, 1.79, 0.38, 1.7], [1, 1, 2, 0, 2])
Episode: 63; Tool: [  0.36228177   1.2061758    7.45508385  -0.24751025   1.52489793
  -1.07910347  -7.1257205   -5.80938339 -11.10494423  -2.383564  ]; Score: [-20.73552748]; Action: ([0.11, 0.16, 1.79, 1.17, 0.96], [0, 0, 2, 1, 1])
Episode: 64; Tool: [-0.79734957 -1.03093195  1.65064859  2.98088479  1.44033718 -0.52584434
 -2.11792421 -0.92170829 -2.27917647  0.36004469]; Score: [-24.03585042]; Action: ([1.95, 0.81, 0.83, 0.0, 0.21], [2, 1, 1, 0, 0])
Episode: 65; Tool: [-6.05360079 -1.9403224  -3.33259058 -2.37877226 -1.0588572   1.54245305
  4.68359137 -2.21099377 -1.02706659 -3.87219477]; Score: [-19.77744055]; Action: ([1.23, 0.11, 0.0, 0.65, 0.84], [1, 0, 0, 0, 1])
Episode: 66; Tool: [-3.63251114 -2.11476851 -1.77765989  0.58635497  1.29083622  0.58147323
  0.21220906 -0.7133314  -1.16329646 -1.35398591]; Score: [-15.4986953]; Action: ([1.93, 1.48, 1.74, 0.65, 1.41], [2, 2, 2, 0, 2])
Episode: 67; Tool: [-10.4026947   12.49403286   6.08674002  -5.79440022  -5.43649912
   2.36390281  -7.62855625  -4.27344894  -6.54331779 -10.80099678]; Score: [-12.15355957]; Action: ([1.96, 0.21, 0.95, 1.56, 1.73], [2, 0, 1, 2, 2])
Episode: 68; Tool: [-7.61325741 -3.41908097 -4.20496655 -3.11022115 -3.14568353  1.4848783
 -0.63051641 -2.90589571  6.35108757  3.07049799]; Score: [-13.44057002]; Action: ([1.43, 1.45, 0.05, 0.19, 0.52], [2, 2, 0, 0, 0])
Episode: 69; Tool: [-10.90534019  12.6109972    5.87100887  -5.62264585  -6.11746979
   2.25937462  -7.75222969  -4.14177132  -5.60970497 -10.24872971]; Score: [-24.11300904]; Action: ([0.83, 1.18, 0.2, 0.17, 1.52], [1, 1, 0, 0, 2])
Episode: 70; Tool: [ 16.40101242  -3.88992858   9.9461565    8.89882946  -1.96452737
  -1.81986809  -7.46755266 -15.3019495  -15.93776321   1.64616644]; Score: [-24.40171228]; Action: ([0.04, 2.0, 0.39, 1.06, 1.85], [0, 2, 0, 1, 2])
Episode: 71; Tool: [-12.79099464  14.80987835   6.9618578   -6.53357792  -7.0212841
   2.77904582  -8.91189384  -4.89108896  -6.72898674 -12.11281776]; Score: [-24.74157697]; Action: ([0.26, 0.54, 0.35, 2.0, 0.34], [0, 0, 0, 2, 0])
Episode: 72; Tool: [ 1.73713827 -0.77362788  2.58908153  3.48773336  0.83280647 -0.4900873
 -2.63263798 -2.66103697 -3.13858151  1.10730278]; Score: [-23.90177143]; Action: ([0.53, 0.2, 0.35, 0.95, 1.17], [0, 0, 0, 1, 1])
Episode: 73; Tool: [-11.31756973  13.21964931   6.22346115  -5.93118382  -6.29563761
   2.41195583  -8.18807697  -4.34334755  -5.97194624 -10.80550194]; Score: [-14.59093236]; Action: ([1.45, 0.58, 2.0, 1.86, 0.19], [2, 0, 2, 2, 0])
Episode: 74; Tool: [-12.9780159   14.76248074   6.75753784  -6.3941288   -7.45270109
   2.65343046  -8.9739399   -4.74948692  -6.02742958 -11.62982559]; Score: [-29.89644371]; Action: ([0.23, 0.38, 0.0, 0.34, 1.12], [0, 0, 0, 0, 1])
Episode: 75; Tool: [-11.10501575  13.09546185   6.36686277  -5.82410145  -5.51175022
   2.59923506  -7.60732508  -4.49708319  -6.87411833 -11.26398563]; Score: [-25.70883679]; Action: ([0.71, 0.76, 1.87, 0.06, 0.0], [1, 1, 2, 0, 0])
Episode: 76; Tool: [ 1.34473002 -0.24313864  2.4405632   3.11276174  0.69999421 -0.84122962
 -2.62669325 -2.45134425 -3.17436886  0.97589481]; Score: [-23.89683534]; Action: ([0.88, 0.55, 0.09, 0.46, 1.45], [1, 0, 0, 0, 2])
Episode: 77; Tool: [-3.94101548 -2.84497976 -2.62296081 -0.4650619   1.23357034  0.9841398
  0.55932796 -0.23474097 -0.50345367 -1.32418418]; Score: [-23.17382754]; Action: ([0.16, 1.23, 0.31, 0.63, 0.96], [0, 1, 0, 0, 1])
Episode: 78; Tool: [ -7.25430012 -10.7176733   -2.2156117   -3.81694818  -2.64496017
  -1.60660601  -0.48654088  -1.21376276   0.41026857  10.06920242]; Score: [-9.86165416]; Action: ([0.41, 1.73, 0.74, 0.8, 1.15], [0, 2, 1, 1, 1])
Episode: 79; Tool: [-7.20801353  1.41852868  6.44267988 -3.3708837   1.46489096 -3.14986563
 -5.58966732 -0.32290858 -5.38837337 -0.82970631]; Score: [-20.28183658]; Action: ([1.22, 1.48, 0.95, 1.64, 0.02], [1, 2, 1, 2, 0])
Episode: 80; Tool: [-12.02731895  -6.46959972   0.18051513  -1.31817818   1.09783077
  -2.04415083  -0.9602651    8.99848938  -6.48147011   2.08700752]; Score: [-9.8704435]; Action: ([1.7, 1.01, 1.49, 0.64, 1.38], [2, 1, 2, 0, 2])
Episode: 81; Tool: [-5.3265667  -2.64248252 -4.59313869 -1.59877205  0.09169397  1.90740871
  3.23970652 -2.72008848 -1.30697429 -3.24654913]; Score: [-13.65605495]; Action: ([1.62, 0.31, 1.31, 0.96, 0.99], [2, 0, 1, 1, 1])
Episode: 82; Tool: [-8.06694508 -4.47530127 -6.90526199 -3.75412107 -1.04934859  2.58010221
  5.28891468 -4.4183569  -0.84887534 -4.31289864]; Score: [-18.96609257]; Action: ([1.22, 2.0, 1.28, 0.32, 1.74], [1, 2, 1, 0, 2])
Episode: 83; Tool: [-11.49822998 -15.59043217  -2.59248471  -7.06105995  -5.70625925
  -3.71534157   0.2791281   -2.32458353   2.62096238  16.61908722]; Score: [-11.1818581]; Action: ([1.88, 1.7, 0.77, 0.6, 0.87], [2, 2, 1, 0, 1])
Episode: 84; Tool: [-8.39602089 -4.59412098 -6.57379246 -2.73050952  0.30093625  3.06393051
  4.86238337 -2.73960304 -2.96785998 -6.1806469 ]; Score: [-18.30519841]; Action: ([0.45, 1.52, 1.08, 1.31, 0.91], [0, 2, 1, 1, 1])
Episode: 85; Tool: [-5.58336878 -3.56037641 -5.55933332 -1.61681366  0.44716114  2.29057074
  3.01419497 -2.89431763 -1.41582108 -3.50781155]; Score: [-19.9653342]; Action: ([0.91, 0.33, 1.11, 0.17, 0.87], [1, 0, 1, 0, 1])
Episode: 86; Tool: [-4.03478003 -1.55157697 -0.79753584  0.64421362  1.67888927  0.07534091
 -0.15539221  0.68608212 -0.86904615 -0.96308029]; Score: [-19.197785]; Action: ([1.82, 1.58, 0.64, 0.0, 1.18], [2, 2, 0, 0, 1])
Episode: 87; Tool: [-5.44323444 -3.63774371 -0.42514926 -1.58518052  0.10703656 -0.33185908
  0.41460869  4.66348505 -3.28756452  0.15823913]; Score: [-14.16567028]; Action: ([0.69, 1.0, 0.01, 2.0, 1.87], [1, 1, 0, 2, 2])
Episode: 88; Tool: [-7.20651245 -2.88955164 -5.32951927 -2.44303107  0.28613597  2.24188924
  4.22834969 -2.81565881 -3.83218503 -5.56505251]; Score: [-12.13676902]; Action: ([1.8, 0.28, 1.6, 0.97, 1.56], [2, 0, 2, 1, 2])
Episode: 89; Tool: [-12.28763962  -7.03049612  -1.04351759  -2.38791823  -1.65618658
  -1.07394612  -0.05631996   9.61025429  -5.92904615   1.80936825]; Score: [-11.78734752]; Action: ([1.46, 0.32, 0.31, 0.42, 0.79], [2, 0, 0, 0, 1])
Episode: 90; Tool: [-9.01297665 10.54024982  5.13860559 -4.97482014 -4.57560444  1.94040298
 -6.54457331 -3.50165367 -5.47634792 -9.01559925]; Score: [-15.94024282]; Action: ([0.59, 0.85, 1.81, 0.95, 1.22], [0, 1, 2, 1, 1])
Episode: 91; Tool: [ 16.40101242  -3.88992858   9.9461565    8.89882946  -1.96452737
  -1.81986809  -7.46755266 -15.3019495  -15.93776321   1.64616644]; Score: [-21.46382437]; Action: ([1.22, 0.86, 0.51, 1.49, 1.15], [1, 1, 0, 2, 1])
Episode: 92; Tool: [ 2.88965106 -0.78482938  3.4581511   4.37747622  0.63058698 -0.76235634
 -3.43245506 -3.85787964 -4.4716773   1.37406421]; Score: [-19.70867035]; Action: ([1.95, 1.72, 0.68, 0.26, 1.33], [2, 2, 1, 0, 1])
Episode: 93; Tool: [-3.51403093 -2.20880795 -1.38947523  0.42828614  1.54795563  0.39653492
 -0.22044103  0.51606041 -0.29787508 -0.73411071]; Score: [-15.62915696]; Action: ([1.36, 1.91, 1.05, 1.84, 0.65], [2, 2, 1, 2, 0])
Episode: 94; Tool: [-5.42519569 -2.69657731 -1.8004086  -0.43434525  1.906039    0.06966247
 -0.48376426  0.277374   -1.27697277 -0.53564835]; Score: [-23.47550786]; Action: ([1.4, 1.46, 1.15, 0.28, 0.0], [2, 2, 1, 0, 0])
Episode: 95; Tool: [ 16.40101242  -3.88992858   9.9461565    8.89882946  -1.96452737
  -1.81986809  -7.46755266 -15.3019495  -15.93776321   1.64616644]; Score: [-18.33595087]; Action: ([0.4, 1.03, 0.44, 1.18, 1.33], [0, 1, 0, 1, 1])
Episode: 96; Tool: [ 0.15914842 -0.79017174  1.85648322  2.98162413  1.06871152 -0.54374731
 -2.16274071 -1.52955782 -2.55689573  0.55694586]; Score: [-26.3986124]; Action: ([0.22, 0.05, 1.85, 0.68, 0.15], [0, 0, 2, 1, 0])
Episode: 97; Tool: [-6.71905661 -8.00218105 -1.45560062 -3.62470317 -3.52256036 -2.99526119
  1.80462384  0.44347495  0.05838143  8.82292843]; Score: [-14.78158128]; Action: ([1.69, 0.23, 0.64, 0.27, 0.0], [2, 0, 0, 0, 0])
Episode: 98; Tool: [-7.8613801  -4.77593422  1.07481313 -2.02241468  2.80812573  0.81370413
  0.45147353  7.21296692 -3.56127834 -3.54851437]; Score: [-12.62222727]; Action: ([1.77, 0.35, 1.86, 0.97, 0.5], [2, 0, 2, 1, 0])
Episode: 99; Tool: [-12.12009716  14.22323322   6.71457291  -6.49783373  -6.86591434
   2.56964588  -8.7776289   -4.73072433  -6.66686678 -11.84051609]; Score: [-20.58463634]; Action: ([1.08, 0.0, 1.6, 0.25, 1.17], [1, 0, 2, 0, 1])
Episode: 100; Tool: [-3.4675386  -2.02640772 -2.21316051 -1.54314637 -0.30388227  0.77144015
  2.08425093 -1.25519025  0.45668977 -0.95652556]; Score: [-17.42516566]; Action: ([1.0, 0.78, 0.89, 0.0, 1.59], [1, 1, 1, 0, 2])
Episode: 101; Tool: [-5.39152098 -4.5739665  -3.28947043 -0.75358641  1.93956137  1.9825778
  0.37744081  0.54031503 -0.2673353  -1.97902   ]; Score: [-16.33971363]; Action: ([0.58, 1.35, 1.47, 0.94, 1.87], [0, 2, 2, 1, 2])
Episode: 102; Tool: [-13.90747261 -17.612957    -1.28642964  -8.00937176  -4.61904907
  -5.17196417  -0.42807695  -0.94307834  -0.11415577  18.00434113]; Score: [-13.06144754]; Action: ([0.14, 1.77, 1.43, 1.47, 0.49], [0, 2, 2, 2, 0])
Episode: 103; Tool: [-4.60951185 -4.27227211 -4.50353479 -1.16376185  1.04470932  2.04360533
  1.5092386  -0.99729866 -0.37734342 -2.3400979 ]; Score: [-15.1050863]; Action: ([1.07, 1.38, 1.55, 1.23, 1.28], [1, 2, 2, 1, 1])
Episode: 104; Tool: [-7.88987684  3.98061562  6.91500473 -4.19395638  0.38861224 -2.12297273
 -6.12608099 -1.43763828 -6.50030041 -3.59975195]; Score: [-11.41366506]; Action: ([1.71, 1.44, 1.42, 1.22, 1.59], [2, 2, 2, 1, 2])
Episode: 105; Tool: [-3.36448336 -2.02338624 -2.40555882 -0.83250093  0.67802918  1.06229973
  1.33024645 -0.55063075 -0.97207367 -1.80039966]; Score: [-19.38415895]; Action: ([1.09, 0.9, 0.02, 1.12, 0.4], [1, 1, 0, 1, 0])
Episode: 106; Tool: [-4.89758205 -2.80987859 -1.87596929  0.03719649  1.8098892   0.72797024
  0.1811512   0.6004355  -0.81862944 -1.36392224]; Score: [-17.96984904]; Action: ([1.0, 0.09, 0.96, 0.64, 0.8], [1, 0, 1, 0, 1])
Episode: 107; Tool: [ 0.43025407 -0.65797627  1.96005893  2.91719389  0.98906589 -0.49796879
 -2.06899452 -1.34836543 -2.35844493  0.62842339]; Score: [-13.44445178]; Action: ([1.77, 0.7, 1.87, 0.71, 1.07], [2, 1, 2, 1, 1])
Episode: 108; Tool: [-5.8120203  -5.00704002 -4.25989389 -1.31184292  1.72781682  1.76299477
  0.71601689 -0.19817141 -0.54696763 -1.84884703]; Score: [-12.96516053]; Action: ([1.37, 0.45, 1.05, 1.07, 1.01], [2, 0, 1, 1, 1])
Episode: 109; Tool: [ -8.43341064 -11.04134846  -2.23199439  -4.29838467  -4.26505709
  -3.41080332   1.65068769   0.38149947  -0.01485554  11.68745518]; Score: [-11.80565488]; Action: ([0.94, 1.44, 0.79, 0.01, 0.21], [1, 2, 1, 0, 0])
Episode: 110; Tool: [ -8.43341064 -11.04134846  -2.23199439  -4.29838467  -4.26505709
  -3.41080332   1.65068769   0.38149947  -0.01485554  11.68745518]; Score: [-13.79013066]; Action: ([0.31, 0.47, 1.63, 0.6, 1.99], [0, 0, 2, 0, 2])
Episode: 111; Tool: [-4.48544216 -2.45429206 -0.5800572  -1.07431555  1.17303896  0.60662758
  1.11296058  2.76491618 -2.19499969 -2.37233925]; Score: [-12.32722135]; Action: ([0.25, 0.0, 0.97, 1.74, 0.91], [0, 0, 1, 2, 1])
Episode: 112; Tool: [  0.52165794   1.19639885   7.2727809    0.07157773   1.48422289
  -1.05333817  -6.98857594  -5.79985094 -10.69906235  -2.21245384]; Score: [-12.74023644]; Action: ([2.0, 0.56, 0.77, 1.96, 1.1], [2, 0, 1, 2, 1])
Episode: 113; Tool: [-4.30083466 -1.06763029  0.21832283  0.83062613  2.23957849 -0.23948582
 -1.55086553  1.06457329 -0.92089999 -0.50488812]; Score: [-17.65797705]; Action: ([1.93, 1.59, 0.0, 0.36, 1.64], [2, 2, 0, 0, 2])
Episode: 114; Tool: [-11.97271538  -5.9953866    1.32360435  -1.94500542   3.66871524
   0.04091419   0.9044866    9.92406654  -5.84247732  -3.30202103]; Score: [-9.14827731]; Action: ([0.53, 1.13, 1.02, 1.88, 1.08], [0, 1, 1, 2, 1])
Episode: 115; Tool: [-4.88778019 -6.35791445 -1.04789042 -3.14309955 -1.63670123 -1.47857809
 -0.12178136 -1.10366654  0.61389256  6.31383944]; Score: [-10.3020283]; Action: ([1.1, 1.4, 1.81, 0.63, 0.6], [1, 2, 2, 0, 0])
Episode: 116; Tool: [  1.77613783   0.56887388   7.52086544   0.87264889   1.22799289
  -1.26600134  -6.98297596  -6.59868193 -11.10987282  -1.33294046]; Score: [-18.72620462]; Action: ([0.76, 1.15, 1.86, 0.86, 0.45], [1, 1, 2, 1, 0])
Episode: 117; Tool: [-8.99968529 -8.5513382  -8.66811848 -1.94551492  1.20623815  4.63112068
  1.4391582  -1.70186365  1.63557947 -3.37025452]; Score: [-11.81412282]; Action: ([1.61, 1.2, 0.77, 0.87, 1.77], [2, 1, 1, 1, 2])
Episode: 118; Tool: [-5.08563566 -3.14861727 -3.76508379 -1.13887739  0.87058139  1.8225224
  2.20989799 -0.95359212 -1.54749823 -3.24548292]; Score: [-15.87153503]; Action: ([1.34, 0.05, 1.87, 0.68, 1.72], [2, 0, 2, 1, 2])
Episode: 119; Tool: [-5.38768911  3.49605203  2.49084044 -1.65194464 -1.43050337 -0.64977771
 -2.95697618 -0.40215793 -2.12681508 -2.54926157]; Score: [-27.28266168]; Action: ([0.64, 1.7, 0.07, 0.15, 1.54], [0, 2, 0, 0, 2])
Episode: 120; Tool: [-9.273983   -7.88484192  1.25547838 -4.33969069 -1.79009891 -3.07045221
 -2.45899248  0.38750571 -0.45424488  8.86405087]; Score: [-13.47251594]; Action: ([1.42, 1.68, 0.84, 1.82, 0.0], [2, 2, 1, 2, 0])
Episode: 121; Tool: [-4.42465925 -5.16942978 -5.21769857 -0.8800053   1.4747591   2.39350271
  0.77246392 -1.49091065  1.11443651 -0.62071955]; Score: [-22.94994081]; Action: ([1.41, 1.87, 1.63, 0.0, 1.02], [2, 2, 2, 0, 1])
Episode: 122; Tool: [-12.82190228  14.60053635   6.55338001  -6.4101305   -7.94670916
   2.40563297  -9.24084473  -4.56912279  -5.37123299 -11.17722321]; Score: [-16.00470242]; Action: ([1.26, 0.26, 0.96, 0.94, 1.75], [1, 0, 1, 1, 2])
Episode: 123; Tool: [-4.31799173 -1.68567777 -0.45140082 -0.20365825  1.93897521  0.12559797
 -1.10920203  0.90526009 -1.059618   -0.61178285]; Score: [-25.00623004]; Action: ([0.54, 0.19, 1.11, 0.0, 0.44], [0, 0, 1, 0, 0])
Episode: 124; Tool: [-3.69484806 -1.67514217 -0.94005167  0.36161947  1.59196925  0.21722175
 -0.36309212  0.53874677 -0.65101445 -0.78467822]; Score: [-11.54889579]; Action: ([1.48, 1.38, 0.47, 1.53, 1.64], [2, 2, 0, 2, 2])
Episode: 125; Tool: [-5.77898693 -1.95838475 -3.92041945 -2.51574779 -1.01933968  1.44490659
  4.29283476 -3.04375196 -0.89796126 -3.16362619]; Score: [-15.93034057]; Action: ([1.52, 1.86, 0.42, 0.98, 1.46], [2, 2, 0, 1, 2])
Episode: 126; Tool: [-4.66995525 -1.02629125  0.25885981 -0.19786242  2.2685411   0.72365278
 -1.83837843  0.92209357 -1.53006017 -1.84454978]; Score: [-11.9600586]; Action: ([1.94, 1.98, 1.09, 1.45, 1.61], [2, 2, 1, 2, 2])
Episode: 127; Tool: [-1.35227084 -0.93786669 -0.54489172  0.52914596  0.58416915 -0.24009386
 -0.16105939 -0.48960096 -1.20513463 -0.68840259]; Score: [-13.44114254]; Action: ([1.17, 0.09, 1.46, 1.77, 1.02], [1, 0, 2, 2, 1])
Episode: 128; Tool: [-11.96371555  13.6960144    6.32463408  -5.91289616  -6.70401144
   2.47165346  -8.188591    -4.45376921  -5.86449385 -10.93060398]; Score: [-15.52645011]; Action: ([1.34, 1.56, 1.29, 1.28, 0.89], [2, 2, 1, 1, 1])
Episode: 129; Tool: [ 16.40101242  -3.88992858   9.9461565    8.89882946  -1.96452737
  -1.81986809  -7.46755266 -15.3019495  -15.93776321   1.64616644]; Score: [-22.57878536]; Action: ([0.83, 1.68, 1.97, 0.09, 0.43], [1, 2, 2, 0, 0])
Episode: 130; Tool: [-10.18542385 -11.46890068 -11.39326     -2.83050466   2.10833311
   5.6526823    3.48574901  -2.22437024  -0.04671096  -5.97637796]; Score: [-15.09804018]; Action: ([1.51, 0.17, 0.81, 1.12, 0.62], [2, 0, 1, 1, 0])
Episode: 131; Tool: [-7.42590046 -3.91012597  0.03289041 -1.35262799  1.05601442 -0.33209431
  0.43268871  6.48789358 -3.20308757 -1.21758914]; Score: [-12.68424554]; Action: ([0.6, 1.17, 0.05, 0.53, 1.84], [0, 1, 0, 0, 2])
Episode: 132; Tool: [-4.93151379 -2.89014149 -1.44408715 -0.64420998  1.57996452  0.0061851
 -0.69045687  0.61737984 -1.41411769 -0.1477876 ]; Score: [-18.31677854]; Action: ([0.82, 1.03, 1.16, 1.59, 0.1], [1, 1, 1, 2, 0])
Episode: 133; Tool: [-3.90229225 -5.01292515 -4.07701349 -0.27999949  1.20407593  2.3488977
  1.02566731 -0.92169106 -0.47097152 -2.34805155]; Score: [-10.61322576]; Action: ([1.8, 0.72, 1.65, 1.51, 1.24], [2, 1, 2, 2, 1])
Episode: 134; Tool: [-4.30083466 -1.06763029  0.21832283  0.83062613  2.23957849 -0.23948582
 -1.55086553  1.06457329 -0.92089999 -0.50488812]; Score: [-16.84240531]; Action: ([1.85, 1.26, 0.25, 0.39, 1.23], [2, 1, 0, 0, 1])
Episode: 135; Tool: [-10.92307854 -15.26898766  -2.64633965  -4.17123795  -3.30203557
  -3.66704345  -0.79437387   0.58669859  -1.29221439  14.9961319 ]; Score: [-14.89934381]; Action: ([0.29, 0.25, 2.0, 0.25, 0.65], [0, 0, 2, 0, 0])
Episode: 136; Tool: [-4.07704973  0.71542549  2.74423862  0.65061694  1.18771338 -2.30540562
 -2.87401652  0.66875237 -3.4337523  -1.00542223]; Score: [-30.91465118]; Action: ([0.4, 0.02, 0.08, 0.51, 0.66], [0, 0, 0, 0, 0])
Episode: 137; Tool: [-8.45639992 -5.91888332 -8.36420822 -2.51028657  0.66817522  3.7416203
  4.4711318  -3.84008074 -1.89334083 -5.54059362]; Score: [-21.84110927]; Action: ([0.68, 0.99, 0.98, 0.18, 0.61], [1, 1, 1, 0, 0])
Episode: 138; Tool: [-8.90399933 10.74662495  5.49240541 -5.19160748 -3.86249852  2.29496002
 -6.6951251  -3.75650406 -6.39749241 -9.77575111]; Score: [-14.74133206]; Action: ([1.7, 0.44, 0.85, 0.88, 1.77], [2, 0, 1, 1, 2])
Episode: 139; Tool: [ 0.6151166   0.63330996  6.12421513  0.76207513  1.42571616 -1.11663783
 -5.85911751 -5.00876284 -8.76137352 -1.17461371]; Score: [-34.18129262]; Action: ([0.17, 0.18, 0.19, 0.04, 0.52], [0, 0, 0, 0, 0])
Episode: 140; Tool: [-7.94033337 -3.88939714  1.62777662 -0.36376005  3.47318864  0.24551015
 -0.69374067  6.49463081 -2.77750182 -2.77949667]; Score: [-12.48800411]; Action: ([0.3, 0.16, 0.79, 1.15, 0.15], [0, 0, 1, 1, 0])
Episode: 141; Tool: [-13.8086195   -7.93085337   0.89507478  -2.01028156   4.76124382
   0.10306601  -0.24058603  10.84586716  -5.57916069  -3.08743572]; Score: [-9.23999209]; Action: ([1.3, 0.47, 1.24, 0.74, 1.45], [1, 0, 1, 1, 2])
Episode: 142; Tool: [-1.85357332  0.37565354  3.8083241   0.21173781  1.49461126 -1.06167388
 -3.50718069 -2.02634144 -4.20836115 -0.55920744]; Score: [-23.62784742]; Action: ([0.6, 1.82, 0.15, 1.25, 1.16], [0, 2, 0, 1, 1])
Episode: 143; Tool: [-5.12450409 -1.7566278  -0.08475081  0.98197585  2.63736439  0.12516253
 -1.61996388  1.32818139 -0.85304004 -0.86912233]; Score: [-15.5907202]; Action: ([1.75, 1.24, 0.9, 0.0, 1.84], [2, 1, 1, 0, 2])
Episode: 144; Tool: [-12.7864666   14.58466816   6.61565018  -6.31920528  -7.64152527
   2.47561932  -8.8455162   -4.67960167  -5.823102   -11.4026947 ]; Score: [-24.09315617]; Action: ([0.47, 0.0, 1.3, 1.54, 0.06], [0, 0, 1, 2, 0])
Episode: 145; Tool: [-2.8742857  -0.46421906 -1.51557255 -0.81072634  0.07364838  0.51941895
  1.81511652 -1.01196742 -1.39808416 -1.84407938]; Score: [-17.75701835]; Action: ([1.82, 1.31, 0.96, 0.03, 1.06], [2, 1, 1, 0, 1])
Episode: 146; Tool: [-8.16302967 -9.32333279 -1.47902632 -3.59901357 -2.82475471 -3.00199437
  0.64427447  0.91493648 -0.71069163  9.55436134]; Score: [-11.6211585]; Action: ([1.04, 1.92, 0.55, 1.71, 1.34], [1, 2, 0, 2, 2])
Episode: 147; Tool: [-4.07356501e+00 -2.93768215e+00 -1.67302680e+00 -2.59500951e-01
  1.64549887e+00  7.78655171e-01  1.23863574e-03  9.93920505e-01
 -3.88197273e-01 -9.02156115e-01]; Score: [-10.42827658]; Action: ([1.75, 0.56, 1.06, 0.89, 1.56], [2, 0, 1, 1, 2])
Episode: 148; Tool: [-3.36448336 -2.02338624 -2.40555882 -0.83250093  0.67802918  1.06229973
  1.33024645 -0.55063075 -0.97207367 -1.80039966]; Score: [-19.32410188]; Action: ([1.22, 0.01, 0.26, 0.88, 0.58], [1, 0, 0, 1, 0])
Episode: 149; Tool: [-10.5135107   12.41035557   5.91403532  -5.7055769   -5.72021675
   2.29567313  -7.75157785  -4.15189695  -5.96734333 -10.40370369]; Score: [-24.2972741]; Action: ([1.12, 0.06, 0.85, 0.33, 0.7], [1, 0, 1, 0, 1])
Episode: 150; Tool: [-6.24424458 -1.94906449 -0.50160617 -0.02275136  2.46008658  0.05707689
 -0.9619953   1.11708248 -1.94730353 -1.28379691]; Score: [-17.18405658]; Action: ([1.05, 1.49, 1.48, 0.63, 1.51], [1, 2, 2, 0, 2])
Episode: 151; Tool: [-12.46681023  14.49917984   6.80325127  -6.47050762  -6.97717953
   2.65165091  -8.73754978  -4.82797337  -6.69603205 -11.95506668]; Score: [-14.95009364]; Action: ([1.25, 0.58, 1.72, 1.0, 0.95], [1, 0, 2, 1, 1])
Episode: 152; Tool: [-10.38654995  -4.85441875   0.7397427   -2.11078548   1.26163268
  -0.55048656  -0.50614363   8.06300735  -4.38537169  -1.23429167]; Score: [-9.98606378]; Action: ([1.26, 0.73, 1.01, 0.15, 1.52], [1, 1, 1, 0, 2])
Episode: 153; Tool: [-4.42465925 -5.16942978 -5.21769857 -0.8800053   1.4747591   2.39350271
  0.77246392 -1.49091065  1.11443651 -0.62071955]; Score: [-22.250325]; Action: ([0.3, 1.42, 0.22, 1.04, 0.79], [0, 2, 0, 1, 1])
Episode: 154; Tool: [-4.43329334 -2.04825568 -0.9938823  -0.02404529  1.96938086  0.96051061
 -0.8705501   0.65783119 -0.90180796 -1.76644504]; Score: [-17.19936285]; Action: ([1.98, 1.72, 1.72, 0.81, 0.95], [2, 2, 2, 1, 1])
Episode: 155; Tool: [-6.37663746 -2.23643231  0.55063874 -0.43185639  0.47735581 -1.31604052
 -1.48732901  3.70081377 -2.7049005   1.32166231]; Score: [-13.97016951]; Action: ([0.08, 0.13, 1.48, 0.24, 0.78], [0, 0, 2, 0, 1])
Episode: 156; Tool: [ 0.63654649 -0.76338387  1.87414074  2.79272151  0.85804152 -0.33831078
 -1.89298892 -1.35201931 -2.37911868  0.43727645]; Score: [-17.37427289]; Action: ([0.33, 1.71, 1.5, 1.85, 1.06], [0, 2, 2, 2, 1])
Episode: 157; Tool: [-7.8613801  -4.77593422  1.07481313 -2.02241468  2.80812573  0.81370413
  0.45147353  7.21296692 -3.56127834 -3.54851437]; Score: [-6.65114968]; Action: ([0.69, 0.95, 0.93, 0.74, 0.94], [1, 1, 1, 1, 1])
Episode: 158; Tool: [  1.62792683   0.69485462   7.74164057   0.70701569   1.26761079
  -1.25417352  -7.2297225   -6.64503384 -11.52040291  -1.58959651]; Score: [-22.38976957]; Action: ([1.51, 1.64, 0.47, 1.56, 0.0], [2, 2, 0, 2, 0])
Episode: 159; Tool: [-5.39269876 -3.16713119 -1.07953465  0.39035696  2.53459239  0.40688509
 -0.84189904  1.67226911 -0.42403802 -0.34320003]; Score: [-14.68153006]; Action: ([0.58, 0.23, 1.1, 0.91, 1.9], [0, 0, 1, 1, 2])
Episode: 160; Tool: [-3.42787361 -1.43208015  0.04724143 -0.50812232  0.76623464 -0.35006899
  0.15728007  2.22078252 -1.82974648 -0.27537656]; Score: [-8.53144552]; Action: ([0.23, 0.86, 0.81, 0.92, 0.78], [0, 1, 1, 1, 1])
Episode: 161; Tool: [-4.45785284 -2.0001626  -1.80954611 -0.52447635  1.32335663  0.45659661
  0.48346654 -0.09580346 -1.31926692 -1.27650058]; Score: [-23.7140457]; Action: ([0.31, 1.94, 1.22, 0.16, 1.66], [0, 2, 1, 0, 2])
Episode: 162; Tool: [-6.45544147 -2.49452519  0.64251477 -0.96740252  2.09240699  0.93069375
  1.29349935  4.17420626 -2.96867943 -3.1149168 ]; Score: [-12.90462056]; Action: ([1.54, 0.38, 1.18, 0.21, 1.83], [2, 0, 1, 0, 2])
Episode: 163; Tool: [ 16.40101242  -3.88992858   9.9461565    8.89882946  -1.96452737
  -1.81986809  -7.46755266 -15.3019495  -15.93776321   1.64616644]; Score: [-23.8912529]; Action: ([0.71, 0.2, 1.76, 1.07, 1.77], [1, 0, 2, 1, 2])
Episode: 164; Tool: [-4.34578323 -1.89834857 -1.15722752  0.60773408  1.75927281  0.38049984
 -0.02019994  0.59711474 -0.79347092 -1.19036412]; Score: [-12.44711843]; Action: ([1.29, 0.28, 1.24, 1.62, 0.96], [1, 0, 1, 2, 1])
Episode: 165; Tool: [-2.94310188 -1.7326144  -2.21980023 -1.44007754 -0.02428323  0.47777176
  1.94864297 -1.75686967 -0.4527742  -1.1358093 ]; Score: [-25.09005909]; Action: ([0.12, 1.82, 0.11, 1.59, 0.44], [0, 2, 0, 2, 0])
Episode: 166; Tool: [-9.01297665 10.54024982  5.13860559 -4.97482014 -4.57560444  1.94040298
 -6.54457331 -3.50165367 -5.47634792 -9.01559925]; Score: [-23.70737898]; Action: ([0.15, 1.7, 0.37, 1.61, 1.04], [0, 2, 0, 2, 1])
Episode: 167; Tool: [-12.55374336  14.69047165   7.07699156  -6.49254179  -6.42232943
   2.91233301  -8.58778858  -4.98577499  -7.37243223 -12.43899155]; Score: [-18.30557832]; Action: ([0.59, 0.69, 1.86, 1.01, 0.65], [0, 1, 2, 1, 0])
Episode: 168; Tool: [-9.33807373 -2.43390322 -2.78575587 -5.04185629 -5.91538858  0.90418053
  0.70910501 -2.3229208   8.63011551  3.20125103]; Score: [-14.2615033]; Action: ([1.85, 2.0, 0.73, 1.35, 1.85], [2, 2, 1, 2, 2])
Episode: 169; Tool: [  1.0510335    0.83873534   7.17517328   0.50702375   1.37046719
  -1.16675413  -6.78572035  -5.99303246 -10.54273033  -1.68452621]; Score: [-24.09503408]; Action: ([1.13, 1.67, 0.43, 0.44, 0.85], [1, 2, 0, 0, 1])
Episode: 170; Tool: [-2.20499492 -0.76197314 -0.00304691  1.2591114   1.22823906 -0.25447214
 -0.58270919 -0.03869622 -0.95640665 -0.319886  ]; Score: [-20.58163512]; Action: ([1.45, 1.07, 0.36, 0.25, 1.41], [2, 1, 0, 0, 2])
Episode: 171; Tool: [-12.95057106  14.78575134   6.72930384  -6.49523115  -7.73069954
   2.55212855  -9.18575287  -4.72867107  -5.852777   -11.57230377]; Score: [-17.6246618]; Action: ([1.47, 1.89, 1.15, 0.65, 1.34], [2, 2, 1, 0, 2])
Episode: 172; Tool: [-6.1048336  -7.78207922 -1.25652611 -3.69828415 -2.66519642 -2.27030897
  0.91720271 -0.72786415  0.78073913  8.16630554]; Score: [-12.3139663]; Action: ([0.75, 2.0, 1.65, 0.66, 1.5], [1, 2, 2, 0, 2])
Episode: 173; Tool: [-5.08563566 -3.14861727 -3.76508379 -1.13887739  0.87058139  1.8225224
  2.20989799 -0.95359212 -1.54749823 -3.24548292]; Score: [-21.31246763]; Action: ([1.56, 1.42, 0.3, 0.61, 0.25], [2, 2, 0, 0, 0])
Episode: 174; Tool: [-3.84465337 -4.33277178 -4.17636633 -0.62323898  1.29730594  2.03963995
  0.82208896 -0.7891342   0.76415098 -1.04701638]; Score: [-17.47990652]; Action: ([0.62, 1.85, 0.13, 1.67, 1.66], [0, 2, 0, 2, 2])
Episode: 175; Tool: [  3.50499344  -0.17176238   7.61096382   2.27345085   1.02330863
  -1.34888959  -6.83819437  -7.63588047 -10.89103413  -0.29208791]; Score: [-20.22191343]; Action: ([0.3, 0.19, 1.92, 0.38, 1.74], [0, 0, 2, 0, 2])
Episode: 176; Tool: [ 0.08461246 -0.45299551  1.2848618   2.13374639  0.79665327 -0.41661704
 -1.43722725 -1.07977605 -1.80860829  0.39156264]; Score: [-18.91416128]; Action: ([0.96, 0.81, 1.37, 0.78, 0.6], [1, 1, 2, 1, 0])
Episode: 177; Tool: [ -8.84440041  -9.9733839  -10.42755127  -2.6616497    1.77294683
   4.83285952   2.89789772  -2.71596932   0.19161963  -4.60088968]; Score: [-12.20933593]; Action: ([1.13, 1.21, 1.55, 1.5, 1.7], [1, 1, 2, 2, 2])
Episode: 178; Tool: [  3.53555179  -0.19395187   7.87399101   2.05341554   1.03791416
  -1.45188236  -6.99447536  -7.88395596 -11.31807041  -0.3475951 ]; Score: [-25.66818443]; Action: ([0.54, 0.53, 0.73, 0.69, 0.36], [0, 0, 1, 1, 0])
Episode: 179; Tool: [-10.5821476   12.7525177    6.38465214  -5.81235981  -4.88594532
   2.64547777  -7.31129789  -4.52418756  -7.47355127 -11.47973633]; Score: [-22.53779005]; Action: ([0.69, 0.0, 0.9, 1.63, 0.37], [1, 0, 1, 2, 0])
Episode: 180; Tool: [-4.75243425 -3.13890719 -0.71078962 -1.37414312  0.31291521 -0.03401415
  0.95373857  3.81286669 -2.86871505 -0.62124908]; Score: [-11.64594148]; Action: ([0.47, 0.71, 1.27, 0.32, 0.2], [0, 1, 1, 0, 0])
Episode: 181; Tool: [-7.59275436  3.80778003  4.9822998  -2.4881103   0.80778885 -1.13090587
 -4.9085083  -0.05084275 -5.54504156 -3.90129375]; Score: [-17.37282729]; Action: ([0.03, 1.1, 1.59, 1.04, 1.78], [0, 1, 2, 1, 2])
Episode: 182; Tool: [  0.2917113    1.41550326   8.00028992  -0.26584393   1.57584119
  -1.02452075  -7.75073385  -6.04965591 -12.04149628  -2.74179506]; Score: [-25.60773729]; Action: ([0.48, 1.77, 1.62, 0.31, 0.36], [0, 2, 2, 0, 0])
Episode: 183; Tool: [-8.65240192 -4.88666773  0.14839284 -1.68516755  1.18630898 -1.0668813
 -0.09896708  6.96329975 -4.81764174  0.29236382]; Score: [-9.17549158]; Action: ([0.81, 1.53, 1.02, 1.79, 1.08], [1, 2, 1, 2, 1])
Episode: 184; Tool: [-9.69892597 -4.76426649  0.02620451 -1.17563844  0.2775484  -1.6531167
 -0.90966177  6.98006678 -4.82549191  1.78902936]; Score: [-7.4472286]; Action: ([1.39, 1.2, 1.43, 1.0, 1.01], [2, 1, 2, 1, 1])
Episode: 185; Tool: [ -9.33309555  11.13140678   5.66678333  -5.11196327  -3.71304059
   2.54592419  -6.55065393  -3.96364617  -6.71310616 -10.15986061]; Score: [-22.83193795]; Action: ([0.37, 0.46, 0.36, 1.49, 0.93], [0, 0, 0, 2, 1])
Episode: 186; Tool: [  0.6478014    1.06066597   7.14061165   0.41948098   1.51000047
  -1.01888752  -6.89487171  -5.76798439 -10.39282036  -1.90622056]; Score: [-15.52839682]; Action: ([1.57, 1.35, 0.87, 1.63, 0.71], [2, 2, 1, 2, 1])
Episode: 187; Tool: [-9.33807373 -2.43390322 -2.78575587 -5.04185629 -5.91538858  0.90418053
  0.70910501 -2.3229208   8.63011551  3.20125103]; Score: [-13.87872029]; Action: ([0.11, 1.94, 1.4, 0.28, 1.28], [0, 2, 2, 0, 1])
Episode: 188; Tool: [  3.06112218   0.0116857    7.61302757   1.71311021   1.03716111
  -1.33990312  -6.84939575  -7.41947269 -11.04853725  -0.55284846]; Score: [-17.15178029]; Action: ([1.2, 0.74, 1.66, 0.15, 1.46], [1, 1, 2, 0, 2])
Episode: 189; Tool: [-10.00490189 -14.69572639  -3.0736835   -6.12689447  -4.89012623
  -3.06823397   0.69147766  -1.79786491   1.4333303   14.77216339]; Score: [-12.87581733]; Action: ([1.95, 1.71, 0.93, 1.44, 0.29], [2, 2, 1, 2, 0])
Episode: 190; Tool: [ -7.85883284 -10.94441509  -2.88997412  -3.74703836  -2.66821289
  -2.34608102   0.61087674   0.44421071  -1.03448164  10.03550911]; Score: [-7.3368201]; Action: ([0.76, 1.22, 0.87, 1.36, 1.09], [1, 1, 1, 2, 1])
Episode: 191; Tool: [-7.85257339 -8.20115376 -0.22126894 -4.98987389 -1.94615769 -2.34002066
 -0.96093374 -1.2850796   0.82993335  8.37565422]; Score: [-11.57618465]; Action: ([0.75, 1.78, 1.73, 0.6, 0.63], [1, 2, 2, 0, 0])
Episode: 192; Tool: [-8.01266098 -2.3392632  -2.94796348 -3.84782195 -4.45208311  1.05195427
  0.25252548 -2.0422051   6.94258118  2.49301147]; Score: [-15.00254296]; Action: ([1.62, 0.13, 2.0, 1.0, 0.03], [2, 0, 2, 1, 0])
Episode: 193; Tool: [-5.11857414 -2.95730495 -4.00623369 -1.38875818  0.62304395  1.84984231
  2.59027672 -1.35327172 -1.88779354 -3.61619663]; Score: [-20.06846934]; Action: ([0.81, 1.88, 0.12, 1.16, 1.13], [1, 2, 0, 1, 1])
Episode: 194; Tool: [ 0.37393031 -0.66960609  2.11252809  3.27665687  1.08277547 -0.71298534
 -2.48369408 -1.98083019 -2.89330792  0.81365269]; Score: [-26.44212103]; Action: ([1.59, 1.63, 0.51, 0.43, 0.0], [2, 2, 0, 0, 0])
Episode: 195; Tool: [-6.44511461 -0.54286623  9.82523727 -2.78655648  3.92048979 -3.99910426
 -8.22223473 -3.62239027 -8.06662941  0.65070021]; Score: [-31.53294401]; Action: ([0.2, 1.16, 0.03, 0.16, 0.66], [0, 1, 0, 0, 0])
Episode: 196; Tool: [-8.65240192 -4.88666773  0.14839284 -1.68516755  1.18630898 -1.0668813
 -0.09896708  6.96329975 -4.81764174  0.29236382]; Score: [-13.00883194]; Action: ([1.81, 0.73, 0.29, 0.58, 0.22], [2, 1, 0, 0, 0])
Episode: 197; Tool: [-5.35869598 -0.69980597 -1.61598945 -2.42595649 -3.36835527  0.38902515
 -0.20854996 -1.28092015  4.58807659  1.62187266]; Score: [-8.06125198]; Action: ([0.77, 1.4, 1.34, 1.0, 0.66], [1, 2, 2, 1, 0])
Episode: 198; Tool: [-4.84578276 -2.85727096 -4.50638962 -1.81621361 -0.07726166  1.67323995
  2.86791277 -2.56983113 -0.88238001 -2.77867794]; Score: [-22.31733373]; Action: ([0.08, 0.1, 1.86, 1.59, 0.57], [0, 0, 2, 2, 0])
Episode: 199; Tool: [ 16.40101242  -3.88992858   9.9461565    8.89882946  -1.96452737
  -1.81986809  -7.46755266 -15.3019495  -15.93776321   1.64616644]; Score: [-19.59698543]; Action: ([1.86, 0.31, 1.41, 0.27, 0.52], [2, 0, 2, 0, 0])
Episode: 200; Tool: [-4.48544216 -2.45429206 -0.5800572  -1.07431555  1.17303896  0.60662758
  1.11296058  2.76491618 -2.19499969 -2.37233925]; Score: [-11.17336937]; Action: ([1.19, 0.46, 1.21, 1.92, 1.49], [1, 0, 1, 2, 2])
Episode: 201; Tool: [-3.48702526  0.37674156  3.43297744 -1.44812703  1.45257866 -2.23645949
 -3.08277726 -0.53039449 -3.81216884 -0.60178339]; Score: [-14.29686108]; Action: ([0.9, 2.0, 1.8, 2.0, 1.15], [1, 2, 2, 2, 1])
Episode: 202; Tool: [-10.4026947   12.49403286   6.08674002  -5.79440022  -5.43649912
   2.36390281  -7.62855625  -4.27344894  -6.54331779 -10.80099678]; Score: [-17.04553445]; Action: ([1.39, 1.18, 0.89, 1.51, 0.48], [2, 1, 1, 2, 0])
Episode: 203; Tool: [-5.65359402 -3.92397141 -1.38649547 -1.89937758  0.76256597  0.52366263
  1.27245712  3.60074782 -3.04570341 -1.87134659]; Score: [-12.24626434]; Action: ([0.94, 1.92, 0.37, 1.58, 0.49], [1, 2, 0, 2, 0])
Episode: 204; Tool: [-5.35869598 -0.69980597 -1.61598945 -2.42595649 -3.36835527  0.38902515
 -0.20854996 -1.28092015  4.58807659  1.62187266]; Score: [-10.76574264]; Action: ([1.28, 0.12, 0.83, 1.69, 0.84], [1, 0, 1, 2, 1])
Episode: 205; Tool: [-9.33807373 -2.43390322 -2.78575587 -5.04185629 -5.91538858  0.90418053
  0.70910501 -2.3229208   8.63011551  3.20125103]; Score: [-11.64176219]; Action: ([1.25, 0.21, 0.53, 0.67, 0.28], [1, 0, 0, 1, 0])
Episode: 206; Tool: [-10.47342396   1.42190647  -1.48875701  -5.74292803  -9.62235641
  -0.25426984  -1.1917963   -3.03977513  10.25990105   4.06025362]; Score: [-10.96171664]; Action: ([1.11, 0.29, 0.73, 1.24, 1.91], [1, 0, 1, 1, 2])
Episode: 207; Tool: [-4.48544216 -2.45429206 -0.5800572  -1.07431555  1.17303896  0.60662758
  1.11296058  2.76491618 -2.19499969 -2.37233925]; Score: [-10.83344056]; Action: ([0.86, 0.16, 1.2, 1.2, 0.2], [1, 0, 1, 1, 0])
Episode: 208; Tool: [-13.11358261  14.99114323   6.80495596  -6.56355381  -7.90110731
   2.54979706  -9.21526337  -4.80841494  -5.96345806 -11.74127865]; Score: [-21.96815954]; Action: ([0.38, 0.5, 1.79, 0.65, 0.58], [0, 0, 2, 0, 0])
Episode: 209; Tool: [-8.00401211 -1.25186443 -2.26377511 -4.19712543 -5.48748255  0.54356384
  0.10163571 -2.15438366  7.40096807  2.82553053]; Score: [-10.22946401]; Action: ([0.32, 1.31, 0.66, 0.31, 1.01], [0, 1, 0, 0, 1])
Episode: 210; Tool: [  0.68203974   1.33548248   7.94032288   0.03800982   1.46636248
  -1.00875103  -7.67764997  -6.2291975  -11.92590714  -2.53942347]; Score: [-14.34298782]; Action: ([1.91, 0.59, 1.04, 1.51, 0.73], [2, 0, 1, 2, 1])
Episode: 211; Tool: [-4.3765502   4.57402325  4.66718245 -2.30114102 -0.14909008  0.45112616
 -5.16617584 -2.28117967 -6.94844723 -5.17707396]; Score: [-13.14198461]; Action: ([0.34, 0.89, 1.41, 1.98, 1.87], [0, 1, 2, 2, 2])
Episode: 212; Tool: [  0.6478014    1.06066597   7.14061165   0.41948098   1.51000047
  -1.01888752  -6.89487171  -5.76798439 -10.39282036  -1.90622056]; Score: [-18.60700417]; Action: ([0.67, 2.0, 0.6, 1.56, 1.84], [1, 2, 0, 2, 2])
Episode: 213; Tool: [-4.6683073  -2.55012798 -1.78699982 -0.26592112  1.69112337  1.08294225
  0.02946102  0.43487045 -1.03431356 -2.05728817]; Score: [-13.33556201]; Action: ([1.86, 0.08, 1.98, 1.03, 1.69], [2, 0, 2, 1, 2])
Episode: 214; Tool: [-3.57709289 -1.806229   -0.2303534  -0.47606307  0.15130797 -0.52900696
  0.09646919  2.42291355 -2.06679869  0.59486675]; Score: [-11.3912414]; Action: ([1.95, 0.69, 1.22, 1.52, 1.45], [2, 1, 1, 2, 2])
Episode: 215; Tool: [ 16.40101242  -3.88992858   9.9461565    8.89882946  -1.96452737
  -1.81986809  -7.46755266 -15.3019495  -15.93776321   1.64616644]; Score: [-28.10092188]; Action: ([1.65, 1.47, 0.22, 1.45, 1.74], [2, 2, 0, 2, 2])
Episode: 216; Tool: [-14.98121643  -2.26217961  -4.64188528  -6.95356274  -9.88229656
   1.72237062  -0.9658556   -3.78763866  13.08633041   4.4489212 ]; Score: [-13.86455432]; Action: ([1.8, 0.26, 0.4, 0.59, 0.25], [2, 0, 0, 0, 0])
Episode: 217; Tool: [-7.4766531   8.07182598  4.56104708 -3.18766069 -1.62010026  1.67812061
 -5.0184865  -2.65936065 -5.5382576  -7.52433586]; Score: [-20.04326191]; Action: ([1.71, 1.76, 1.72, 0.5, 0.28], [2, 2, 2, 0, 0])
Episode: 218; Tool: [-7.07601595 -4.5881319  -3.87255907 -1.76777983  1.86504698  2.58446002
  0.93957651 -0.01168203 -2.11769199 -4.59276104]; Score: [-17.3804694]; Action: ([0.97, 0.09, 0.96, 0.23, 1.59], [1, 0, 1, 0, 2])
Episode: 219; Tool: [  0.52165794   1.19639885   7.2727809    0.07157773   1.48422289
  -1.05333817  -6.98857594  -5.79985094 -10.69906235  -2.21245384]; Score: [-14.22386205]; Action: ([1.0, 0.71, 1.6, 1.75, 0.76], [1, 1, 2, 2, 1])
Episode: 220; Tool: [-5.38853312 -2.26055622  0.89232117 -0.34861809  2.13147831  0.55847216
  0.39676023  4.04015303 -2.06919718 -2.35367346]; Score: [-11.3197503]; Action: ([1.67, 1.14, 1.95, 0.74, 1.36], [2, 1, 2, 1, 2])
Episode: 221; Tool: [-5.44323444 -3.63774371 -0.42514926 -1.58518052  0.10703656 -0.33185908
  0.41460869  4.66348505 -3.28756452  0.15823913]; Score: [-12.6759845]; Action: ([0.97, 0.4, 0.05, 1.43, 0.21], [1, 0, 0, 2, 0])
Episode: 222; Tool: [-4.58351898 -2.05323362 -1.28548491 -0.01881054  1.84004128  0.80128753
 -0.49406645  0.41043863 -1.07268643 -1.79973888]; Score: [-14.2173737]; Action: ([1.91, 1.84, 1.5, 1.55, 1.01], [2, 2, 2, 2, 1])
Episode: 223; Tool: [-3.02502275  3.37790871  6.04563475 -1.20000029  0.76136017 -0.07229947
 -6.84198999 -3.18554497 -8.8394146  -4.17618513]; Score: [-25.70584242]; Action: ([0.88, 1.13, 0.45, 0.79, 0.07], [1, 1, 0, 1, 0])
Episode: 224; Tool: [-6.07914734 -1.44736314 -1.76289594 -3.23809576 -3.80622411  0.44674808
  0.49516907 -1.47883844  5.58103657  2.10103655]; Score: [-12.54877909]; Action: ([1.55, 1.78, 0.21, 1.44, 1.31], [2, 2, 0, 2, 1])
Episode: 225; Tool: [-7.45522213 -0.00849847 -1.63791668 -3.93699288 -5.93158627  0.11289598
 -0.46081027 -2.145468    7.03640175  2.79497814]; Score: [-13.58531706]; Action: ([1.2, 0.0, 0.85, 1.87, 0.18], [1, 0, 1, 2, 0])
Episode: 226; Tool: [-4.46962357 -2.38584805 -1.45483267  0.37793452  1.88385463  0.28598934
 -0.3810817   0.57650095 -0.52954024 -0.63551801]; Score: [-16.97714886]; Action: ([1.5, 1.14, 1.73, 0.61, 1.03], [2, 1, 2, 0, 1])
Episode: 227; Tool: [-8.32248306 -3.77550006 -6.2176137  -1.78754354  0.53089261  3.33567357
  5.36175585 -2.64999199 -3.78030777 -7.32864428]; Score: [-15.92151319]; Action: ([0.39, 1.56, 1.63, 1.67, 1.94], [0, 2, 2, 2, 2])
Episode: 228; Tool: [-5.11857414 -2.95730495 -4.00623369 -1.38875818  0.62304395  1.84984231
  2.59027672 -1.35327172 -1.88779354 -3.61619663]; Score: [-19.1109886]; Action: ([0.0, 0.57, 0.63, 0.8, 1.52], [0, 0, 0, 1, 2])
Episode: 229; Tool: [-7.00718355 -7.62640047 -0.93934983 -3.68269753 -1.59150863 -1.39688504
 -1.69896078 -1.4475621   0.90296912  7.38593578]; Score: [-12.73570582]; Action: ([1.14, 0.15, 0.38, 1.45, 1.81], [1, 0, 0, 2, 2])
Episode: 230; Tool: [-11.30195999  -7.11534977  -0.97618091  -2.29853511  -0.945364
  -1.08520842   0.1754293    9.1522131   -6.19839144   1.8172195 ]; Score: [-15.64245556]; Action: ([0.65, 0.0, 0.05, 0.0, 0.58], [0, 0, 0, 0, 0])
Episode: 231; Tool: [-12.31402969  13.85480118   6.85423565  -7.10426235  -6.59174156
   2.46278     -9.23246765  -4.29503822  -6.92285538 -11.71095371]; Score: [-16.52739341]; Action: ([1.24, 1.24, 1.04, 1.54, 0.56], [1, 1, 1, 2, 0])
Episode: 232; Tool: [-0.89114654 -1.30121732  1.10832441  2.52560925  1.31310928 -0.20149821
 -1.66727638 -0.76370853 -1.9234916   0.10623246]; Score: [-24.06417157]; Action: ([0.08, 1.17, 0.72, 1.17, 0.63], [0, 1, 1, 1, 0])
Episode: 233; Tool: [-12.31285095  14.28507423   6.63626432  -6.31750631  -7.0866437
   2.49839067  -8.54808617  -4.69764996  -6.40349579 -11.62872124]; Score: [-15.02162955]; Action: ([0.57, 0.92, 1.85, 0.67, 1.93], [0, 1, 2, 0, 2])
Episode: 234; Tool: [-13.2162056   15.60144138   7.47630501  -7.1817708   -7.28085232
   2.94956779  -9.6903019   -5.20979738  -7.50704432 -13.1302948 ]; Score: [-28.27739028]; Action: ([0.7, 0.9, 0.06, 0.33, 0.55], [1, 1, 0, 0, 0])
Episode: 235; Tool: [-7.42590046 -3.91012597  0.03289041 -1.35262799  1.05601442 -0.33209431
  0.43268871  6.48789358 -3.20308757 -1.21758914]; Score: [-9.42024165]; Action: ([0.78, 0.92, 0.0, 1.33, 0.99], [1, 1, 0, 1, 1])
Episode: 236; Tool: [-4.58351898 -2.05323362 -1.28548491 -0.01881054  1.84004128  0.80128753
 -0.49406645  0.41043863 -1.07268643 -1.79973888]; Score: [-10.36022998]; Action: ([1.68, 0.46, 0.31, 1.35, 1.75], [2, 0, 0, 2, 2])
Episode: 237; Tool: [-10.24155807  12.28536987   6.05658722  -5.68343782  -5.03287315
   2.43848324  -7.34915686  -4.26115608  -6.8113308  -10.85757637]; Score: [-9.45791668]; Action: ([2.0, 1.65, 1.49, 1.84, 1.55], [2, 2, 2, 2, 2])
Episode: 238; Tool: [  2.88676262   0.01846084   7.12269115   1.97539282   1.05737507
  -1.36513841  -6.45192289  -7.01764345 -10.15131855  -0.32341301]; Score: [-18.39848307]; Action: ([0.13, 0.91, 1.37, 0.88, 1.64], [0, 1, 2, 1, 2])
Episode: 239; Tool: [-12.68350792  -0.83507621  -2.77569795  -6.65815258  -9.69880581
   0.67926061  -0.31451365  -3.05587959  11.93365097   4.24076319]; Score: [-12.0596911]; Action: ([2.0, 1.55, 1.52, 1.21, 1.38], [2, 2, 2, 1, 2])
Episode: 240; Tool: [ 16.40101242  -3.88992858   9.9461565    8.89882946  -1.96452737
  -1.81986809  -7.46755266 -15.3019495  -15.93776321   1.64616644]; Score: [-21.55948279]; Action: ([1.97, 0.64, 0.27, 1.73, 0.0], [2, 0, 0, 2, 0])
Episode: 241; Tool: [-4.83560848 -1.28590989 -2.05335355 -1.92394876 -2.33037758  0.65462351
 -0.19664191 -1.25392473  3.82432151  1.35442102]; Score: [-12.15000493]; Action: ([0.66, 0.68, 2.0, 0.82, 1.8], [0, 1, 2, 1, 2])
Episode: 242; Tool: [-5.02632046 -2.31915331 -0.8970626  -0.28770468  2.22966194  0.62269586
 -1.15813184  0.90032482 -1.00110018 -0.99806094]; Score: [-14.48438391]; Action: ([1.75, 0.86, 0.41, 0.23, 1.86], [2, 1, 0, 0, 2])
Episode: 243; Tool: [-6.14565563e+00 -2.64055681e+00  1.45200491e-02  7.72174001e-01
  3.07743478e+00  3.97400558e-03 -1.64284527e+00  2.31926870e+00
 -9.60683703e-01 -4.53710258e-01]; Score: [-9.20383376]; Action: ([0.9, 0.64, 1.14, 1.97, 1.82], [1, 0, 1, 2, 2])
Episode: 244; Tool: [-9.79830933 11.59387207  5.59702349 -5.34919405 -5.07363415  2.20423698
 -7.14221478 -3.93472767 -5.93124676 -9.93932915]; Score: [-22.88423381]; Action: ([0.64, 0.53, 0.49, 0.98, 0.81], [0, 0, 0, 1, 1])
Episode: 245; Tool: [-7.4766531   8.07182598  4.56104708 -3.18766069 -1.62010026  1.67812061
 -5.0184865  -2.65936065 -5.5382576  -7.52433586]; Score: [-13.81468459]; Action: ([0.76, 0.96, 1.76, 1.03, 1.48], [1, 1, 2, 1, 2])
Episode: 246; Tool: [-5.16868448 -2.82361412 -3.70519781 -1.33259583  0.47517711  1.52011693
  2.71730471 -0.78840446 -2.18552017 -3.34363317]; Score: [-18.58000266]; Action: ([1.58, 0.97, 1.3, 0.27, 0.61], [2, 1, 1, 0, 0])
Episode: 247; Tool: [-7.86442471 -7.14698792 -8.04986095 -1.91530252  1.40929127  3.97386265
  3.27125025 -2.32664418 -0.76515609 -4.74772024]; Score: [-23.57366453]; Action: ([0.17, 1.25, 1.75, 0.93, 0.6], [0, 1, 2, 1, 0])
Episode: 248; Tool: [-4.8815999  -5.13973904 -0.23533432 -3.39701891 -2.00942612 -2.38803792
  1.14790463 -0.0517258  -0.08754796  5.70048666]; Score: [-7.8510166]; Action: ([0.69, 1.19, 1.21, 0.69, 1.24], [1, 1, 1, 1, 1])
Episode: 249; Tool: [-5.20105696 -2.52184892 -2.61609292 -2.01197791 -1.72577274  1.11964452
  0.45140859 -0.99770951  3.6748836   0.85045934]; Score: [-13.96821507]; Action: ([0.03, 1.78, 2.0, 0.73, 1.14], [0, 2, 2, 1, 1])
Episode: 250; Tool: [-5.63304615  5.44810343  2.97722173 -2.62248969 -3.03906131  0.03438444
 -3.46008229 -1.69290829 -2.36622787 -3.96081114]; Score: [-17.91088918]; Action: ([1.71, 1.54, 0.41, 0.52, 2.0], [2, 2, 0, 0, 2])
Episode: 251; Tool: [-2.51875067 -2.51758528 -1.87220144  0.1875186   1.04547024  1.02679121
  0.36923543  0.11191971 -0.07415543 -1.11182964]; Score: [-16.05594462]; Action: ([0.94, 1.23, 0.48, 1.74, 0.65], [1, 1, 0, 2, 0])
Episode: 252; Tool: [-4.44723606 -3.22357106 -1.69160521  0.46078426  1.96012163  0.77602053
 -0.29080203  0.7435115  -0.5285868  -1.01870084]; Score: [-24.91001218]; Action: ([0.72, 1.42, 0.13, 0.92, 0.03], [1, 2, 0, 1, 0])
Episode: 253; Tool: [  2.01016569   0.51078629   7.42850399   0.96967834   1.18543291
  -1.23983908  -6.85070992  -6.74403429 -10.8769722   -1.17511094]; Score: [-25.03283427]; Action: ([1.05, 0.99, 0.06, 0.66, 0.54], [1, 1, 0, 0, 0])
Episode: 254; Tool: [-12.95057106  14.78575134   6.72930384  -6.49523115  -7.73069954
   2.55212855  -9.18575287  -4.72867107  -5.852777   -11.57230377]; Score: [-28.82422908]; Action: ([0.0, 1.48, 0.87, 0.0, 0.98], [0, 2, 1, 0, 1])
Episode: 255; Tool: [-6.97499371 -3.12612414  0.09843378 -0.81025869  0.06753692 -1.37470257
 -1.06394255  4.51218557 -3.43564558  1.71154964]; Score: [-10.78460692]; Action: ([0.83, 1.07, 0.82, 1.69, 2.0], [1, 1, 1, 2, 2])
Episode: 256; Tool: [-5.19251537 -1.71831667 -3.54201269 -1.8699801  -0.2666007   1.22644365
  3.45956039 -1.98795295 -2.40373206 -3.5848155 ]; Score: [-12.2082522]; Action: ([1.97, 2.0, 0.93, 1.3, 1.7], [2, 2, 1, 1, 2])
Episode: 257; Tool: [ -9.56093121 -12.92126656  -2.88594031  -4.35902786  -3.96040177
  -2.96846437   0.69319904  -0.1436643    0.39364061  12.9417305 ]; Score: [-15.20691912]; Action: ([0.35, 0.89, 1.8, 2.0, 0.0], [0, 1, 2, 2, 0])
Episode: 258; Tool: [ 0.5159322  -0.91326618  2.44056869  3.57953191  1.19621444 -0.5099315
 -2.53774786 -1.60254729 -2.90475345  0.67950201]; Score: [-16.28894401]; Action: ([0.32, 1.96, 1.53, 1.67, 1.85], [0, 2, 2, 2, 2])
Episode: 259; Tool: [-5.19251537 -1.71831667 -3.54201269 -1.8699801  -0.2666007   1.22644365
  3.45956039 -1.98795295 -2.40373206 -3.5848155 ]; Score: [-9.72129248]; Action: ([1.93, 0.67, 0.47, 0.97, 1.95], [2, 1, 0, 1, 2])
Episode: 260; Tool: [-3.09584689 -1.1991688  -0.80328339  0.40599048  1.31165576 -0.03794746
 -0.23538797  0.22617236 -0.62952459 -0.41619557]; Score: [-9.79475763]; Action: ([1.76, 0.22, 0.93, 1.24, 1.61], [2, 0, 1, 1, 2])
Episode: 261; Tool: [-4.92914486 -2.33386111 -0.80844504  0.43372226  2.03854489  0.5140202
  0.02108591  1.52503824 -0.99340385 -1.38512325]; Score: [-16.71237473]; Action: ([0.33, 0.67, 0.42, 0.8, 1.87], [0, 1, 0, 1, 2])
Episode: 262; Tool: [-4.98793507 -3.8105092  -3.3348155  -1.1302495   1.37713289  1.39818084
  0.88497114 -0.12624979 -0.88104326 -1.90119982]; Score: [-18.40527799]; Action: ([1.77, 1.12, 1.82, 0.0, 1.43], [2, 1, 2, 0, 2])
Episode: 263; Tool: [-1.44876232e+01 -1.87694016e+01 -2.97788358e+00 -6.29169655e+00
 -5.03836727e+00 -4.85304260e+00  8.75653606e-03  6.02281988e-01
 -6.96250856e-01  1.88249359e+01]; Score: [-15.74256804]; Action: ([0.0, 0.19, 0.34, 1.96, 0.63], [0, 0, 0, 2, 0])
Episode: 264; Tool: [ 1.4642334  -0.57404637  2.44359994  3.38565612  0.75381255 -0.57834435
 -2.53378701 -2.3845439  -3.06555653  0.99505496]; Score: [-16.97910343]; Action: ([1.7, 1.34, 0.35, 1.24, 1.16], [2, 2, 0, 1, 1])
Episode: 265; Tool: [-4.39858675 -4.12656975 -3.51654553 -1.59983134  0.69801939  1.60890174
  1.43306005 -0.12079462  0.05524414 -1.84265363]; Score: [-17.23599617]; Action: ([0.83, 1.52, 1.27, 1.33, 0.84], [1, 2, 1, 1, 1])
Episode: 266; Tool: [-4.0076251  -2.03745699 -2.42362356 -1.61665368  0.59114492  0.77445877
  1.76272857 -0.95159465 -1.9621526  -2.23662663]; Score: [-19.51025042]; Action: ([0.68, 1.73, 1.77, 1.58, 0.82], [1, 2, 2, 2, 1])
Episode: 267; Tool: [-6.47114229 -3.46612477 -0.04433487 -0.7689926   0.36418423 -1.13538778
 -0.60731953  4.62583113 -3.52818704  1.38873649]; Score: [-9.39057693]; Action: ([0.21, 0.76, 1.38, 0.77, 0.9], [0, 1, 2, 1, 1])
Episode: 268; Tool: [-8.81327534 10.585639    5.35392857 -4.87949944 -3.69332647  2.31784177
 -6.26093054 -3.76175213 -6.31321812 -9.61160278]; Score: [-22.99356831]; Action: ([0.63, 1.81, 1.05, 1.0, 0.48], [0, 2, 1, 1, 0])
Episode: 269; Tool: [-1.08645725  2.15806675  5.77018929 -0.37536627  1.51185632 -0.34799403
 -5.44561672 -4.20608997 -8.63464832 -3.1184845 ]; Score: [-23.82300069]; Action: ([0.54, 0.74, 0.35, 1.51, 0.37], [0, 1, 0, 2, 0])
Episode: 270; Tool: [-8.25557995  8.81346321  4.53770304 -4.28712702 -3.46972752  1.54309225
 -6.01886606 -2.63054919 -4.80754042 -7.57264662]; Score: [-22.4978256]; Action: ([0.19, 0.92, 1.48, 0.01, 1.51], [0, 1, 2, 0, 2])
Episode: 271; Tool: [  1.26837349   0.93615353   7.74843407   0.51093787   1.39231849
  -1.13619828  -7.33307791  -6.51861382 -11.41941071  -1.85555434]; Score: [-18.64977736]; Action: ([1.91, 0.23, 1.2, 0.89, 0.42], [2, 0, 1, 1, 0])
Episode: 272; Tool: [-4.88778019 -6.35791445 -1.04789042 -3.14309955 -1.63670123 -1.47857809
 -0.12178136 -1.10366654  0.61389256  6.31383944]; Score: [-10.52804031]; Action: ([1.08, 0.12, 0.93, 0.23, 1.23], [1, 0, 1, 0, 1])
Episode: 273; Tool: [-9.60228539 -1.98491383 -2.65510774 -5.14837646 -6.43021441  0.79969573
  0.47025588 -2.37726259  8.92372417  3.28584623]; Score: [-9.63516495]; Action: ([1.53, 1.27, 1.77, 0.93, 1.2], [2, 1, 2, 1, 1])
Episode: 274; Tool: [-4.80992842 -2.47280431  0.04139073 -1.57136822  0.51485777  0.03874911
  0.07540858  3.7338016  -2.08168054 -0.99102569]; Score: [-11.65948293]; Action: ([1.47, 1.41, 0.71, 1.78, 1.63], [2, 2, 1, 2, 2])
Episode: 275; Tool: [-2.28881621  2.55742002  0.35186452 -0.67323107 -3.1668489  -0.77666211
 -0.70478517 -0.69878769 -0.11848849 -1.2039305 ]; Score: [-17.8477619]; Action: ([1.16, 0.7, 1.05, 2.0, 0.17], [1, 1, 1, 2, 0])
Episode: 276; Tool: [-0.8196466   1.55457008  6.0725956   0.27894968  1.79425645 -0.74171317
 -5.9414053  -4.38963795 -8.56942368 -2.24868107]; Score: [-12.65769655]; Action: ([1.27, 1.26, 1.66, 1.15, 1.31], [1, 1, 2, 1, 1])
Episode: 277; Tool: [-3.70542192 -3.99033904 -4.6421814  -0.78008556  0.69847453  1.92622066
  1.18663371 -2.87501192 -0.85360974 -1.68011534]; Score: [-19.73868782]; Action: ([0.5, 1.92, 0.34, 0.89, 1.89], [0, 2, 0, 1, 2])
Episode: 278; Tool: [-10.85930157  12.82765198   6.27121401  -6.02968693  -5.64462996
   2.4140327   -7.86275148  -4.31414127  -6.7370019  -11.07361889]; Score: [-19.08617541]; Action: ([1.78, 1.55, 0.7, 1.41, 0.29], [2, 2, 1, 2, 0])
Episode: 279; Tool: [-4.95531654 -3.22053003 -3.88628817 -0.93669659  0.57051361  1.70978343
  2.67022109 -0.47067881 -1.80809581 -3.37076283]; Score: [-18.53019656]; Action: ([0.52, 0.31, 0.2, 0.88, 1.33], [0, 0, 0, 1, 2])
Episode: 280; Tool: [ 16.40101242  -3.88992858   9.9461565    8.89882946  -1.96452737
  -1.81986809  -7.46755266 -15.3019495  -15.93776321   1.64616644]; Score: [-37.6125263]; Action: ([2.0, 1.64, 1.4, 1.71, 1.92], [2, 2, 2, 2, 2])
Episode: 281; Tool: [-6.74559212 -2.55085778 -2.673841   -3.45169997 -3.44140887  0.95238948
  0.96662116 -1.56834316  5.45182037  1.50597548]; Score: [-7.72685632]; Action: ([1.58, 1.23, 1.12, 1.13, 0.91], [2, 1, 1, 1, 1])
Episode: 282; Tool: [-6.33751249 -1.25010598 -2.13865018 -3.24824643 -4.0437932   0.49559069
  0.05718603 -1.90781939  5.7496767   2.3204937 ]; Score: [-17.3663542]; Action: ([1.82, 1.98, 0.11, 1.74, 1.88], [2, 2, 0, 2, 2])
Episode: 283; Tool: [-8.49557114 -4.8466115  -6.90526581 -2.63133907 -0.01991335  3.32880545
  5.39024878 -3.10264516 -2.28613019 -6.36707067]; Score: [-16.09439943]; Action: ([1.24, 0.0, 1.43, 1.12, 0.85], [1, 0, 2, 1, 1])
Episode: 284; Tool: [-13.90747261 -17.612957    -1.28642964  -8.00937176  -4.61904907
  -5.17196417  -0.42807695  -0.94307834  -0.11415577  18.00434113]; Score: [-12.70593892]; Action: ([1.03, 0.99, 0.11, 1.97, 0.22], [1, 1, 0, 2, 0])
Episode: 285; Tool: [-6.01702881 -5.32037878 -5.05669212 -1.88408303  1.26087797  2.45957327
  1.92025232 -0.47134146 -1.04182792 -3.30839634]; Score: [-15.58867756]; Action: ([0.47, 0.85, 0.86, 1.56, 0.9], [0, 1, 1, 2, 1])
Episode: 286; Tool: [-5.34333944 -5.91790962 -4.964324   -0.84333783  1.0570941   2.69923019
  0.51712275 -0.40997058  0.97482902 -0.31873661]; Score: [-15.88119014]; Action: ([0.11, 0.08, 1.42, 1.61, 1.98], [0, 0, 2, 2, 2])
Episode: 287; Tool: [-5.90053654 -2.91688085 -0.35956144 -0.81722558  0.72400463 -0.80981654
  0.29765674  3.93938446 -3.32207108  0.23812076]; Score: [-12.89397475]; Action: ([0.0, 1.49, 1.63, 1.35, 0.52], [0, 2, 2, 2, 0])
Episode: 288; Tool: [-5.44779968 -4.5159173  -4.3611927  -0.93865365  0.76842201  2.62964964
  0.01859552 -0.68586314  1.24681711 -1.19729197]; Score: [-21.71283371]; Action: ([1.17, 1.68, 1.16, 0.23, 0.7], [1, 2, 1, 0, 1])
Episode: 289; Tool: [ 16.40101242  -3.88992858   9.9461565    8.89882946  -1.96452737
  -1.81986809  -7.46755266 -15.3019495  -15.93776321   1.64616644]; Score: [-22.70370685]; Action: ([1.41, 0.44, 1.27, 0.14, 1.89], [2, 0, 1, 0, 2])
Episode: 290; Tool: [-6.3836236  -5.51316929 -5.39413452 -1.55605745  0.30215445  2.73315096
  0.69213301 -1.32939041  2.84723568 -0.32553577]; Score: [-13.11660469]; Action: ([1.7, 0.44, 2.0, 1.62, 0.92], [2, 0, 2, 2, 1])
Episode: 291; Tool: [-8.60393524 10.40934563  5.20903397 -4.88339567 -3.94191051  2.14145184
 -6.413589   -3.64255095 -5.91206646 -9.28122044]; Score: [-22.42428374]; Action: ([0.77, 0.15, 0.5, 0.44, 1.9], [1, 0, 0, 0, 2])
Episode: 292; Tool: [-12.29788399 -13.38565922   1.28872991  -7.80215979  -3.31384206
  -5.45991087  -1.07338989  -0.83319813  -0.51206082  14.60198021]; Score: [-9.58361827]; Action: ([0.83, 1.26, 1.74, 1.31, 0.63], [1, 1, 2, 1, 0])
Episode: 293; Tool: [-6.50391865 -6.52628279 -5.43098688 -0.85170877  1.9271456   3.68197536
  0.54754668 -0.23944101  1.30542755 -2.04111958]; Score: [-15.95972623]; Action: ([1.72, 1.2, 1.36, 0.86, 0.64], [2, 1, 2, 1, 0])
Episode: 294; Tool: [-10.26271343 -11.64473629  -8.47193241  -1.43759012   3.42547774
   6.90795803  -0.3631039   -2.29340458  -0.21663159  -3.68000507]; Score: [-20.40521205]; Action: ([1.03, 0.96, 2.0, 1.63, 0.0], [1, 1, 2, 2, 0])
Episode: 295; Tool: [-8.10221958 -5.20199347 -1.3859477  -1.76768494 -0.83941877 -0.36922297
  0.82058668  6.77716064 -3.7714715   0.53787631]; Score: [-13.62311822]; Action: ([1.46, 0.38, 1.59, 0.37, 0.08], [2, 0, 2, 0, 0])
Episode: 296; Tool: [-8.25557995  8.81346321  4.53770304 -4.28712702 -3.46972752  1.54309225
 -6.01886606 -2.63054919 -4.80754042 -7.57264662]; Score: [-23.59198022]; Action: ([1.28, 1.62, 0.05, 0.17, 1.89], [1, 2, 0, 0, 2])
Episode: 297; Tool: [ 16.40101242  -3.88992858   9.9461565    8.89882946  -1.96452737
  -1.81986809  -7.46755266 -15.3019495  -15.93776321   1.64616644]; Score: [-31.0567335]; Action: ([1.9, 1.16, 1.77, 1.63, 0.84], [2, 1, 2, 2, 1])
Episode: 298; Tool: [-4.97726488 -0.97487485  1.33206403  0.32130891  2.50952077 -0.30591798
 -1.76380515  2.45192099 -1.82932878 -1.18731761]; Score: [-10.79167243]; Action: ([0.9, 0.32, 1.57, 0.73, 1.63], [1, 0, 2, 1, 2])
Episode: 299; Tool: [-8.77004719 -0.49451753 -2.22176194 -4.43780518 -6.517735    0.43707538
 -0.52149534 -2.41282129  8.04309654  3.03868961]; Score: [-12.61630586]; Action: ([0.94, 2.0, 1.4, 0.7, 1.97], [1, 2, 2, 1, 2])
Episode: 300; Tool: [-9.09726715 -2.94499087 -3.84835267 -3.50037456 -4.2319684   1.73436689
 -0.32323107 -1.93781662  7.09624672  2.07737255]; Score: [-11.92695529]; Action: ([1.1, 1.07, 1.71, 1.76, 1.89], [1, 1, 2, 2, 2])
