Episode: 1; Tool: [-2.83739185 -2.18779325 -2.40963078 -1.8231982   0.20686936  1.91738272
  1.61859858  1.24620771  1.10951114  1.1222949 ]; Score: [-9.66051376]; Action: ([2.0, 0.82, 0.59, 0.93, 0.94], [2, 1, 0, 1, 1])
Episode: 2; Tool: [ -6.87411261 -11.55386448 -13.38769627  -9.32344341   3.21524286
   9.74364853  10.67981434   4.91903305   4.75384998  -0.80363983]; Score: [-24.63719297]; Action: ([0.89, 0.15, 2.0, 0.48, 0.26], [1, 0, 2, 0, 0])
Episode: 3; Tool: [-12.15116119  19.78696251  15.44488239  -3.07369375  -4.41115379
 -14.46518517 -17.75434685 -11.15314388 -12.62340736  -7.2189889 ]; Score: [-17.12850739]; Action: ([0.11, 1.45, 1.18, 1.47, 1.98], [0, 2, 1, 2, 2])
Episode: 4; Tool: [-4.65003824e+00 -4.81568664e-01 -6.53623879e-01 -3.29117477e-03
  4.10598564e+00  1.37535310e+00  3.60656440e-01  1.22325468e+00
 -1.40661609e+00 -1.70930767e+00]; Score: [-24.90187623]; Action: ([0.11, 1.46, 2.0, 0.89, 0.79], [0, 2, 2, 1, 1])
Episode: 5; Tool: [ 17.55605125 -14.8561964   -1.02245927  -3.00630426  -4.35022354
  -6.75760841  -6.82014751  -1.75562644  -6.86308479 -20.17744446]; Score: [-22.90338406]; Action: ([0.85, 1.53, 0.96, 1.87, 0.0], [1, 2, 1, 2, 0])
Episode: 6; Tool: [-0.29860678 -0.44078887  2.93212485  5.61679316  4.03074932 -1.16626358
 -1.44233489 -1.10849357 -3.91932797 -0.54368591]; Score: [-31.09750766]; Action: ([1.17, 2.0, 0.4, 0.14, 0.03], [1, 2, 0, 0, 0])
Episode: 7; Tool: [-3.89935994  0.89417839  0.54632807 -0.0569859   0.98804867  0.27953708
 -0.74748576  0.8067947  -1.01398015 -1.19015551]; Score: [-19.16297785]; Action: ([0.61, 0.9, 0.62, 1.58, 0.17], [0, 1, 0, 2, 0])
Episode: 8; Tool: [ 17.55605125 -14.8561964   -1.02245927  -3.00630426  -4.35022354
  -6.75760841  -6.82014751  -1.75562644  -6.86308479 -20.17744446]; Score: [-14.29752495]; Action: ([0.0, 0.69, 0.0, 1.39, 0.93], [0, 1, 0, 2, 1])
Episode: 9; Tool: [-1.24074411 -1.04867935 -0.53343523  0.36439943  0.75136852  0.59998947
  0.48652154  0.42208129 -0.2646822   0.52130508]; Score: [-19.26438756]; Action: ([0.0, 1.5, 1.1, 1.29, 1.33], [0, 2, 1, 1, 1])
Episode: 10; Tool: [-4.58246899 -3.82440233 -3.24449968 -5.32609844 -2.95384192  1.90611935
  1.7260859   0.36139947  3.92540717 -0.23002917]; Score: [-10.32803592]; Action: ([0.46, 0.75, 0.28, 1.2, 1.41], [0, 1, 0, 1, 2])
Episode: 11; Tool: [-12.47680664  20.35923958  15.70710564  -3.0703826   -3.65800977
 -15.11101437 -17.97813797 -11.20999432 -12.57802868  -7.7631135 ]; Score: [-18.95381228]; Action: ([1.56, 1.62, 0.83, 0.37, 1.38], [2, 2, 1, 0, 2])
Episode: 12; Tool: [-5.89706039 -0.52676213 -0.16947384 -0.29789209 -1.00054121  1.19615352
 -0.54897422  4.41861105 -0.13397726 -1.63465786]; Score: [-13.36060005]; Action: ([1.86, 1.29, 0.12, 0.58, 0.35], [2, 1, 0, 0, 0])
Episode: 13; Tool: [ -5.76216793  -9.19603157 -10.97216702  -8.02546024   1.67890084
   7.76211834   8.30531693   4.20652103   4.12199688   0.2942124 ]; Score: [-18.88151778]; Action: ([0.46, 1.05, 0.87, 0.3, 1.59], [0, 1, 1, 0, 2])
Episode: 14; Tool: [-1.33905017 -0.46568513 -0.06277197  0.20437762 -0.04586458  0.17026137
 -0.27609378  0.42099753 -0.01232265  0.85262907]; Score: [-14.59524838]; Action: ([0.23, 1.17, 1.9, 1.6, 0.02], [0, 1, 2, 2, 0])
Episode: 15; Tool: [-13.2079258   21.98949242  16.63069153  -4.07921362  -4.43947554
 -16.10675812 -19.66529083 -12.39062977 -13.73437881  -8.02858162]; Score: [-17.56471799]; Action: ([1.66, 0.91, 0.36, 1.45, 0.72], [2, 1, 0, 2, 1])
Episode: 16; Tool: [-2.03678036  0.06115723  0.59331238  0.57101601 -0.33942258 -0.14290684
 -0.91489863  1.32408762 -0.4264417  -0.44448525]; Score: [-12.81911682]; Action: ([0.0, 1.02, 0.5, 1.39, 0.1], [0, 1, 0, 2, 0])
Episode: 17; Tool: [-12.15842533  20.67796516  15.69697094  -3.31388521  -3.37905312
 -15.44064331 -18.47725487 -11.51734257 -12.72149086  -8.02696896]; Score: [-16.7857693]; Action: ([0.07, 0.55, 0.99, 2.0, 1.97], [0, 0, 1, 2, 2])
Episode: 18; Tool: [-5.14919186 -2.83282185 -4.08615732 -3.7698698   2.07883334  3.47704339
  3.02847099  2.76979208  1.57402349 -1.37827229]; Score: [-24.5401481]; Action: ([0.06, 1.39, 1.34, 0.65, 0.63], [0, 2, 2, 0, 0])
Episode: 19; Tool: [-2.62196708 -2.11207509 -2.55678821 -2.36893392 -0.27366415  1.84703636
  1.65597975  1.61964536  1.41051507  0.01463342]; Score: [-23.65914958]; Action: ([0.13, 1.66, 1.43, 0.22, 1.7], [0, 2, 2, 0, 2])
Episode: 20; Tool: [-13.90701675  23.1551342   17.46048164  -4.24259043  -4.6650033
 -16.95805931 -20.61383629 -12.92918301 -14.27915955  -8.22961807]; Score: [-16.19730588]; Action: ([1.33, 0.31, 1.19, 0.94, 1.25], [1, 0, 1, 1, 1])
Episode: 21; Tool: [-10.42189503  17.60694504  13.24904251  -2.894629    -2.50388622
 -13.26374626 -15.68997478  -9.69510746 -10.68688011  -6.85638857]; Score: [-24.79479523]; Action: ([0.4, 1.97, 1.78, 0.23, 0.77], [0, 2, 2, 0, 1])
Episode: 22; Tool: [-6.76035404 -4.22232628 -5.58273602 -5.364573    2.62247109  4.56389046
  4.64618397  2.2582171   2.20704389 -2.15693402]; Score: [-24.84985291]; Action: ([0.89, 1.42, 1.8, 0.5, 0.2], [1, 2, 2, 0, 0])
Episode: 23; Tool: [-11.18989372  -7.81073046  -9.39552975  -7.25215912   6.48462009
   8.49247646   8.60558224   4.63303185   2.40272474  -3.08339429]; Score: [-20.27891854]; Action: ([1.05, 0.79, 0.93, 0.75, 0.0], [1, 1, 1, 1, 0])
Episode: 24; Tool: [-8.40192032 -6.18761158 -6.20707703 -2.47128034  5.89999151  6.55217743
  6.4954052   2.43385863  0.57189727  0.06871063]; Score: [-16.15787899]; Action: ([0.46, 1.56, 0.92, 1.39, 1.45], [0, 2, 1, 2, 2])
Episode: 25; Tool: [-2.47438335 -4.35115623 -4.68388081 -3.90876245 -0.91136682  3.01221514
  3.23528981  2.85576963  2.20637131 -0.37127739]; Score: [-19.45385359]; Action: ([0.39, 1.93, 1.58, 0.73, 1.7], [0, 2, 2, 1, 2])
Episode: 26; Tool: [-4.29955769 -1.53098083 -0.11588059 -0.50369602 -1.52783847  0.63786161
 -0.61986083  0.71199173  1.25572562  4.24300241]; Score: [-10.88546924]; Action: ([0.03, 1.34, 1.02, 1.78, 1.01], [0, 2, 1, 2, 1])
Episode: 27; Tool: [ -7.70292091  -9.72089005 -12.03102398  -8.84562969   2.85640526
   8.8971386    9.34717369   3.35530233   4.45591927   0.28273517]; Score: [-19.31573653]; Action: ([1.23, 1.9, 1.82, 0.45, 1.82], [1, 2, 2, 0, 2])
Episode: 28; Tool: [-8.40957069 -2.13163686 -2.09586096 -1.70911396 -0.96245301  3.1662128
  0.96592379  6.85894632  0.3691     -2.20515037]; Score: [-10.07100197]; Action: ([1.24, 1.44, 0.0, 1.16, 1.07], [1, 2, 0, 1, 1])
Episode: 29; Tool: [-7.2572999  -5.09331846 -4.89501381 -9.49828815 -7.09231091  1.11285043
  1.31738007  0.14569068  7.22524548 -0.25715572]; Score: [-9.17752746]; Action: ([1.32, 0.89, 1.46, 0.52, 0.63], [1, 1, 2, 0, 0])
Episode: 30; Tool: [ 17.55605125 -14.8561964   -1.02245927  -3.00630426  -4.35022354
  -6.75760841  -6.82014751  -1.75562644  -6.86308479 -20.17744446]; Score: [-17.77958961]; Action: ([0.0, 0.98, 1.21, 0.27, 1.52], [0, 1, 1, 0, 2])
Episode: 31; Tool: [-5.67746305 -1.86492515 -2.17091465 -1.3871969   4.19062996  2.78895497
  2.03036022  2.02063894 -0.55398035 -1.77417254]; Score: [-22.68465491]; Action: ([0.15, 0.31, 1.44, 0.48, 0.92], [0, 0, 2, 0, 1])
Episode: 32; Tool: [-8.6103344  -4.23814774 -5.36658859 -4.17642164  4.35352135  5.28137302
  5.02969551  2.0308187   1.14279652 -1.65178943]; Score: [-13.1450514]; Action: ([1.0, 1.28, 0.56, 1.77, 1.27], [1, 1, 0, 2, 1])
Episode: 33; Tool: [ 0.54749775  3.18264675  8.47146606  5.36500216 -0.35559425 -7.86557961
 -7.99069977 -1.47819543 -5.18409538 -5.62481785]; Score: [-17.65371705]; Action: ([1.01, 0.01, 0.79, 1.93, 1.08], [1, 0, 1, 2, 1])
Episode: 34; Tool: [-12.90368271  21.14242744  16.22890472  -3.66296387  -3.77708268
 -15.5837698  -18.7285862  -11.90879536 -13.39567947  -8.39473438]; Score: [-15.40594967]; Action: ([1.76, 0.24, 0.11, 1.88, 1.93], [2, 0, 0, 2, 2])
Episode: 35; Tool: [ -9.34406376  16.20238686  12.5870924   -2.83991814  -3.15651298
 -11.94453526 -15.0176487   -9.5926733  -10.86766243  -6.48496389]; Score: [-28.70185517]; Action: ([0.56, 0.58, 0.31, 0.24, 0.57], [0, 0, 0, 0, 0])
Episode: 36; Tool: [-2.01474142 -1.03252208 -0.94642675 -0.13377739  0.89449751  1.07969344
  0.52808845  1.64341974 -0.13119879  0.00315851]; Score: [-11.6935135]; Action: ([0.15, 0.67, 1.65, 1.24, 0.49], [0, 1, 2, 1, 0])
Episode: 37; Tool: [-4.34840536 -1.72424209 -0.15092345 -1.03540254 -1.9263643   0.3932938
 -0.96494818  1.02604651  1.9343667   4.80294752]; Score: [-11.73208742]; Action: ([1.35, 0.5, 0.58, 0.02, 0.7], [2, 0, 0, 0, 1])
Episode: 38; Tool: [-6.34198952  0.12296894  0.77711153  2.03525352  6.36323166  1.31958032
 -0.27541122  0.49373955 -3.43574071 -2.4260304 ]; Score: [-11.80935278]; Action: ([1.96, 1.8, 1.1, 1.37, 1.48], [2, 2, 1, 2, 2])
Episode: 39; Tool: [-5.2379899  -3.93032527 -5.23436928 -5.44195461 -1.67156565  3.71614838
  3.6048677   2.84719276  3.25912261 -0.43566757]; Score: [-8.37719027]; Action: ([1.29, 0.98, 1.4, 0.79, 1.5], [1, 1, 2, 1, 2])
Episode: 40; Tool: [ 0.7707516  -0.04545176  4.18848562  6.078619    2.80834508 -2.54717541
 -2.90030789 -1.30288982 -4.1674099  -1.54253888]; Score: [-16.74281392]; Action: ([0.98, 1.75, 0.91, 1.59, 1.2], [1, 2, 1, 2, 1])
Episode: 41; Tool: [-13.81439877  24.29009819  17.96735954  -4.84585047  -4.4565568
 -17.89924049 -21.97353935 -13.86142254 -15.04332924  -9.01542854]; Score: [-19.05915184]; Action: ([0.13, 0.47, 1.86, 0.8, 1.47], [0, 0, 2, 1, 2])
Episode: 42; Tool: [-6.75756741 -5.96623468 -3.49979734 -1.96800196  1.23555481  3.76201034
  2.72811198  9.14455318  0.85400474 -4.03788471]; Score: [-8.18318272]; Action: ([1.25, 1.08, 0.92, 0.88, 0.26], [1, 1, 1, 1, 0])
Episode: 43; Tool: [-1.29061127  4.8678565   8.78147125  4.37658405 -1.30598819 -8.25060177
 -8.47835541 -1.88191199 -5.10105801 -5.34259558]; Score: [-15.8344396]; Action: ([2.0, 1.02, 1.88, 0.24, 0.78], [2, 1, 2, 0, 1])
Episode: 44; Tool: [ 17.55605125 -14.8561964   -1.02245927  -3.00630426  -4.35022354
  -6.75760841  -6.82014751  -1.75562644  -6.86308479 -20.17744446]; Score: [-18.69598203]; Action: ([0.89, 1.3, 0.64, 1.11, 0.65], [1, 1, 0, 1, 0])
Episode: 45; Tool: [-1.83913159  3.66792488  5.3328023   2.8976264  -2.50388837 -5.35189199
 -6.2244482   0.27919894 -1.97955775 -0.61225802]; Score: [-22.17877315]; Action: ([0.46, 1.38, 1.45, 0.28, 0.99], [0, 2, 2, 0, 1])
Episode: 46; Tool: [-3.77406049 -2.24768996 -2.59740281 -1.15437269  2.24601054  2.84256935
  1.82695079  3.52475977  0.27922174 -0.59403968]; Score: [-16.5112555]; Action: ([1.71, 1.31, 1.7, 0.27, 1.64], [2, 1, 2, 0, 2])
Episode: 47; Tool: [-5.66191053 -3.52235675 -5.08652592 -4.46316051  1.22542965  4.28866959
  3.88007712  3.21488309  2.53760338 -0.59372026]; Score: [-17.26037516]; Action: ([1.13, 0.0, 0.79, 1.62, 0.24], [1, 0, 1, 2, 0])
Episode: 48; Tool: [-5.46697426 -1.46479893 -1.26609397  0.67926985  4.8988719   2.46297741
  1.62800837  1.42971826 -1.66687679 -0.41812199]; Score: [-21.83203902]; Action: ([0.39, 0.53, 1.34, 0.62, 0.5], [0, 0, 2, 0, 0])
Episode: 49; Tool: [ 17.55605125 -14.8561964   -1.02245927  -3.00630426  -4.35022354
  -6.75760841  -6.82014751  -1.75562644  -6.86308479 -20.17744446]; Score: [-19.50985791]; Action: ([1.44, 0.44, 0.21, 1.56, 0.87], [2, 0, 0, 2, 1])
Episode: 50; Tool: [-1.80166411 -0.41856739  0.24699576  0.2139433  -0.35050741  0.03981169
 -0.6554327   0.71880233  0.13868237  1.31389427]; Score: [-11.89188983]; Action: ([0.74, 0.0, 0.58, 0.61, 0.47], [1, 0, 0, 0, 0])
Episode: 51; Tool: [-6.18857098 -2.29773617 -0.10074115 -1.49125314 -2.8853116   0.6286605
 -1.26479626  1.31538486  2.75559306  6.74155235]; Score: [-12.75292794]; Action: ([1.7, 0.76, 0.65, 0.26, 1.87], [2, 1, 0, 0, 2])
Episode: 52; Tool: [-6.30719519 -1.97646797  0.36037183 -1.2351836  -3.12943125  0.45935607
 -1.41697598  1.13266933  2.57712698  6.44683075]; Score: [-11.16269155]; Action: ([1.74, 1.5, 1.48, 0.76, 1.46], [2, 2, 2, 1, 2])
Episode: 53; Tool: [-4.85129642 -2.71230888 -3.76722288 -3.2170682   1.87727892  3.17524648
  3.03228664  1.39503431  1.34084988 -0.74922031]; Score: [-24.42940492]; Action: ([0.04, 1.47, 1.85, 1.28, 0.54], [0, 2, 2, 1, 0])
Episode: 54; Tool: [-12.10487747  20.4404583   15.75350094  -3.38610506  -4.0235548
 -15.00263309 -18.45951653 -11.67098045 -13.10626125  -7.73535109]; Score: [-25.6934804]; Action: ([0.37, 0.5, 0.01, 1.26, 0.87], [0, 0, 0, 1, 1])
Episode: 55; Tool: [-5.6918292  -2.61576033 -0.54231179 -1.78882778 -2.68593478  0.62896538
 -1.19089651  1.73905039  2.92349839  7.23641205]; Score: [-9.42147589]; Action: ([0.44, 1.2, 0.32, 0.75, 0.93], [0, 1, 0, 1, 1])
Episode: 56; Tool: [ -2.55904269   7.19197178   9.94626236   3.37712002  -2.31430435
  -9.40532875 -10.36697769  -3.21483397  -6.21865606  -5.92138529]; Score: [-12.52243044]; Action: ([1.2, 1.54, 1.58, 1.05, 1.96], [1, 2, 2, 1, 2])
Episode: 57; Tool: [ -3.97261429 -10.3649025  -12.41717148 -10.5004673    0.32458678
   7.41140318   8.78827858   4.28237486   4.92111969  -2.39507079]; Score: [-13.15627421]; Action: ([0.39, 0.6, 1.18, 1.78, 1.46], [0, 0, 1, 2, 2])
Episode: 58; Tool: [-6.97722864 -0.12670705 -1.31244588 -1.6514343  -0.57625592  1.77533329
  0.60953265  3.82573295  0.34696719 -0.51182908]; Score: [-11.50312764]; Action: ([0.39, 0.83, 1.0, 0.28, 1.89], [0, 1, 1, 0, 2])
Episode: 59; Tool: [ 1.04974174  0.10867506  4.47908163  6.12681198  2.7540195  -2.92188001
 -3.26374483 -1.27693558 -4.20379066 -1.7756784 ]; Score: [-13.30823778]; Action: ([1.67, 1.32, 1.0, 1.89, 0.86], [2, 1, 1, 2, 1])
Episode: 60; Tool: [-5.79552317 -2.90680575 -1.09927392 -1.79111826 -2.75325513  1.6179328
  0.07680163  1.04219961  2.17747164  5.05273056]; Score: [-15.89103468]; Action: ([0.13, 0.01, 1.33, 1.63, 2.0], [0, 0, 1, 2, 2])
Episode: 61; Tool: [-1.58947515  4.97550869  8.43974876  3.65976238 -1.60669529 -8.06202221
 -8.38953495 -1.94288659 -4.98363495 -5.30197525]; Score: [-19.48493386]; Action: ([1.78, 1.1, 0.1, 1.3, 0.66], [2, 1, 0, 1, 0])
Episode: 62; Tool: [-0.57795668  4.11650515  8.23145103  4.69185734 -0.70012105 -7.5675292
 -7.82650852 -1.79663372 -4.9423852  -4.99041414]; Score: [-19.54398776]; Action: ([0.09, 1.65, 1.85, 0.67, 1.72], [0, 2, 2, 1, 2])
Episode: 63; Tool: [-5.10544395 -1.70243931 -0.10452034 -0.61414707 -1.75635958  0.70906091
 -0.77688664  0.79175389  1.5658102   5.15622187]; Score: [-8.0671541]; Action: ([1.04, 0.75, 0.34, 0.84, 1.14], [1, 1, 0, 1, 1])
Episode: 64; Tool: [-4.87184811 -2.87147593 -1.57228422 -3.56621146 -3.67318463  0.99027216
  0.18211555  0.02178891  3.23320842  2.50294018]; Score: [-11.20763412]; Action: ([1.82, 0.49, 1.26, 1.3, 1.53], [2, 0, 1, 1, 2])
Episode: 65; Tool: [-1.82803869  5.50309706  8.88970852  3.51357937 -1.93808138 -8.53727627
 -9.0119524  -2.21464825 -5.32459974 -5.61934137]; Score: [-17.0158884]; Action: ([0.94, 1.16, 1.08, 1.97, 0.41], [1, 1, 1, 2, 0])
Episode: 66; Tool: [-11.05006123  -5.24213552  -6.99167299  -5.15380239   6.06509495
   7.18202162   6.24342251   2.86303234   1.50169194  -1.27964473]; Score: [-25.61854753]; Action: ([0.74, 1.75, 0.62, 0.39, 0.26], [1, 2, 0, 0, 0])
Episode: 67; Tool: [-0.80264354 -0.3633371   1.5057981   3.0080204   2.58381057 -0.51309085
 -0.7714901  -0.41323972 -2.22908163 -0.47356117]; Score: [-20.24664077]; Action: ([1.61, 1.22, 0.28, 0.87, 0.79], [2, 1, 0, 1, 1])
Episode: 68; Tool: [-0.63142228  4.44235039  8.74071026  4.69542265 -1.19291008 -8.1934433
 -8.55843258 -1.94779992 -5.2298851  -5.65375471]; Score: [-25.30494211]; Action: ([1.52, 0.35, 1.15, 0.17, 0.0], [2, 0, 1, 0, 0])
Episode: 69; Tool: [-7.97531748 -7.58977032 -2.42564964 -1.4880116  -0.96788728  2.70899343
  1.35241556 11.84923458  0.1648086  -6.36185598]; Score: [-11.01349607]; Action: ([1.62, 1.51, 0.78, 0.25, 1.24], [2, 2, 1, 0, 1])
Episode: 70; Tool: [-5.68697023 -2.12504911 -2.28303051 -1.19302857  4.19900608  3.00621033
  2.18968558  2.13933563 -0.48491558 -1.50278759]; Score: [-12.71016202]; Action: ([1.75, 0.63, 1.65, 0.78, 1.44], [2, 0, 2, 1, 2])
Episode: 71; Tool: [-1.87229729  0.52492642  1.33620131  1.41064131  2.03132105 -0.61127812
 -1.14333057 -0.17776048 -1.700881   -1.19136167]; Score: [-14.18454175]; Action: ([1.8, 0.44, 1.02, 1.3, 0.3], [2, 0, 1, 1, 0])
Episode: 72; Tool: [-4.71753979 -3.7781589  -4.55279398 -2.5360198   1.83116496  3.89905643
  3.44262815  1.2437799   1.13349533  2.17164803]; Score: [-16.0121176]; Action: ([1.55, 1.73, 1.43, 1.61, 0.62], [2, 2, 2, 2, 0])
Episode: 73; Tool: [-12.46748066  20.03783226  15.51241779  -3.19109917  -3.34336925
 -14.85102844 -17.56447411 -11.10594368 -12.59569359  -8.03681469]; Score: [-10.91319562]; Action: ([1.76, 1.02, 0.92, 2.0, 1.27], [2, 1, 1, 2, 1])
Episode: 74; Tool: [-6.65184307 -2.57996941 -4.25822163 -2.19500375  2.34438157  4.70753622
  3.06925607  4.86053896  0.84510231  0.20791382]; Score: [-16.53888691]; Action: ([0.55, 1.52, 1.49, 1.61, 1.29], [0, 2, 2, 2, 1])
Episode: 75; Tool: [ 17.55605125 -14.8561964   -1.02245927  -3.00630426  -4.35022354
  -6.75760841  -6.82014751  -1.75562644  -6.86308479 -20.17744446]; Score: [-25.91844565]; Action: ([1.58, 1.88, 0.91, 1.34, 0.36], [2, 2, 1, 2, 0])
Episode: 76; Tool: [-12.07403278  20.04132652  15.54707432  -3.29726028  -4.2603159
 -14.66525078 -18.07229424 -11.42039871 -12.88279724  -7.46342993]; Score: [-21.61239219]; Action: ([0.26, 0.28, 1.74, 0.16, 1.77], [0, 0, 2, 0, 2])
Episode: 77; Tool: [-4.34717178  1.70715952  2.9635067   1.47756279 -0.75319123 -1.85154605
 -2.97734523 -0.38577777 -0.03727895  3.95668626]; Score: [-11.42087449]; Action: ([1.06, 1.42, 0.36, 0.45, 0.21], [1, 2, 0, 0, 0])
Episode: 78; Tool: [ -6.78231239  -9.11387348 -10.65899563  -7.20476007   3.80717111
   8.05480385   8.73740768   4.06838179   3.2468667   -0.15936583]; Score: [-16.23770115]; Action: ([1.37, 0.43, 0.65, 0.9, 0.59], [2, 0, 0, 1, 0])
Episode: 79; Tool: [-7.26241207 -4.83602953 -3.5251317  -7.96636534 -6.54167652  1.08125544
  0.7998246   0.21666837  6.29520178  0.60431045]; Score: [-12.03497832]; Action: ([0.57, 1.64, 1.43, 1.77, 1.46], [0, 2, 2, 2, 2])
Episode: 80; Tool: [-13.18322086  21.42103386  16.50911331  -3.30510283  -4.17636728
 -15.78839684 -18.89609146 -11.77710438 -13.20521927  -7.81091595]; Score: [-16.1277228]; Action: ([0.43, 0.98, 1.92, 1.28, 0.91], [0, 1, 2, 1, 1])
Episode: 81; Tool: [-0.02599463 -0.39932942  2.04944324  3.72900319  2.19784284 -0.99800152
 -1.21953571 -0.68760705 -2.50180602 -0.39148861]; Score: [-16.17096115]; Action: ([0.7, 0.44, 0.32, 0.73, 1.81], [1, 0, 0, 1, 2])
Episode: 82; Tool: [-7.78598976 -2.73385191  0.04093029 -1.96305954 -3.80692625  0.65278178
 -1.72618628  1.67636633  3.62703276  8.6991787 ]; Score: [-14.45299274]; Action: ([0.41, 1.15, 1.85, 1.98, 0.19], [0, 1, 2, 2, 0])
Episode: 83; Tool: [ 17.55605125 -14.8561964   -1.02245927  -3.00630426  -4.35022354
  -6.75760841  -6.82014751  -1.75562644  -6.86308479 -20.17744446]; Score: [-30.22081257]; Action: ([1.94, 1.44, 1.56, 0.0, 1.85], [2, 2, 2, 0, 2])
Episode: 84; Tool: [-1.76636946 -0.28029841  0.24633764  0.43849674 -0.19659159  0.16312708
 -0.54262966  0.68575275 -0.15964085  0.78701693]; Score: [-22.27313111]; Action: ([0.63, 0.0, 1.76, 1.68, 0.0], [0, 0, 2, 2, 0])
Episode: 85; Tool: [-7.55036736 -2.64660001 -0.04807107 -1.66964865 -3.54895496  0.8936764
 -1.35343409  1.40880704  3.13212085  7.89417982]; Score: [-13.57581318]; Action: ([1.88, 1.13, 1.78, 1.99, 0.72], [2, 1, 2, 2, 1])
Episode: 86; Tool: [-13.20067024  21.60863686  16.50823212  -3.76804066  -4.4594717
 -15.80530357 -19.20119286 -12.0595541  -13.47765255  -7.73937225]; Score: [-17.83979055]; Action: ([1.2, 1.04, 1.29, 1.26, 0.25], [1, 1, 1, 1, 0])
Episode: 87; Tool: [ 0.70279551  2.51190138  7.0207634   4.92357397  0.28583279 -6.28561306
 -6.5072813  -1.48142123 -4.53650665 -4.62379026]; Score: [-29.05622586]; Action: ([0.48, 1.11, 0.0, 0.83, 0.22], [0, 1, 0, 1, 0])
Episode: 88; Tool: [-4.43868113 -3.45896769 -3.55822539 -5.04603243 -2.9253304   2.16880035
  2.32433701  1.11874175  3.26680446 -1.0152936 ]; Score: [-15.00085613]; Action: ([1.81, 2.0, 1.53, 0.04, 0.76], [2, 2, 2, 0, 1])
Episode: 89; Tool: [-6.29981041 -0.98140049  0.05606328  1.86439025  6.4983058   1.96299267
  0.87840176  1.12660456 -2.83386302 -2.01631093]; Score: [-24.02159883]; Action: ([1.01, 1.57, 0.25, 0.01, 0.9], [1, 2, 0, 0, 1])
Episode: 90; Tool: [ -8.8902359   -6.71830034  -6.60404491 -11.16737652  -7.51853943
   3.46225572   3.61223578   0.12905353   7.99158764  -0.91120988]; Score: [-11.5743168]; Action: ([0.79, 1.85, 1.64, 1.71, 0.96], [1, 2, 2, 2, 1])
Episode: 91; Tool: [ 17.55605125 -14.8561964   -1.02245927  -3.00630426  -4.35022354
  -6.75760841  -6.82014751  -1.75562644  -6.86308479 -20.17744446]; Score: [-20.99861704]; Action: ([0.79, 0.83, 2.0, 0.48, 0.81], [1, 1, 2, 0, 1])
Episode: 92; Tool: [-2.04789352  2.23101163  2.66442823  2.29042149 -0.34730658 -1.63258827
 -2.7549541  -0.03441937 -1.56416821  0.40582824]; Score: [-23.40599115]; Action: ([1.0, 0.2, 1.35, 0.61, 0.22], [1, 0, 2, 0, 0])
Episode: 93; Tool: [ 17.55605125 -14.8561964   -1.02245927  -3.00630426  -4.35022354
  -6.75760841  -6.82014751  -1.75562644  -6.86308479 -20.17744446]; Score: [-21.13937288]; Action: ([0.7, 1.7, 1.33, 0.94, 0.32], [1, 2, 2, 1, 0])
Episode: 94; Tool: [-3.89935994  0.89417839  0.54632807 -0.0569859   0.98804867  0.27953708
 -0.74748576  0.8067947  -1.01398015 -1.19015551]; Score: [-15.93028905]; Action: ([0.81, 0.1, 0.21, 1.03, 1.75], [1, 0, 0, 1, 2])
Episode: 95; Tool: [-10.22353363 -15.86554718 -18.79376984 -13.13395119   4.74981737
  13.8286972   15.02795315   6.25617933   6.46583509  -0.43216103]; Score: [-20.79207602]; Action: ([0.87, 0.41, 0.54, 0.19, 0.85], [1, 0, 0, 0, 1])
Episode: 96; Tool: [-8.36179733 -9.14382172 -9.9487257  -6.4502635   4.90672398  8.28208542
  9.13472652  3.89006114  2.80165315 -1.20900607]; Score: [-27.30005356]; Action: ([0.5, 1.93, 1.99, 0.84, 0.3], [0, 2, 2, 1, 0])
Episode: 97; Tool: [ -7.64949512  -9.33264256 -11.13094044  -7.97237158   3.52939272
   8.49095154   9.11336708   3.81801081   3.89062047  -0.2539863 ]; Score: [-21.93795713]; Action: ([0.24, 0.16, 2.0, 0.52, 1.63], [0, 0, 2, 0, 2])
Episode: 98; Tool: [ -6.87411261 -11.55386448 -13.38769627  -9.32344341   3.21524286
   9.74364853  10.67981434   4.91903305   4.75384998  -0.80363983]; Score: [-17.01578854]; Action: ([0.76, 0.79, 1.08, 1.49, 0.3], [1, 1, 1, 2, 0])
Episode: 99; Tool: [-5.29104042 -4.02588224 -4.63936043 -5.14243841 -2.14070988  3.34211159
  3.18628573  2.01839089  3.31355143  0.69647628]; Score: [-10.43821108]; Action: ([0.61, 1.79, 0.65, 0.76, 0.61], [0, 2, 0, 1, 0])
Episode: 100; Tool: [-7.39734554 -4.35606861 -1.7763896  -0.7817269  -0.56085742  2.75396204
  0.81618452  8.59216213 -0.07198623 -3.93098044]; Score: [-15.17364581]; Action: ([1.55, 1.54, 0.16, 0.03, 0.24], [2, 2, 0, 0, 0])
Episode: 101; Tool: [-3.86892033 -3.59079099 -2.63292503 -4.63418341 -4.31205606  1.08464193
  1.17188573  1.30350399  3.0047276  -0.88833302]; Score: [-12.70657086]; Action: ([0.58, 1.78, 0.44, 1.89, 1.23], [0, 2, 0, 2, 1])
Episode: 102; Tool: [-7.6509161  -6.18275976 -7.97134972 -5.58262157  3.52695203  6.75376892
  6.55222988  2.55265045  2.70796752  0.24280149]; Score: [-14.30360302]; Action: ([1.42, 0.65, 1.8, 1.2, 0.93], [2, 0, 2, 1, 1])
Episode: 103; Tool: [-13.45397472  22.73874664  16.92301559  -4.65919113  -4.64354897
 -16.620121   -20.4525795  -12.90866756 -14.14873505  -8.17478275]; Score: [-18.07349288]; Action: ([0.53, 0.34, 1.72, 1.75, 0.55], [0, 0, 2, 2, 0])
Episode: 104; Tool: [-5.66197014 -3.51969838 -4.7351861  -3.58211803  2.8984189   4.27921104
  3.6964376   2.13578963  1.6679188  -0.14333767]; Score: [-10.83918743]; Action: ([1.48, 0.56, 1.53, 1.23, 1.65], [2, 0, 2, 1, 2])
Episode: 105; Tool: [-13.7096138   22.6255722   17.19673729  -4.02380085  -3.84130931
 -16.71634483 -19.9638958  -12.66886616 -14.13057613  -8.96166801]; Score: [-15.22421435]; Action: ([1.58, 0.91, 1.77, 1.02, 0.43], [2, 1, 2, 1, 0])
Episode: 106; Tool: [ 17.55605125 -14.8561964   -1.02245927  -3.00630426  -4.35022354
  -6.75760841  -6.82014751  -1.75562644  -6.86308479 -20.17744446]; Score: [-27.25289982]; Action: ([1.62, 1.99, 0.2, 2.0, 0.01], [2, 2, 0, 2, 0])
Episode: 107; Tool: [-4.2665844  -1.50915825 -1.03151417  0.09445103  3.07885337  1.85302329
  1.23087585  2.5417428  -0.70448577 -1.41193938]; Score: [-16.97350732]; Action: ([0.9, 1.79, 1.15, 0.67, 1.84], [1, 2, 1, 1, 2])
Episode: 108; Tool: [-6.64943218 -3.2408123  -5.10956144 -3.24885082  1.70455086  5.02083111
  3.4905746   6.15927744  1.78766561  0.13078302]; Score: [-10.79950607]; Action: ([0.42, 1.08, 1.88, 1.21, 1.45], [0, 1, 2, 1, 2])
Episode: 109; Tool: [-6.95510197 10.432827    9.7981472   0.75914341 -1.90092242 -7.96858549
 -9.39843559 -5.67615366 -7.49849463 -4.51793242]; Score: [-16.64907531]; Action: ([0.87, 1.77, 1.42, 1.74, 0.79], [1, 2, 2, 2, 1])
Episode: 110; Tool: [-5.57895565e+00 -1.00648413e+01 -1.25231638e+01 -1.09074755e+01
  3.74346972e-04  8.02746487e+00  8.90387344e+00  3.99362564e+00
  5.88244915e+00 -1.24100709e+00]; Score: [-26.58740191]; Action: ([0.22, 0.0, 0.0, 0.42, 0.66], [0, 0, 0, 0, 0])
Episode: 111; Tool: [-6.59384966 -3.12774658 -1.214517   -1.22463059 -2.01396513  2.02299213
  0.20061326  0.99499136  1.81118822  6.28825951]; Score: [-12.27881442]; Action: ([0.5, 1.91, 0.85, 0.27, 1.44], [0, 2, 1, 0, 2])
Episode: 112; Tool: [-12.83492756  21.71661949  16.28228378  -4.293365    -4.52107525
 -15.88838673 -19.62202454 -12.3760767  -13.61693096  -7.86936808]; Score: [-14.05613385]; Action: ([1.57, 1.71, 0.5, 1.74, 1.88], [2, 2, 0, 2, 2])
Episode: 113; Tool: [-7.01314163 -3.64156532 -4.46550798 -2.52958822  2.4632833   4.9582057
  3.20135808  7.27473402  1.23783076 -1.68457603]; Score: [-7.54777918]; Action: ([1.07, 0.88, 0.78, 1.13, 0.45], [1, 1, 1, 1, 0])
Episode: 114; Tool: [-3.40039158 -5.32106066 -5.93428802 -3.47754407  2.27345443  4.65196609
  4.64757442  3.9531846   1.78737736 -0.23082072]; Score: [-13.22187202]; Action: ([1.56, 0.23, 0.44, 2.0, 0.91], [2, 0, 0, 2, 1])
Episode: 115; Tool: [-4.71679497e+00 -2.75801325e+00 -2.51977634e+00  4.06880677e-03
  4.10403681e+00  3.06765366e+00  2.88285851e+00  1.46837544e+00
 -7.30780482e-01  5.15856087e-01]; Score: [-11.71501482]; Action: ([1.91, 0.29, 1.67, 1.11, 1.49], [2, 0, 2, 1, 2])
Episode: 116; Tool: [-8.06448174 -3.70388818 -6.08404303 -3.99772596  2.38435459  6.06602478
  4.22071743  7.62248755  2.12658715 -0.35542756]; Score: [-11.396343]; Action: ([1.4, 1.38, 1.03, 0.25, 1.85], [2, 2, 1, 0, 2])
Episode: 117; Tool: [-13.28386116  21.69527626  16.57749176  -3.69807529  -3.70561814
 -16.0575676  -19.09045601 -12.06232548 -13.50393486  -8.55253887]; Score: [-11.3934432]; Action: ([1.71, 0.82, 1.88, 0.87, 1.4], [2, 1, 2, 1, 2])
Episode: 118; Tool: [ -9.44009972  14.49146271  11.76182842  -1.72824275  -2.27965641
 -10.80576897 -12.68689537  -8.03588676  -9.53812408  -6.19043064]; Score: [-19.29618771]; Action: ([0.62, 1.52, 1.63, 0.93, 0.74], [0, 2, 2, 1, 1])
Episode: 119; Tool: [-5.02661228 -2.66920519 -3.24162197 -2.04890728  0.20005992  3.29021978
  2.22762179  3.3657608   1.20471442  1.50000191]; Score: [-13.34686349]; Action: ([1.69, 1.06, 2.0, 1.2, 0.01], [2, 1, 2, 1, 0])
Episode: 120; Tool: [-2.481112   -2.22303963 -0.92776412 -0.53075546 -0.31790426  0.8099882
  0.3276881   3.23328686  0.14480755 -1.16022658]; Score: [-11.55694369]; Action: ([1.54, 0.73, 1.73, 1.15, 1.81], [2, 1, 2, 1, 2])
Episode: 121; Tool: [-6.67993307 -1.73502338  0.35499978 -0.54531127 -2.29650807  0.64634061
 -1.267501    0.8874228   1.95415735  6.92867756]; Score: [-9.53170364]; Action: ([1.43, 0.85, 0.62, 0.21, 1.03], [2, 1, 0, 0, 1])
Episode: 122; Tool: [-6.28169441 -5.14938021 -6.49975777 -4.74348879  2.79739404  5.40391111
  5.23936462  2.10334945  2.25095916 -0.0599615 ]; Score: [-26.82075648]; Action: ([0.79, 1.1, 1.64, 0.13, 0.0], [1, 1, 2, 0, 0])
Episode: 123; Tool: [-1.95581388  5.71577358  9.0798111   4.16875172 -1.4448179  -8.42583084
 -8.8015337  -2.31263733 -5.33964968 -5.26489973]; Score: [-22.96509197]; Action: ([0.64, 1.37, 0.18, 1.56, 0.66], [0, 2, 0, 2, 0])
Episode: 124; Tool: [-5.64952374 -3.61140895 -2.98713017 -5.95626497 -4.95572853  1.28119648
  0.97271943 -0.05900982  4.75271606  0.91070217]; Score: [-10.10091185]; Action: ([1.56, 1.6, 0.68, 1.07, 0.52], [2, 2, 1, 1, 0])
Episode: 125; Tool: [-5.66053295e+00 -4.46101856e+00 -5.31399965e+00 -6.11089993e+00
 -1.73970592e+00  3.76913261e+00  3.75796962e+00  2.13913155e+00
  3.99508834e+00  5.35184145e-03]; Score: [-10.74632331]; Action: ([0.29, 0.54, 1.54, 0.77, 0.66], [0, 0, 2, 1, 0])
Episode: 126; Tool: [-3.65788126 -1.98518515 -2.67749166 -1.86632764  0.71352053  2.48765707
  1.89287519  2.43116093  1.04161823  0.24961853]; Score: [-15.66780013]; Action: ([1.54, 0.26, 1.63, 1.76, 0.29], [2, 0, 2, 2, 0])
Episode: 127; Tool: [-5.44635677 -1.75776792 -2.38761616 -1.27209699  2.56612706  3.06797218
  1.73918986  3.8062191  -0.08773074 -1.37086558]; Score: [-13.362848]; Action: ([1.38, 0.24, 0.07, 0.49, 0.46], [2, 0, 0, 0, 0])
Episode: 128; Tool: [-10.23252869  16.55129814  13.15310192  -2.1329999   -3.0344069
 -12.28110123 -14.78170395  -9.24737263 -10.66487694  -6.47280741]; Score: [-14.46007271]; Action: ([1.22, 0.28, 1.59, 1.07, 1.38], [1, 0, 2, 1, 2])
Episode: 129; Tool: [-7.2572999  -5.09331846 -4.89501381 -9.49828815 -7.09231091  1.11285043
  1.31738007  0.14569068  7.22524548 -0.25715572]; Score: [-13.07235656]; Action: ([0.12, 0.89, 0.59, 0.24, 0.2], [0, 1, 0, 0, 0])
Episode: 130; Tool: [ 0.259774    0.2098231   2.39169931  2.84494233  1.24257934 -1.82601285
 -1.99161267 -0.45235628 -2.01091123 -0.91255933]; Score: [-16.45963347]; Action: ([0.87, 0.32, 0.2, 0.93, 1.4], [1, 0, 0, 1, 2])
Episode: 131; Tool: [-4.87184811 -2.87147593 -1.57228422 -3.56621146 -3.67318463  0.99027216
  0.18211555  0.02178891  3.23320842  2.50294018]; Score: [-6.95145803]; Action: ([1.11, 0.72, 0.68, 1.15, 0.98], [1, 1, 1, 1, 1])
Episode: 132; Tool: [-4.49050951 -5.54799891 -6.85246181 -4.96624041  1.37092531  5.26958847
  4.97751427  4.84403372  2.68241048 -0.64266342]; Score: [-15.94573022]; Action: ([1.46, 0.79, 1.76, 0.71, 1.01], [2, 1, 2, 1, 1])
Episode: 133; Tool: [-7.4565382  -3.87563586 -5.167943   -2.82120299  5.23615932  5.15713215
  4.51815319  2.82958746  0.01018664 -0.16928667]; Score: [-15.2818911]; Action: ([0.43, 1.46, 0.99, 1.94, 1.18], [0, 2, 1, 2, 1])
Episode: 134; Tool: [-10.09325409  -3.31671262  -2.4949832   -2.10022688  -1.08499753
   3.74549866   1.33608925   9.18183327   0.77501321  -3.6715858 ]; Score: [-9.74778938]; Action: ([1.34, 0.67, 0.95, 0.19, 1.34], [2, 1, 1, 0, 2])
Episode: 135; Tool: [-4.85129642 -2.71230888 -3.76722288 -3.2170682   1.87727892  3.17524648
  3.03228664  1.39503431  1.34084988 -0.74922031]; Score: [-14.14520389]; Action: ([0.94, 0.91, 1.91, 1.94, 1.1], [1, 1, 2, 2, 1])
Episode: 136; Tool: [-7.3990097  -2.49073887 -0.0371712  -1.34804666 -3.18226123  0.97343683
 -1.19209576  1.21511412  2.74974632  7.53481722]; Score: [-10.1577215]; Action: ([1.5, 0.44, 1.2, 1.57, 1.26], [2, 0, 1, 2, 1])
Episode: 137; Tool: [ -9.73441601 -15.68107605 -17.51589966 -12.0537796    4.88281059
  12.826828    14.56517696   5.85557795   5.29356003  -1.7899282 ]; Score: [-16.66552238]; Action: ([0.42, 0.98, 0.34, 1.72, 1.02], [0, 1, 0, 2, 1])
Episode: 138; Tool: [ 1.38953495  0.42406842  4.8493166   5.6109786   1.99816835 -3.64818454
 -3.99082804 -1.1777854  -4.03070116 -2.54228544]; Score: [-25.87666633]; Action: ([0.23, 0.45, 0.75, 0.37, 1.04], [0, 0, 1, 0, 1])
Episode: 139; Tool: [ -9.51551914  -6.9898653  -10.06917286  -6.49983168   2.61493778
   8.97031689   7.20063686   9.21011639   3.31362033   1.80808401]; Score: [-24.72826865]; Action: ([0.37, 1.45, 0.44, 0.01, 1.21], [0, 2, 0, 0, 1])
Episode: 140; Tool: [-11.73777199  19.40734291  15.29487705  -2.47453213  -3.1939342
 -14.48631859 -17.2453537  -10.82392216 -12.32948875  -7.90702963]; Score: [-19.91206255]; Action: ([0.99, 0.69, 1.29, 0.83, 0.45], [1, 1, 1, 1, 0])
Episode: 141; Tool: [-2.01474142 -1.03252208 -0.94642675 -0.13377739  0.89449751  1.07969344
  0.52808845  1.64341974 -0.13119879  0.00315851]; Score: [-12.99631729]; Action: ([0.37, 2.0, 1.7, 0.96, 1.54], [0, 2, 2, 1, 2])
Episode: 142; Tool: [ -9.29431343  15.65911102  13.19642162  -0.70053238  -2.93226266
 -11.61659336 -14.27045441  -8.89120483 -10.60221577  -6.11969423]; Score: [-17.62109774]; Action: ([2.0, 0.76, 0.84, 0.35, 1.15], [2, 1, 1, 0, 1])
Episode: 143; Tool: [-5.55168724e+00 -3.99853885e-02 -4.02067184e-01  1.99730694e-03
  4.37903833e+00  1.44611883e+00  3.59300256e-01  1.38709331e+00
 -1.82349968e+00 -2.21317554e+00]; Score: [-19.27885487]; Action: ([0.06, 1.87, 1.06, 1.38, 1.57], [0, 2, 1, 2, 2])
Episode: 144; Tool: [ 0.18215224  3.66866708  8.56215096  4.83945417 -1.0215739  -8.14188766
 -8.50832462 -1.80810189 -5.30425167 -6.26387596]; Score: [-11.60933811]; Action: ([1.84, 0.9, 1.14, 1.07, 1.63], [2, 1, 1, 1, 2])
Episode: 145; Tool: [-6.19214582 -3.26319385 -4.4321599  -1.38910937  4.56148386  4.64854002
  3.79202104  1.9617238   0.04894575  1.76622343]; Score: [-17.75490302]; Action: ([1.18, 1.53, 0.54, 1.6, 0.37], [1, 2, 0, 2, 0])
Episode: 146; Tool: [-8.87361717 -2.09375882  1.21280968 -2.06805801 -5.16121006 -0.21907102
 -2.84589028  1.77344656  4.33380842  9.81744766]; Score: [-11.37888282]; Action: ([0.7, 1.84, 0.17, 1.37, 0.95], [1, 2, 0, 2, 1])
Episode: 147; Tool: [-2.37900782 -0.69202954 -0.76362604 -0.42751938  0.75268924  0.95806646
  0.4261511   1.69547248  0.01662141 -0.55611384]; Score: [-18.68152258]; Action: ([0.99, 0.79, 0.46, 0.32, 1.04], [1, 1, 0, 0, 1])
Episode: 148; Tool: [-3.8328104  -2.11640096 -1.13857734 -1.2013129  -0.96785188  1.19823194
  0.23883843  0.53450179  1.32023323  3.28520417]; Score: [-11.02072019]; Action: ([1.24, 1.48, 1.79, 1.39, 1.48], [1, 2, 2, 2, 2])
Episode: 149; Tool: [-1.77723503  5.78846598  9.34475231  3.83581495 -1.95893657 -8.90250206
 -9.45874214 -2.41566873 -5.63033199 -5.84969378]; Score: [-20.43343932]; Action: ([1.13, 0.58, 2.0, 0.69, 0.07], [1, 0, 2, 1, 0])
Episode: 150; Tool: [-4.85182524 -7.25953627 -8.60832405 -6.42384815  1.84659648  6.08188057
  6.55307674  2.92847824  3.21042466 -0.20156616]; Score: [-23.25224961]; Action: ([1.25, 1.16, 1.53, 0.26, 0.15], [1, 1, 2, 0, 0])
Episode: 151; Tool: [-3.06331491 -0.5915451   0.32588565  0.24811386 -0.4290041   0.02489443
 -0.88058305  0.41289598  0.54941773  3.43479371]; Score: [-8.43874008]; Action: ([0.7, 0.82, 0.41, 1.32, 0.97], [1, 1, 0, 1, 1])
Episode: 152; Tool: [-0.2800875   4.16651201  9.06663895  5.11414433 -1.09916556 -8.48981476
 -8.74049187 -1.78333163 -5.39894629 -5.8672266 ]; Score: [-27.62156328]; Action: ([0.12, 0.0, 0.93, 1.15, 0.25], [0, 0, 1, 1, 0])
Episode: 153; Tool: [-3.02704811  6.88851976  9.24896145  3.70607305 -1.93395483 -8.5059967
 -9.07471752 -2.67476368 -5.29840946 -4.60042238]; Score: [-21.07180035]; Action: ([1.53, 0.61, 0.0, 1.97, 0.37], [2, 0, 0, 2, 0])
Episode: 154; Tool: [-12.83492756  21.71661949  16.28228378  -4.293365    -4.52107525
 -15.88838673 -19.62202454 -12.3760767  -13.61693096  -7.86936808]; Score: [-25.00376838]; Action: ([0.65, 2.0, 1.81, 0.65, 0.08], [0, 2, 2, 0, 0])
Episode: 155; Tool: [-9.8377552  -3.96159053 -5.640172   -4.77559042  5.20776701  5.82866287
  5.05830383  2.77478409  1.36027801 -1.96794653]; Score: [-11.21012711]; Action: ([1.53, 0.51, 0.44, 1.16, 1.63], [2, 0, 0, 1, 2])
Episode: 156; Tool: [-13.23802185  22.23086357  16.80622101  -4.27759314  -4.70351076
 -16.24146461 -20.05310631 -12.70323849 -14.0589819   -8.22359467]; Score: [-25.26004806]; Action: ([1.14, 1.38, 0.15, 1.02, 0.19], [1, 2, 0, 1, 0])
Episode: 157; Tool: [-1.26169336 -0.49874169  1.7105763   3.8967042   3.4298234  -0.33891332
 -0.60035467 -0.54790795 -2.84285092 -0.22060582]; Score: [-23.37764599]; Action: ([0.16, 0.33, 1.04, 0.63, 0.39], [0, 0, 1, 0, 0])
Episode: 158; Tool: [ 1.36140597  2.31441712  7.96806383  5.6367116  -0.03445181 -7.2775898
 -7.51382065 -1.46117902 -5.12740517 -5.71421862]; Score: [-19.54098662]; Action: ([0.43, 1.14, 1.32, 0.7, 1.12], [0, 1, 1, 1, 1])
Episode: 159; Tool: [-12.74845886  21.6019001   16.41836548  -4.1701932   -4.50890112
 -15.77385521 -19.60180664 -12.50718975 -13.91962814  -8.2230854 ]; Score: [-28.88086977]; Action: ([1.22, 1.23, 0.26, 0.18, 0.04], [1, 1, 0, 0, 0])
Episode: 160; Tool: [ 3.04973912  1.92677975  9.54105759  6.73954678  0.42004791 -9.01751614
 -9.30519009 -1.76137257 -6.59127188 -8.33551979]; Score: [-21.87815462]; Action: ([0.53, 1.46, 0.92, 0.68, 1.0], [0, 2, 1, 1, 1])
Episode: 161; Tool: [-5.30230427 -2.94868255 -4.23252201 -3.21695566  0.42195883  3.68511581
  3.01868057  3.40577888  1.84116089  0.66952592]; Score: [-13.33244279]; Action: ([0.88, 0.32, 1.54, 0.15, 0.14], [1, 0, 2, 0, 0])
Episode: 162; Tool: [ -8.29574585  13.96351242  10.98535824  -2.22160435  -2.61489248
 -10.38360977 -12.88276768  -8.15639877  -9.34153271  -5.68523645]; Score: [-19.26126778]; Action: ([0.78, 0.14, 0.83, 1.98, 0.74], [1, 0, 1, 2, 1])
Episode: 163; Tool: [-10.20470333 -19.57002258 -22.36689949 -16.0674572    4.40968227
  15.6585207   17.76413155   7.44346952   7.57836628  -2.16310477]; Score: [-21.93287974]; Action: ([1.6, 1.47, 0.01, 0.17, 0.81], [2, 2, 0, 0, 1])
Episode: 164; Tool: [ 0.54749775  3.18264675  8.47146606  5.36500216 -0.35559425 -7.86557961
 -7.99069977 -1.47819543 -5.18409538 -5.62481785]; Score: [-20.32637939]; Action: ([0.55, 0.6, 0.99, 0.85, 1.08], [0, 0, 1, 1, 1])
Episode: 165; Tool: [ -6.44695187  11.57781029   9.7595129   -0.22252266  -1.53822124
  -8.6650238  -10.99564838  -6.65835047  -8.04310799  -4.57502031]; Score: [-27.13263756]; Action: ([0.59, 1.81, 0.09, 0.35, 1.4], [0, 2, 0, 0, 2])
Episode: 166; Tool: [-4.59032249 -2.76447821 -2.24710059 -4.28994608 -3.64661551  1.19987822
  1.11356878  0.69615072  3.10517859 -0.2898283 ]; Score: [-8.19990979]; Action: ([1.41, 1.18, 1.09, 1.39, 0.69], [2, 1, 1, 2, 1])
Episode: 167; Tool: [-5.49722195 -3.56605291 -3.32883763 -6.06075525 -4.28732967  1.48502457
  1.40551662  0.23077399  4.59778452  0.01999313]; Score: [-15.66854322]; Action: ([0.45, 1.91, 0.37, 0.24, 0.04], [0, 2, 0, 0, 0])
Episode: 168; Tool: [ -8.50114059  15.13729095  12.39474583  -1.22620761  -2.35345149
 -11.28867626 -14.03016663  -8.82507133 -10.33348274  -6.17796087]; Score: [-15.28565872]; Action: ([0.34, 1.89, 1.95, 1.7, 1.63], [0, 2, 2, 2, 2])
Episode: 169; Tool: [-9.02306938 -7.61636686 -8.03908062 -5.20187569  5.34873486  7.38101006
  7.51973438  3.09159231  1.76220298 -1.67999434]; Score: [-17.05496016]; Action: ([0.81, 1.58, 1.85, 1.42, 1.37], [1, 2, 2, 2, 2])
Episode: 170; Tool: [-5.1262455  -4.17515802 -3.76558399 -6.02951288 -3.33553767  2.24541903
  2.12551236  0.45289433  4.37461185 -0.41204101]; Score: [-12.62105465]; Action: ([1.42, 0.98, 0.17, 2.0, 1.5], [2, 1, 0, 2, 2])
Episode: 171; Tool: [-5.32232332 -1.22884047 -0.99354124  0.60871285  4.8414917   2.18605542
  1.34696555  1.42949748 -1.66698456 -0.86691505]; Score: [-14.03774684]; Action: ([1.04, 0.67, 1.95, 1.63, 1.13], [1, 1, 2, 2, 1])
Episode: 172; Tool: [-2.37900782 -0.69202954 -0.76362604 -0.42751938  0.75268924  0.95806646
  0.4261511   1.69547248  0.01662141 -0.55611384]; Score: [-18.08728494]; Action: ([1.87, 0.65, 1.31, 0.22, 0.48], [2, 0, 1, 0, 0])
Episode: 173; Tool: [-6.23844528 -1.52219653 -1.78369784 -0.63500512  4.39268827  2.73913479
  1.96443987  1.25983763 -0.72776365 -0.55313426]; Score: [-18.78323916]; Action: ([0.16, 0.0, 0.78, 0.82, 1.7], [0, 0, 1, 1, 2])
Episode: 174; Tool: [-2.62196708 -2.11207509 -2.55678821 -2.36893392 -0.27366415  1.84703636
  1.65597975  1.61964536  1.41051507  0.01463342]; Score: [-9.55267076]; Action: ([1.17, 0.79, 0.73, 1.84, 1.59], [1, 1, 1, 2, 2])
Episode: 175; Tool: [ 17.55605125 -14.8561964   -1.02245927  -3.00630426  -4.35022354
  -6.75760841  -6.82014751  -1.75562644  -6.86308479 -20.17744446]; Score: [-28.76833467]; Action: ([1.47, 1.93, 1.42, 0.45, 1.48], [2, 2, 2, 0, 2])
Episode: 176; Tool: [-6.99406481 -1.6425842   0.61760712 -0.62668306 -2.60408187  0.45797652
 -1.55645561  0.89577502  2.21250296  7.24037409]; Score: [-10.99501947]; Action: ([0.57, 1.41, 0.22, 0.59, 1.33], [0, 2, 0, 0, 1])
Episode: 177; Tool: [-7.8339653  -1.78366327  0.68645418 -0.76894623 -2.89228678  0.42305309
 -1.83962774  1.08055639  2.60346103  8.42569637]; Score: [-14.85166156]; Action: ([0.0, 0.95, 1.91, 0.55, 0.0], [0, 1, 2, 0, 0])
Episode: 178; Tool: [-5.58893538 -2.89483929 -4.00234699 -2.20220995  2.49128151  4.28580379
  2.77787137  5.26631021  0.85834396 -0.61268198]; Score: [-10.53118697]; Action: ([1.89, 0.68, 1.22, 1.6, 0.9], [2, 1, 1, 2, 1])
Episode: 179; Tool: [-4.98653126 -3.15746975 -4.27236557 -4.68157244 -0.95979154  3.09960365
  2.97225809  2.29949784  3.00856638 -0.41709328]; Score: [-10.31133016]; Action: ([1.28, 0.23, 0.37, 0.65, 1.02], [1, 0, 0, 0, 1])
Episode: 180; Tool: [-6.22486877 -5.54718828 -6.08017826 -3.18507171  4.61655045  5.78361893
  5.59305     3.48347759  1.34523678 -0.41248304]; Score: [-6.70915226]; Action: ([0.74, 1.0, 0.93, 1.38, 1.03], [1, 1, 1, 2, 1])
Episode: 181; Tool: [-1.83248973 -4.53247261 -3.9465971  -2.46414089  1.00375271  2.81469536
  3.24885178  2.7566545   1.41583085 -0.8154338 ]; Score: [-13.23718187]; Action: ([0.64, 1.57, 0.09, 0.73, 0.09], [0, 2, 0, 1, 0])
Episode: 182; Tool: [-1.86541891 -0.8888762  -0.06521805 -0.2381673  -0.67644131  0.15964229
 -0.45148399  0.48792684  0.59742153  1.80894947]; Score: [-8.36030226]; Action: ([1.25, 1.1, 0.78, 1.73, 0.94], [1, 1, 1, 2, 1])
Episode: 183; Tool: [-0.4643319   4.03535175  8.70161724  4.56846189 -1.33538163 -8.33598137
 -8.53083229 -1.60988855 -5.13119459 -5.91644812]; Score: [-19.23018821]; Action: ([0.54, 1.17, 1.33, 0.2, 1.91], [0, 1, 1, 0, 2])
Episode: 184; Tool: [-3.86950278  0.44483915  1.47496653  0.51080644 -1.29288328 -0.37016618
 -1.51650107  0.98881412 -0.08622082  1.64331818]; Score: [-25.92089141]; Action: ([0.66, 0.63, 0.17, 0.9, 0.53], [0, 0, 0, 1, 0])
Episode: 185; Tool: [-4.95919418 -3.83431578 -3.86790824 -6.15170908 -4.08577442  1.93471837
  2.03433919  0.33940947  4.33733368 -0.63029486]; Score: [-9.52695725]; Action: ([1.23, 1.89, 0.75, 0.93, 0.69], [1, 2, 1, 1, 1])
Episode: 186; Tool: [-3.5687716  -1.2125355  -1.25686193 -0.56091088  2.53873181  1.6370275
  1.15667915  1.39988065 -0.40213665 -0.86360174]; Score: [-12.64429899]; Action: ([1.61, 1.82, 0.95, 1.74, 1.16], [2, 2, 1, 2, 1])
Episode: 187; Tool: [-1.64274001 -0.3953653   1.93974555  4.24631786  4.04337645 -0.32452428
 -0.78658664 -0.58074361 -3.25474    -0.4870224 ]; Score: [-10.72550773]; Action: ([1.63, 0.82, 1.02, 1.58, 0.88], [2, 1, 1, 2, 1])
Episode: 188; Tool: [-1.45238423  2.24676275  3.7669909   2.53302908  0.34779862 -2.98635602
 -3.51334643 -0.49111116 -2.47436905 -1.75308323]; Score: [-24.70839701]; Action: ([0.73, 0.99, 0.37, 1.25, 0.07], [1, 1, 0, 1, 0])
Episode: 189; Tool: [-5.71891117 -4.391366   -5.1921587  -6.80236292 -2.65887046  3.15874434
  3.22416472  1.50676513  4.74733114 -0.26086611]; Score: [-11.8456446]; Action: ([0.97, 0.0, 0.3, 0.77, 1.54], [1, 0, 0, 1, 2])
Episode: 190; Tool: [-2.5033536  -2.15977097 -0.96711016  1.21011102  2.86114693  1.59654129
  1.52690053  0.55055976 -0.92993116  0.4232378 ]; Score: [-12.73903342]; Action: ([1.92, 0.94, 0.19, 1.81, 0.71], [2, 1, 0, 2, 1])
Episode: 191; Tool: [-4.22328758 -1.29746425 -1.22317219 -0.15514986  3.36988521  1.91346407
  1.27509725  1.56039834 -0.83390427 -0.90284652]; Score: [-22.02161682]; Action: ([0.19, 0.27, 1.4, 0.06, 1.75], [0, 0, 2, 0, 2])
Episode: 192; Tool: [ 17.55605125 -14.8561964   -1.02245927  -3.00630426  -4.35022354
  -6.75760841  -6.82014751  -1.75562644  -6.86308479 -20.17744446]; Score: [-19.22406308]; Action: ([0.56, 1.18, 1.64, 0.0, 1.02], [0, 1, 2, 0, 1])
Episode: 193; Tool: [-4.43868113 -3.45896769 -3.55822539 -5.04603243 -2.9253304   2.16880035
  2.32433701  1.11874175  3.26680446 -1.0152936 ]; Score: [-10.02932884]; Action: ([0.02, 1.2, 0.48, 1.13, 1.04], [0, 1, 0, 1, 1])
Episode: 194; Tool: [-2.90892839 -0.56890082 -0.2828539   0.75661767  0.84540939  0.68215847
 -0.18231979  0.18824705 -0.45970678  2.73179197]; Score: [-12.16172212]; Action: ([0.22, 1.22, 0.0, 0.44, 1.04], [0, 1, 0, 0, 1])
Episode: 195; Tool: [ -7.22889233  11.29593086   8.79779339  -1.4891156   -1.36587012
  -8.73226929 -10.03866386  -6.07672167  -6.93414879  -4.87548971]; Score: [-15.94769447]; Action: ([1.72, 1.44, 1.29, 0.4, 1.39], [2, 2, 1, 0, 2])
Episode: 196; Tool: [-7.2572999  -5.09331846 -4.89501381 -9.49828815 -7.09231091  1.11285043
  1.31738007  0.14569068  7.22524548 -0.25715572]; Score: [-10.40179989]; Action: ([0.35, 0.4, 0.7, 0.49, 0.94], [0, 0, 1, 0, 1])
Episode: 197; Tool: [-7.22952175 -2.4470048   0.08265702 -1.40441549 -3.43666959  0.92210221
 -1.1913569   1.19151735  2.74673438  7.12243652]; Score: [-16.13127799]; Action: ([0.23, 0.32, 0.18, 0.19, 0.1], [0, 0, 0, 0, 0])
Episode: 198; Tool: [-5.21432161 -2.27795315 -2.68786335 -0.90755647  3.95410752  3.2109046
  2.39221358  2.18868542 -0.57845592 -0.42246503]; Score: [-15.40545153]; Action: ([0.56, 0.77, 0.82, 1.61, 0.79], [0, 1, 1, 2, 1])
Episode: 199; Tool: [-3.5687716  -1.2125355  -1.25686193 -0.56091088  2.53873181  1.6370275
  1.15667915  1.39988065 -0.40213665 -0.86360174]; Score: [-15.41937578]; Action: ([1.48, 0.78, 1.94, 0.34, 2.0], [2, 1, 2, 0, 2])
Episode: 200; Tool: [ 17.55605125 -14.8561964   -1.02245927  -3.00630426  -4.35022354
  -6.75760841  -6.82014751  -1.75562644  -6.86308479 -20.17744446]; Score: [-27.0409812]; Action: ([0.0, 0.17, 1.85, 2.0, 1.76], [0, 0, 2, 2, 2])
Episode: 201; Tool: [-12.73703003  22.39033127  16.77889442  -4.64623356  -4.17756224
 -16.39291573 -20.43946457 -13.13831043 -14.50964355  -8.75506592]; Score: [-14.79834939]; Action: ([1.43, 1.02, 1.24, 1.28, 0.71], [2, 1, 1, 1, 1])
Episode: 202; Tool: [-6.7572937  -2.29575634 -2.02550268 -0.34304672  5.69412994  3.29695868
  2.63788247  2.2055583  -1.08567548 -1.49933839]; Score: [-15.98523623]; Action: ([1.25, 1.86, 1.3, 1.14, 1.28], [1, 2, 1, 1, 1])
Episode: 203; Tool: [-1.11638188  4.99107981  9.14148808  4.43815327 -1.54272687 -8.69092846
 -9.02817154 -2.01318264 -5.38050604 -5.87192392]; Score: [-24.84330864]; Action: ([0.76, 1.65, 0.42, 0.92, 0.53], [1, 2, 0, 1, 0])
Episode: 204; Tool: [ -8.9564209   15.36110687  12.43748856  -2.40980482  -3.11180162
 -11.17133331 -14.33679295  -9.38792896 -11.04515171  -6.48245287]; Score: [-20.03232073]; Action: ([0.01, 1.19, 1.49, 1.46, 0.76], [0, 1, 2, 2, 1])
Episode: 205; Tool: [-8.6103344  -4.23814774 -5.36658859 -4.17642164  4.35352135  5.28137302
  5.02969551  2.0308187   1.14279652 -1.65178943]; Score: [-9.75989782]; Action: ([1.86, 0.0, 1.5, 1.5, 1.92], [2, 0, 2, 2, 2])
Episode: 206; Tool: [-2.27050376 -0.92260504  0.82419646  2.92751145  3.59196854  0.41640127
  0.21718955 -0.08147556 -2.29067636 -0.12960869]; Score: [-19.62378035]; Action: ([0.43, 1.38, 1.79, 0.99, 1.31], [0, 2, 2, 1, 1])
Episode: 207; Tool: [-5.80799294 -4.35984039 -3.77519035 -5.72517776 -3.89131713  2.50810552
  2.2298243   0.37166983  4.0146203   0.40365583]; Score: [-11.23800136]; Action: ([0.39, 1.58, 1.8, 1.36, 1.04], [0, 2, 2, 2, 1])
Episode: 208; Tool: [ 17.55605125 -14.8561964   -1.02245927  -3.00630426  -4.35022354
  -6.75760841  -6.82014751  -1.75562644  -6.86308479 -20.17744446]; Score: [-25.47404534]; Action: ([1.96, 0.05, 1.14, 0.67, 1.88], [2, 0, 1, 0, 2])
Episode: 209; Tool: [-6.02485323 -0.09270985 -0.57367635 -0.07602493  0.21697161  1.9003787
  0.00850058  3.8380065  -0.52192307 -0.65161425]; Score: [-12.586645]; Action: ([0.54, 0.36, 1.91, 0.84, 1.66], [0, 0, 2, 1, 2])
Episode: 210; Tool: [-6.27039719 -2.74072528 -4.06394005 -2.04029179  4.18022919  4.35964489
  3.0769155   3.84007406 -0.03515652 -0.4397909 ]; Score: [-16.22923953]; Action: ([0.16, 1.04, 1.65, 1.68, 1.64], [0, 1, 2, 2, 2])
Episode: 211; Tool: [-6.34198952  0.12296894  0.77711153  2.03525352  6.36323166  1.31958032
 -0.27541122  0.49373955 -3.43574071 -2.4260304 ]; Score: [-12.60090491]; Action: ([0.37, 0.85, 0.98, 1.72, 1.74], [0, 1, 1, 2, 2])
Episode: 212; Tool: [-5.66053295e+00 -4.46101856e+00 -5.31399965e+00 -6.11089993e+00
 -1.73970592e+00  3.76913261e+00  3.75796962e+00  2.13913155e+00
  3.99508834e+00  5.35184145e-03]; Score: [-10.22229541]; Action: ([1.43, 1.55, 0.76, 0.63, 0.48], [2, 2, 1, 0, 0])
Episode: 213; Tool: [-4.85182524 -7.25953627 -8.60832405 -6.42384815  1.84659648  6.08188057
  6.55307674  2.92847824  3.21042466 -0.20156616]; Score: [-21.8734817]; Action: ([0.0, 1.8, 0.6, 1.07, 1.37], [0, 2, 0, 1, 2])
Episode: 214; Tool: [-3.2495079  -1.36420155 -1.69939041 -0.74494541  1.83467281  1.93669367
  1.12521648  2.23713207 -0.064531   -0.41659272]; Score: [-10.68850137]; Action: ([0.86, 0.91, 0.71, 1.77, 1.81], [1, 1, 1, 2, 2])
Episode: 215; Tool: [-1.26169336 -0.49874169  1.7105763   3.8967042   3.4298234  -0.33891332
 -0.60035467 -0.54790795 -2.84285092 -0.22060582]; Score: [-22.95474288]; Action: ([0.31, 0.12, 0.0, 1.35, 0.44], [0, 0, 0, 2, 0])
Episode: 216; Tool: [ 17.55605125 -14.8561964   -1.02245927  -3.00630426  -4.35022354
  -6.75760841  -6.82014751  -1.75562644  -6.86308479 -20.17744446]; Score: [-13.01667069]; Action: ([0.61, 0.47, 0.8, 0.6, 0.56], [0, 0, 1, 0, 0])
Episode: 217; Tool: [-4.44690228  0.46436557  1.20789695  1.81315279  4.70907402  0.35418713
 -0.75613654  0.25509548 -2.78356671 -2.2601378 ]; Score: [-18.46775175]; Action: ([1.54, 0.1, 0.86, 0.67, 0.33], [2, 0, 1, 1, 0])
Episode: 218; Tool: [-13.68244171  22.76541328  17.230093    -4.30380011  -3.82628703
 -16.8164711  -20.19700813 -12.92476559 -14.37973213  -9.32330799]; Score: [-19.22048427]; Action: ([0.97, 0.45, 1.76, 1.09, 0.27], [1, 0, 2, 1, 0])
Episode: 219; Tool: [-7.97609425 -4.47544432 -6.45007277 -4.78435421  0.65567148  5.92873669
  4.81758404  5.4574666   2.60832572  1.04459453]; Score: [-20.78961111]; Action: ([0.96, 1.51, 0.36, 1.76, 0.0], [1, 2, 0, 2, 0])
Episode: 220; Tool: [-10.36531258  17.12356567  13.61944675  -2.17149639  -3.61277938
 -12.65216637 -15.52478886  -9.68764782 -11.0757618   -6.46294832]; Score: [-21.946562]; Action: ([1.28, 0.68, 0.04, 1.15, 0.75], [1, 1, 0, 1, 1])
Episode: 221; Tool: [-7.01584196 -2.41720414 -0.11974306 -1.54946303 -3.15664458  0.97943127
 -0.97511256  0.96090239  2.7148037   6.51304102]; Score: [-9.39725952]; Action: ([0.74, 0.61, 0.94, 1.67, 1.41], [1, 0, 1, 2, 2])
Episode: 222; Tool: [-4.2758503  -1.52010059 -0.00565585 -0.99928707 -1.99977458  0.42237663
 -0.78633976  0.64378405  1.74567771  3.81455851]; Score: [-12.37708233]; Action: ([0.71, 1.86, 1.99, 1.37, 0.82], [1, 2, 2, 2, 1])
Episode: 223; Tool: [ -6.28556585 -11.48939323 -13.42440605 -10.24580002   2.04216003
   9.30717754  10.41218948   4.68894053   5.38095331  -1.70229554]; Score: [-20.48574028]; Action: ([1.0, 1.87, 1.53, 0.39, 1.43], [1, 2, 2, 0, 2])
Episode: 224; Tool: [-1.78118634  0.44971326  0.92161566  0.64799047 -0.69668889 -0.47681123
 -1.22614622  0.73295355 -0.62349081  0.05845427]; Score: [-17.47539885]; Action: ([0.75, 1.83, 0.63, 1.18, 1.39], [1, 2, 0, 1, 2])
Episode: 225; Tool: [-5.94256353 -1.848212   -2.32731771 -1.55437946  4.10791826  2.87892246
  2.11674476  1.95481873 -0.24814671 -1.3432107 ]; Score: [-25.56094779]; Action: ([0.11, 1.33, 0.62, 0.31, 0.69], [0, 1, 0, 0, 1])
Episode: 226; Tool: [-4.025208   -1.1941725  -1.32273769 -0.55485201  2.65437722  1.84697413
  1.25732267  2.11197543 -0.46603018 -1.17412567]; Score: [-14.85245635]; Action: ([1.74, 0.47, 1.14, 1.62, 0.07], [2, 0, 1, 2, 0])
Episode: 227; Tool: [ -7.80999184  -8.41083145 -11.62373257  -9.94286251   0.85905981
   8.48960876   8.45036793   6.41859579   5.51735258  -0.69973606]; Score: [-20.51061073]; Action: ([1.42, 0.1, 1.22, 0.66, 0.06], [2, 0, 1, 0, 0])
Episode: 228; Tool: [ 17.55605125 -14.8561964   -1.02245927  -3.00630426  -4.35022354
  -6.75760841  -6.82014751  -1.75562644  -6.86308479 -20.17744446]; Score: [-23.44435362]; Action: ([1.95, 0.8, 0.92, 0.46, 1.38], [2, 1, 1, 0, 2])
Episode: 229; Tool: [ 17.55605125 -14.8561964   -1.02245927  -3.00630426  -4.35022354
  -6.75760841  -6.82014751  -1.75562644  -6.86308479 -20.17744446]; Score: [-20.69746814]; Action: ([1.46, 0.53, 1.4, 0.19, 1.26], [2, 0, 2, 0, 1])
Episode: 230; Tool: [ 1.22388387  3.373245    9.55532742  5.31982899 -0.83447945 -9.30670071
 -9.67743492 -1.89177656 -6.23980141 -7.8304038 ]; Score: [-20.7438401]; Action: ([0.71, 0.83, 0.38, 0.49, 2.0], [1, 1, 0, 0, 2])
Episode: 231; Tool: [-2.39368868  3.62268519  3.79905796  1.65948808 -0.38798842 -2.9243772
 -3.76628041 -1.54896331 -2.56214881 -0.82565087]; Score: [-19.29516722]; Action: ([0.6, 0.95, 0.0, 1.45, 1.98], [0, 1, 0, 2, 2])
Episode: 232; Tool: [ 1.69911671  0.29490873  5.28572178  6.64156294  2.68387818 -3.7398262
 -4.15349865 -1.44863915 -4.65031099 -2.60850787]; Score: [-13.1637631]; Action: ([0.95, 1.4, 1.38, 1.4, 1.65], [1, 2, 2, 2, 2])
Episode: 233; Tool: [-7.01232862 -2.09494185 -3.45635366 -1.89830887  1.50907528  4.35860682
  2.35264087  5.75074911  0.81619704 -0.80150145]; Score: [-8.91559867]; Action: ([1.07, 0.35, 0.93, 0.33, 1.06], [1, 0, 1, 0, 1])
Episode: 234; Tool: [-13.30191708  22.24053955  16.77505493  -4.28169107  -4.60989714
 -16.24901199 -19.96459007 -12.61493969 -13.96101665  -8.08871555]; Score: [-29.99087302]; Action: ([0.29, 1.5, 0.49, 0.53, 0.17], [0, 2, 0, 0, 0])
Episode: 235; Tool: [-14.34370804  24.06586075  18.15640831  -4.57094049  -4.37925863
 -17.69465828 -21.43689537 -13.66904736 -15.1307869   -9.46780014]; Score: [-22.88003712]; Action: ([1.63, 1.9, 0.0, 0.54, 1.46], [2, 2, 0, 0, 2])
Episode: 236; Tool: [-4.13695478 -3.54537582 -3.85418797 -4.74466181 -2.79848576  2.46771073
  2.46856809  1.36959815  3.04280639  0.23470479]; Score: [-10.8662779]; Action: ([0.67, 1.01, 0.3, 0.0, 1.09], [1, 1, 0, 0, 1])
Episode: 237; Tool: [-7.03495359 -5.15071774 -4.54317474 -8.32880688 -6.15459728  2.17208409
  1.98904538 -0.08381194  6.3207531   0.32701498]; Score: [-11.89454927]; Action: ([0.16, 1.21, 1.27, 1.26, 1.96], [0, 1, 1, 1, 2])
Episode: 238; Tool: [ 17.55605125 -14.8561964   -1.02245927  -3.00630426  -4.35022354
  -6.75760841  -6.82014751  -1.75562644  -6.86308479 -20.17744446]; Score: [-24.09078801]; Action: ([1.25, 0.63, 1.03, 1.96, 0.87], [1, 0, 1, 2, 1])
Episode: 239; Tool: [ -9.76674366  -9.28369713 -11.95630169  -9.44846821   4.15149212
   9.27817345   9.64665985   4.15584421   4.1780405   -1.46403432]; Score: [-20.21358247]; Action: ([0.54, 0.93, 1.93, 0.32, 1.71], [0, 1, 2, 0, 2])
Episode: 240; Tool: [-5.35534239 -1.47996438  0.16843297 -0.4027006  -1.70776582  0.56345212
 -0.97796166  0.70489222  1.50984311  5.43914843]; Score: [-12.34875993]; Action: ([0.27, 1.81, 1.87, 0.75, 1.02], [0, 2, 2, 1, 1])
Episode: 241; Tool: [ 17.55605125 -14.8561964   -1.02245927  -3.00630426  -4.35022354
  -6.75760841  -6.82014751  -1.75562644  -6.86308479 -20.17744446]; Score: [-23.99252921]; Action: ([1.43, 1.39, 0.27, 1.67, 0.92], [2, 2, 0, 2, 1])
Episode: 242; Tool: [ 17.55605125 -14.8561964   -1.02245927  -3.00630426  -4.35022354
  -6.75760841  -6.82014751  -1.75562644  -6.86308479 -20.17744446]; Score: [-17.35196786]; Action: ([0.21, 0.37, 0.07, 1.71, 1.36], [0, 0, 0, 2, 2])
Episode: 243; Tool: [-8.97125435 -4.60018778 -3.05967259 -2.17285347 -0.33505234  3.85992932
  1.89781213  9.54774094  0.83671987 -3.85939574]; Score: [-11.85654858]; Action: ([1.61, 0.22, 1.72, 0.67, 0.84], [2, 0, 2, 1, 1])
Episode: 244; Tool: [-7.22952175 -2.4470048   0.08265702 -1.40441549 -3.43666959  0.92210221
 -1.1913569   1.19151735  2.74673438  7.12243652]; Score: [-15.57807989]; Action: ([0.54, 2.0, 1.71, 0.25, 1.87], [0, 2, 2, 0, 2])
Episode: 245; Tool: [ 17.55605125 -14.8561964   -1.02245927  -3.00630426  -4.35022354
  -6.75760841  -6.82014751  -1.75562644  -6.86308479 -20.17744446]; Score: [-18.26313392]; Action: ([0.55, 0.6, 1.56, 0.85, 0.84], [0, 0, 2, 1, 1])
Episode: 246; Tool: [-7.55036736 -2.64660001 -0.04807107 -1.66964865 -3.54895496  0.8936764
 -1.35343409  1.40880704  3.13212085  7.89417982]; Score: [-10.38641131]; Action: ([1.5, 0.43, 1.08, 1.82, 1.09], [2, 0, 1, 2, 1])
Episode: 247; Tool: [ 1.7516675   2.35249114  8.59225368  6.11617184  0.17606536 -7.90362978
 -8.09062386 -1.52439213 -5.56952858 -6.36608076]; Score: [-23.32134332]; Action: ([0.06, 1.36, 0.05, 1.81, 1.35], [0, 2, 0, 2, 2])
Episode: 248; Tool: [-1.66774225  5.06095791  8.0229187   4.00115585 -0.7909447  -7.33975267
 -7.64474487 -2.08638906 -4.75028658 -4.47546482]; Score: [-19.09557727]; Action: ([1.96, 0.7, 1.81, 0.0, 0.57], [2, 1, 2, 0, 0])
Episode: 249; Tool: [-4.99028111 -1.49962461 -2.49285173 -1.86668718  1.79337442  2.80984235
  1.77442193  3.70958972  0.57636881 -1.08650517]; Score: [-11.1612575]; Action: ([0.26, 0.03, 0.97, 0.83, 0.65], [0, 0, 1, 1, 0])
Episode: 250; Tool: [-3.53883171  0.1767672   0.9374156   0.46389455 -0.98769498 -0.23791869
 -1.27288079  2.37955022 -0.41012985 -1.14503813]; Score: [-12.95274849]; Action: ([1.16, 0.76, 0.24, 1.92, 1.82], [1, 1, 0, 2, 2])
Episode: 251; Tool: [-3.88862491  0.2013652   1.56810284  2.99964643  4.87866735  0.2237602
 -0.65007699 -0.01840085 -3.14256287 -1.3208499 ]; Score: [-20.94307858]; Action: ([1.34, 1.75, 0.77, 0.43, 0.61], [2, 2, 1, 0, 0])
Episode: 252; Tool: [-6.11702061 -5.50322294 -5.9380784  -8.44937992 -4.82805681  3.35383105
  3.64095855  0.55540085  5.63951206 -1.02737832]; Score: [-10.39944415]; Action: ([1.29, 0.22, 1.54, 1.4, 1.11], [1, 0, 2, 2, 1])
Episode: 253; Tool: [ 2.48222518 -0.23890539  5.65320778  7.15069675  2.82236552 -4.09149504
 -4.50757217 -1.50461841 -5.08219957 -3.63281894]; Score: [-18.84139142]; Action: ([1.42, 0.9, 0.19, 1.89, 0.55], [2, 1, 0, 2, 0])
Episode: 254; Tool: [-9.8377552  -3.96159053 -5.640172   -4.77559042  5.20776701  5.82866287
  5.05830383  2.77478409  1.36027801 -1.96794653]; Score: [-16.50877105]; Action: ([0.62, 1.09, 0.35, 1.79, 0.85], [0, 1, 0, 2, 1])
Episode: 255; Tool: [-9.35388947 -3.74763298 -1.95525122 -1.13274109 -0.80052006  3.35712004
  0.71832478  9.51047421  0.04489705 -4.08497715]; Score: [-13.6075032]; Action: ([1.2, 0.05, 1.9, 0.29, 0.66], [1, 0, 2, 0, 0])
Episode: 256; Tool: [-3.8328104  -2.11640096 -1.13857734 -1.2013129  -0.96785188  1.19823194
  0.23883843  0.53450179  1.32023323  3.28520417]; Score: [-10.02313088]; Action: ([2.0, 0.88, 1.53, 0.82, 0.97], [2, 1, 2, 1, 1])
Episode: 257; Tool: [-4.59032249 -2.76447821 -2.24710059 -4.28994608 -3.64661551  1.19987822
  1.11356878  0.69615072  3.10517859 -0.2898283 ]; Score: [-11.28409753]; Action: ([0.32, 0.94, 0.93, 0.31, 1.82], [0, 1, 1, 0, 2])
Episode: 258; Tool: [-1.68940246  3.30199742  4.16299677  2.33764791 -0.70331466 -3.55550718
 -4.03545094 -1.10994101 -2.15755701 -0.50518912]; Score: [-16.94579485]; Action: ([1.41, 1.75, 1.78, 0.36, 1.3], [2, 2, 2, 0, 1])
Episode: 259; Tool: [-12.60798454  21.50681305  16.0624218   -4.08591604  -3.8350153
 -15.90563393 -19.29084015 -12.11980629 -13.28689098  -8.07504845]; Score: [-19.56199539]; Action: ([0.69, 0.6, 1.3, 0.13, 1.96], [1, 0, 1, 0, 2])
Episode: 260; Tool: [-3.98896694 -1.77567112 -2.23067856 -1.24365842  2.24304295  2.48735619
  1.66149235  3.10116911  0.15647379 -0.98547953]; Score: [-22.43836378]; Action: ([1.44, 0.27, 0.89, 0.0, 0.21], [2, 0, 1, 0, 0])
Episode: 261; Tool: [ -6.55082226 -11.88274384 -14.17073727 -11.20567036   1.58905816
   9.47162056  10.69921112   4.32823229   5.5263772   -1.76682997]; Score: [-27.31524754]; Action: ([0.06, 1.0, 0.69, 0.07, 0.43], [0, 1, 1, 0, 0])
Episode: 262; Tool: [ 1.04974174  0.10867506  4.47908163  6.12681198  2.7540195  -2.92188001
 -3.26374483 -1.27693558 -4.20379066 -1.7756784 ]; Score: [-20.56011909]; Action: ([1.38, 0.76, 0.96, 1.14, 0.04], [2, 1, 1, 1, 0])
Episode: 263; Tool: [-4.67107105 -2.90531301 -3.86232615 -4.05291843 -0.66812229  2.92313123
  2.68106103  2.36521721  2.60793924 -0.12822729]; Score: [-8.04744236]; Action: ([0.82, 1.21, 0.86, 1.31, 0.52], [1, 1, 1, 1, 0])
Episode: 264; Tool: [-6.67993307 -1.73502338  0.35499978 -0.54531127 -2.29650807  0.64634061
 -1.267501    0.8874228   1.95415735  6.92867756]; Score: [-13.1861692]; Action: ([0.24, 0.05, 0.97, 1.72, 0.49], [0, 0, 1, 2, 0])
Episode: 265; Tool: [ -9.23934746 -11.35055351 -12.4493227   -8.04628181   4.96197557
   9.98775673  11.02772141   4.05735588   3.61123371  -0.8797161 ]; Score: [-14.55506884]; Action: ([2.0, 0.53, 0.21, 0.4, 1.48], [2, 0, 0, 0, 2])
Episode: 266; Tool: [-11.06519508  17.71203423  13.81205463  -2.7802639   -4.05453777
 -12.93130493 -15.86510277  -9.88237286 -11.22103691  -6.15323687]; Score: [-21.38131729]; Action: ([0.42, 0.56, 1.51, 0.77, 0.66], [0, 0, 2, 1, 0])
Episode: 267; Tool: [-10.09325409  -3.31671262  -2.4949832   -2.10022688  -1.08499753
   3.74549866   1.33608925   9.18183327   0.77501321  -3.6715858 ]; Score: [-11.75305398]; Action: ([1.08, 2.0, 1.4, 0.35, 0.62], [1, 2, 2, 0, 0])
Episode: 268; Tool: [-1.0764755   0.15985546  0.70903653  1.44580603  1.18646848 -0.24616547
 -0.76632488 -0.20516741 -1.12730539  0.42073798]; Score: [-21.15192856]; Action: ([1.59, 1.59, 1.18, 0.36, 0.47], [2, 2, 1, 0, 0])
Episode: 269; Tool: [ -9.34406376  16.20238686  12.5870924   -2.83991814  -3.15651298
 -11.94453526 -15.0176487   -9.5926733  -10.86766243  -6.48496389]; Score: [-15.25191306]; Action: ([1.83, 1.29, 0.5, 1.17, 1.37], [2, 1, 0, 1, 2])
Episode: 270; Tool: [-5.54004574 -1.78013384 -1.94020855 -0.49029893  4.26717854  2.72303009
  2.05474758  1.55223107 -0.76641917 -0.40241235]; Score: [-18.1215681]; Action: ([1.01, 0.49, 0.34, 1.29, 0.33], [1, 0, 0, 1, 0])
Episode: 271; Tool: [-13.79860306  23.0182972   17.18914413  -4.54567385  -4.70840073
 -16.82258606 -20.54565239 -12.90954781 -14.18260193  -8.11357784]; Score: [-26.00733316]; Action: ([0.38, 1.98, 0.09, 0.85, 1.55], [0, 2, 0, 1, 2])
Episode: 272; Tool: [-0.11583069  3.39895177  7.34669733  4.58132458  0.12096563 -6.63959408
 -6.83101559 -1.68673325 -4.62730789 -4.60964918]; Score: [-17.69236789]; Action: ([0.19, 0.39, 0.96, 1.86, 1.66], [0, 0, 1, 2, 2])
Episode: 273; Tool: [-4.034091   -2.19126225 -0.54270262 -1.24962699 -2.05303025  1.0321461
 -0.42093879  0.87646943  1.28172088  4.1186533 ]; Score: [-9.42613493]; Action: ([1.36, 1.29, 1.36, 1.29, 1.54], [2, 1, 2, 1, 2])
Episode: 274; Tool: [-5.88915157  0.42487791  0.52158254 -0.24730842 -0.70762002  0.71840537
 -1.10823178  3.42185569 -0.81857407 -1.77739906]; Score: [-12.44683506]; Action: ([0.49, 2.0, 1.81, 0.71, 0.89], [0, 2, 2, 1, 1])
Episode: 275; Tool: [-6.58431149 -3.98036337 -4.83759785 -2.07221651  2.82220244  5.37561131
  3.93374705  6.23862457  0.99171138 -0.39024222]; Score: [-11.49286074]; Action: ([0.64, 0.31, 0.0, 1.18, 1.18], [0, 0, 0, 1, 1])
Episode: 276; Tool: [-13.35820198  22.58198929  16.95563126  -4.12319899  -4.14037895
 -16.62839317 -20.15639877 -12.66497517 -13.9406929   -8.34688091]; Score: [-23.36204047]; Action: ([0.17, 0.88, 0.22, 0.74, 1.87], [0, 1, 0, 1, 2])
Episode: 277; Tool: [ 0.43079993  3.5041368   8.86727142  5.28671694 -0.80007589 -8.35888004
 -8.5986824  -1.67867517 -5.45138741 -6.28928089]; Score: [-16.62642861]; Action: ([0.61, 0.58, 1.5, 0.62, 2.0], [0, 0, 2, 0, 2])
Episode: 278; Tool: [-8.36179733 -9.14382172 -9.9487257  -6.4502635   4.90672398  8.28208542
  9.13472652  3.89006114  2.80165315 -1.20900607]; Score: [-16.5129807]; Action: ([1.62, 0.19, 0.77, 0.57, 0.76], [2, 0, 1, 0, 1])
Episode: 279; Tool: [ 1.36140597  2.31441712  7.96806383  5.6367116  -0.03445181 -7.2775898
 -7.51382065 -1.46117902 -5.12740517 -5.71421862]; Score: [-19.04388395]; Action: ([0.77, 1.43, 1.16, 0.55, 1.38], [1, 2, 1, 0, 2])
Episode: 280; Tool: [ 0.76619124  3.08179235  8.42469025  5.78593206 -0.05177602 -7.56057549
 -7.78997707 -1.65645576 -5.26886177 -5.33025789]; Score: [-18.17713106]; Action: ([0.39, 0.64, 1.34, 1.17, 1.16], [0, 0, 2, 1, 1])
Episode: 281; Tool: [-12.3084259   19.79500771  15.43996716  -3.06197739  -4.01931763
 -14.52518463 -17.54946709 -11.04970074 -12.5532856   -7.43833065]; Score: [-11.98994948]; Action: ([1.53, 0.85, 1.7, 1.07, 1.24], [2, 1, 2, 1, 1])
Episode: 282; Tool: [-3.94610691 -1.87602353 -0.4742111   1.85191321  4.18385887  1.68392372
  1.43458569  0.21651059 -1.81818128 -0.12658226]; Score: [-13.33760993]; Action: ([1.04, 1.15, 0.19, 1.39, 1.8], [1, 1, 0, 2, 2])
Episode: 283; Tool: [-4.87349176 -1.96146369 -1.4368453   0.11705823  3.78768802  2.33579183
  2.03328252  1.00873494 -0.79445803 -0.43923736]; Score: [-17.19600857]; Action: ([0.22, 1.04, 0.31, 1.31, 1.63], [0, 1, 0, 1, 2])
Episode: 284; Tool: [-7.88673592 -5.62742186 -7.74127579 -7.67312956 -1.29209793  6.01741886
  5.61562824  4.81552362  4.52628708 -0.83417267]; Score: [-24.81199274]; Action: ([0.01, 0.69, 0.3, 0.36, 0.78], [0, 1, 0, 0, 1])
Episode: 285; Tool: [-5.41494417 -2.68251085 -3.42183638 -1.72661889  2.80887437  3.93230057
  2.57390714  4.86224079  0.55985034 -1.06156301]; Score: [-12.82953018]; Action: ([0.18, 0.11, 0.67, 1.32, 1.57], [0, 0, 1, 1, 2])
Episode: 286; Tool: [ -5.04355574 -11.31034088 -14.07874584 -12.1916647    0.18152657
   8.47041512   9.93849087   4.52057505   5.75257778  -2.68834996]; Score: [-14.92375376]; Action: ([0.53, 0.4, 0.93, 1.36, 1.16], [0, 0, 1, 2, 1])
Episode: 287; Tool: [-7.328372   -1.90358138 -3.81325603 -3.560215    3.11376595  3.92589855
  3.07429719  5.09122372  0.90041924 -2.2493279 ]; Score: [-11.7503201]; Action: ([0.13, 1.13, 0.86, 1.75, 0.38], [0, 1, 1, 2, 0])
Episode: 288; Tool: [ -9.81186867  16.15330505  13.73180294  -0.50341696  -2.88832736
 -12.01577759 -14.50568581  -9.02360153 -10.85461426  -6.41831446]; Score: [-27.34523742]; Action: ([0.23, 1.75, 0.56, 0.75, 0.64], [0, 2, 0, 1, 0])
Episode: 289; Tool: [-4.4441967  -0.1305168   0.7179175   1.91295123  4.58199883  0.80154067
 -0.07619512  0.29446203 -2.51084185 -1.29252243]; Score: [-15.28687224]; Action: ([1.76, 0.65, 1.26, 0.31, 1.04], [2, 0, 1, 0, 1])
Episode: 290; Tool: [-4.05361748 -1.19287813  0.13357224 -0.39210469 -1.37689912  0.31112623
 -0.88690996  0.61114258  1.27509069  4.07630444]; Score: [-8.57196694]; Action: ([1.4, 1.32, 1.31, 0.92, 1.41], [2, 1, 1, 1, 2])
Episode: 291; Tool: [ -8.48524475 -10.48245716 -12.81936741 -10.9992857    3.36460829
   9.19931602  10.4829607    5.23877192   5.3670435   -2.91842103]; Score: [-21.52402745]; Action: ([1.02, 1.47, 0.39, 0.09, 1.19], [1, 2, 0, 0, 1])
Episode: 292; Tool: [-4.00527191 -2.99371934 -2.71981382 -2.66219616 -1.02159238  2.17142558
  1.62522912  0.94188499  1.85343552  2.02610993]; Score: [-14.14879815]; Action: ([0.44, 1.28, 0.02, 0.24, 1.75], [0, 1, 0, 0, 2])
Episode: 293; Tool: [-1.08659244  5.15009499  9.37852955  4.83622789 -1.38904893 -8.75284672
 -9.13081741 -2.16962147 -5.53385925 -5.81317663]; Score: [-19.74707052]; Action: ([0.83, 0.29, 0.91, 1.06, 1.01], [1, 0, 1, 1, 1])
Episode: 294; Tool: [ -9.02423954  15.63894272  13.48917675  -0.12921469  -2.58618164
 -11.69759178 -14.33334541  -8.96823215 -10.82815933  -6.51409578]; Score: [-15.49170672]; Action: ([1.75, 0.0, 1.17, 1.72, 0.78], [2, 0, 1, 2, 1])
Episode: 295; Tool: [-6.23844528 -1.52219653 -1.78369784 -0.63500512  4.39268827  2.73913479
  1.96443987  1.25983763 -0.72776365 -0.55313426]; Score: [-15.83665599]; Action: ([0.41, 0.88, 1.22, 1.39, 1.1], [0, 1, 1, 2, 1])
Episode: 296; Tool: [-4.61195898 -0.71285748  0.22160213  1.96379972  4.77527857  1.28990281
  0.59659731  0.48878843 -2.33256483 -0.73737192]; Score: [-13.67475763]; Action: ([1.19, 0.42, 0.08, 1.94, 1.0], [1, 0, 0, 2, 1])
Episode: 297; Tool: [ 17.55605125 -14.8561964   -1.02245927  -3.00630426  -4.35022354
  -6.75760841  -6.82014751  -1.75562644  -6.86308479 -20.17744446]; Score: [-18.75216955]; Action: ([0.0, 1.12, 1.75, 0.23, 1.05], [0, 1, 2, 0, 1])
Episode: 298; Tool: [-4.70230961 -2.20544147 -3.37074375 -2.61371708  0.64767361  3.01132965
  2.16351032  3.72124577  1.45000482 -0.1263327 ]; Score: [-11.55613435]; Action: ([0.67, 1.58, 1.58, 1.55, 0.45], [1, 2, 2, 2, 0])
Episode: 299; Tool: [ -8.83205605  -9.08278465 -10.13392735  -5.49253607   5.33488607
   8.90793228   9.24391079   3.41629362   2.57030487   0.66226298]; Score: [-16.58023529]; Action: ([0.97, 0.28, 1.82, 1.22, 0.99], [1, 0, 2, 1, 1])
Episode: 300; Tool: [ -8.9564209   15.36110687  12.43748856  -2.40980482  -3.11180162
 -11.17133331 -14.33679295  -9.38792896 -11.04515171  -6.48245287]; Score: [-16.77248788]; Action: ([1.53, 0.44, 0.41, 1.2, 1.51], [2, 0, 0, 1, 2])
