Episode: 0; Tool: [-4.95044947 -6.84813166 -8.92198753 -8.33804893 -0.64480412  5.76938248
  6.26570511  3.36229467  4.69092321 -1.01476693]; Score: [-12.04634919]; Action: ([1.86, 1.94, 0.14, 1.76, 1.6], [2, 2, 0, 2, 2])
Episode: 1; Tool: [-1.84354806  3.25174332  3.74088573  3.88199663  0.80590284 -2.38030314
 -3.67708206 -1.520612   -2.90754604  0.79774624]; Score: [-33.10940925]; Action: ([0.15, 0.27, 0.22, 0.31, 0.34], [0, 0, 0, 0, 0])
Episode: 2; Tool: [-4.93477106 -5.15056324 -6.99552917 -5.61732578  1.02358842  5.1635747
  5.09152031  3.70695758  3.08261561 -0.02284473]; Score: [-8.87061628]; Action: ([1.6, 1.77, 1.27, 1.95, 1.96], [2, 2, 1, 2, 2])
Episode: 3; Tool: [-13.42790222  22.31965828  16.94328499  -3.85416651  -4.06687689
 -16.48726845 -19.80928612 -12.45169735 -13.80722809  -8.48186111]; Score: [-18.4697204]; Action: ([0.71, 0.44, 0.28, 1.95, 1.48], [1, 0, 0, 2, 2])
Episode: 4; Tool: [-12.15392876  20.53872871  15.70812893  -3.29835463  -4.13243675
 -15.09119606 -18.49264717 -11.52121925 -12.81742859  -7.27268839]; Score: [-16.16759283]; Action: ([1.43, 1.62, 1.58, 1.32, 0.5], [2, 2, 2, 1, 0])
Episode: 5; Tool: [-7.9203825  -4.6071043  -6.18208408 -5.64801264  3.37591529  5.30539894
  5.28974628  2.55557132  2.15890288 -2.31187868]; Score: [-21.94306868]; Action: ([0.39, 0.18, 0.89, 0.55, 0.86], [0, 0, 1, 0, 1])
Episode: 6; Tool: [-5.83471489 -2.18983293 -0.14579259 -0.9720512  -2.48429084  0.97510803
 -0.73490703  0.99960041  1.93990183  5.74233484]; Score: [-8.22092425]; Action: ([1.36, 1.39, 1.31, 1.25, 0.92], [2, 2, 1, 1, 1])
Episode: 7; Tool: [-4.04782915 -0.05835125  1.26925874  2.86567688  4.7951827   0.47464103
 -0.37457085 -0.12595516 -3.00441384 -1.04896212]; Score: [-10.42825815]; Action: ([1.42, 1.77, 1.5, 1.8, 1.94], [2, 2, 2, 2, 2])
Episode: 8; Tool: [ -4.96029091   9.17467117  10.56713581   2.42742991  -2.96326208
  -9.50681496 -10.64663506  -4.17667532  -6.78740883  -5.28647375]; Score: [-23.18557805]; Action: ([0.32, 1.34, 0.25, 0.75, 1.74], [0, 2, 0, 1, 2])
Episode: 9; Tool: [ -9.04717159  14.17920303  12.24186707  -0.60107464  -2.81572318
 -10.49425411 -12.72436714  -8.01974392  -9.83657742  -5.88923645]; Score: [-19.48447941]; Action: ([0.91, 0.72, 0.79, 1.36, 0.57], [1, 1, 1, 2, 0])
Episode: 10; Tool: [-6.22504425 -6.96513748 -9.02641964 -6.95220709  1.54889154  6.63159752
  6.84420586  3.08848643  3.61857963  0.35049087]; Score: [-15.55024056]; Action: ([0.58, 0.86, 1.67, 0.91, 1.89], [0, 1, 2, 1, 2])
Episode: 11; Tool: [-6.24899054 -4.48360491 -6.29678345 -5.30574083  1.94696355  5.05090141
  4.80750465  2.17143345  2.72274852 -0.19721228]; Score: [-12.87376759]; Action: ([0.99, 1.42, 0.59, 1.78, 1.17], [1, 2, 0, 2, 1])
Episode: 12; Tool: [-7.328372   -1.90358138 -3.81325603 -3.560215    3.11376595  3.92589855
  3.07429719  5.09122372  0.90041924 -2.2493279 ]; Score: [-12.05491673]; Action: ([1.29, 0.58, 1.92, 0.91, 0.12], [1, 0, 2, 1, 0])
Episode: 13; Tool: [-12.17202568  20.75356483  15.36958599  -3.73288727  -3.17739582
 -15.54112053 -18.44961357 -11.41929913 -12.39945221  -7.8275485 ]; Score: [-17.10268385]; Action: ([1.82, 0.98, 1.68, 0.15, 0.81], [2, 1, 2, 0, 1])
Episode: 14; Tool: [-5.70266342 -4.39010525 -4.09629679 -6.82571697 -4.30551243  2.14260006
  2.11343026  0.43231392  4.95739555 -0.44961339]; Score: [-9.52684571]; Action: ([1.26, 1.57, 1.06, 0.93, 1.79], [1, 2, 1, 1, 2])
Episode: 15; Tool: [ -9.14182472 -11.35017967 -14.29716396 -10.76184559   2.32294869
  10.51086044  11.11617088   4.57966328   5.49594164   0.17414314]; Score: [-13.87324928]; Action: ([0.89, 1.37, 0.43, 1.88, 1.04], [1, 2, 0, 2, 1])
Episode: 16; Tool: [-7.64060068 -6.04581308 -6.57086563 -9.35699177 -4.21863365  4.05173063
  4.18610191  0.68723691  6.48362541 -0.796341  ]; Score: [-15.08127841]; Action: ([1.54, 0.07, 1.49, 1.69, 0.02], [2, 0, 2, 2, 0])
Episode: 17; Tool: [ -4.54933262   8.93665504  10.12197113   1.7593919   -2.20351005
  -9.26032925 -10.46806526  -4.47251463  -7.08979225  -6.02943707]; Score: [-31.34427017]; Action: ([0.1, 0.12, 1.24, 0.3, 0.0], [0, 0, 1, 0, 0])
Episode: 18; Tool: [-6.3334341  -5.28925705 -4.29335117 -8.08299351 -5.29857254  1.73250461
  1.58821702  0.20114499  6.14075327 -0.16499919]; Score: [-10.18676756]; Action: ([0.62, 0.51, 1.27, 1.09, 0.2], [0, 0, 1, 1, 0])
Episode: 19; Tool: [-13.29717636  23.12516212  17.27329636  -4.52436399  -4.38128662
 -17.00624275 -20.93244362 -13.24570942 -14.50404835  -8.65359306]; Score: [-23.9915934]; Action: ([0.08, 1.66, 0.77, 1.61, 0.6], [0, 2, 1, 2, 0])
Episode: 20; Tool: [-6.59133339 -2.92142487 -4.28117561 -2.54952192  2.18684673  4.72277403
  3.0612781   6.05279064  1.11679018 -0.83809894]; Score: [-14.52729559]; Action: ([1.74, 1.79, 0.46, 0.5, 1.91], [2, 2, 0, 0, 2])
Episode: 21; Tool: [-7.12558937 -2.93526435 -0.83465719 -1.49357045 -3.02768445  1.52903771
 -0.48347992  1.43024158  2.43496394  7.37834644]; Score: [-9.53252269]; Action: ([1.09, 1.53, 0.91, 1.17, 0.15], [1, 2, 1, 1, 0])
Episode: 22; Tool: [-7.4515667  -2.32515168  0.0530196  -1.29493868 -3.15286756  0.84434777
 -1.3217566   1.1714313   2.77409935  7.60591269]; Score: [-14.04485184]; Action: ([1.98, 0.03, 1.64, 1.09, 1.54], [2, 0, 2, 1, 2])
Episode: 23; Tool: [ -6.55082226 -11.88274384 -14.17073727 -11.20567036   1.58905816
   9.47162056  10.69921112   4.32823229   5.5263772   -1.76682997]; Score: [-14.64727734]; Action: ([1.55, 0.95, 1.96, 1.41, 0.75], [2, 1, 2, 2, 1])
Episode: 24; Tool: [-13.22161293  22.18099785  16.81575584  -4.28418303  -4.66211891
 -16.1978302  -20.01695824 -12.73298645 -14.13749599  -8.35192776]; Score: [-24.15491062]; Action: ([0.26, 0.64, 1.15, 0.81, 0.44], [0, 0, 1, 1, 0])
Episode: 25; Tool: [ -5.00346518 -13.85162735 -16.7143898  -13.61240196   0.60730469
  10.32980442  11.84015083   5.76570177   6.86507702  -2.08693004]; Score: [-21.23713291]; Action: ([1.85, 1.47, 1.74, 0.32, 0.25], [2, 2, 2, 0, 0])
Episode: 26; Tool: [-11.03835106  17.91915703  14.16438198  -2.52995872  -2.89839482
 -13.34247971 -15.91067886 -10.12994099 -11.64953518  -7.65647411]; Score: [-19.2231262]; Action: ([1.2, 0.4, 0.33, 0.99, 1.5], [1, 0, 0, 1, 2])
Episode: 27; Tool: [-6.55967665 -3.57711697 -4.81980896 -3.01037383  1.82138574  5.02670479
  3.52261329  6.27484703  1.61987531 -0.86026591]; Score: [-12.18344592]; Action: ([1.73, 0.54, 1.65, 1.01, 1.82], [2, 0, 2, 1, 2])
Episode: 28; Tool: [-5.70566845 -1.6971103  -1.53910542 -0.58610791  3.9658258   2.4365654
  1.91198802  1.08187973 -0.67343366 -0.94819409]; Score: [-13.45025742]; Action: ([1.31, 1.16, 0.33, 1.24, 1.17], [1, 1, 0, 1, 1])
Episode: 29; Tool: [ -5.5906415  -10.53434563 -13.74318981 -11.82745075  -0.31143698
   8.69394493   9.49950409   5.16192722   6.32187319  -0.81065196]; Score: [-18.15988276]; Action: ([1.61, 1.95, 1.29, 1.48, 0.1], [2, 2, 1, 2, 0])
Episode: 30; Tool: [-4.61958408 -3.29761219 -2.34371281 -4.79059219 -3.55004478  1.0674566
  0.63272947 -0.01534685  3.96271729  0.98973757]; Score: [-13.3782354]; Action: ([0.07, 1.88, 1.35, 0.47, 1.39], [0, 2, 2, 0, 2])
Episode: 31; Tool: [ -9.91966248 -14.36397076 -18.20195198 -16.07404709   2.07188511
  12.40422535  14.09163284   6.24132156   8.50664234  -3.85068011]; Score: [-11.73935865]; Action: ([1.81, 0.36, 1.54, 1.18, 1.6], [2, 0, 2, 1, 2])
Episode: 32; Tool: [-6.76035404 -4.22232628 -5.58273602 -5.364573    2.62247109  4.56389046
  4.64618397  2.2582171   2.20704389 -2.15693402]; Score: [-11.58472168]; Action: ([1.81, 1.29, 1.36, 1.98, 0.63], [2, 1, 2, 2, 0])
Episode: 33; Tool: [-0.19461325  4.01293755  8.58639145  5.12606335 -0.57082593 -7.87191868
 -8.13775444 -1.82348204 -5.20230913 -5.29137087]; Score: [-17.14231082]; Action: ([1.54, 1.55, 1.38, 0.7, 0.84], [2, 2, 2, 1, 1])
Episode: 34; Tool: [-7.00016546 -4.84032965 -3.70608544 -7.57095003 -5.73867655  1.74756634
  1.26652074 -0.0654549   6.10954571  1.14993453]; Score: [-10.73580686]; Action: ([0.85, 1.33, 0.46, 1.14, 0.0], [1, 1, 0, 1, 0])
Episode: 35; Tool: [ -9.05373383 -14.10681725 -17.14206314 -13.40400219   3.27113533
  11.94897842  13.46772861   5.95574141   6.43998432  -2.25465131]; Score: [-15.46988965]; Action: ([1.67, 1.29, 0.99, 0.29, 1.09], [2, 1, 1, 0, 1])
Episode: 36; Tool: [-6.51246357 -2.96216536 -4.6296792  -3.28322744  1.70901239  4.56689978
  3.23151183  5.54302073  1.79307175 -0.32250333]; Score: [-14.70352514]; Action: ([1.43, 0.16, 0.29, 0.11, 0.34], [2, 0, 0, 0, 0])
Episode: 37; Tool: [-7.22323704 -3.344769   -4.82812691 -4.38565254  3.67122865  4.32047224
  4.0007534   2.41755056  1.0830369  -1.83875751]; Score: [-20.0469522]; Action: ([0.83, 0.86, 0.3, 0.77, 0.52], [1, 1, 0, 1, 0])
Episode: 38; Tool: [-7.55698299 -2.77561808 -0.22514321 -1.92617023 -3.74931383  0.95749807
 -1.25880814  1.45130181  3.2988534   7.76294756]; Score: [-8.24214798]; Action: ([1.34, 1.31, 0.74, 0.67, 1.18], [2, 1, 1, 1, 1])
Episode: 39; Tool: [-5.28435326 -2.69070411 -3.81790447 -2.2251482   3.24836421  3.79477692
  3.07043552  1.96956277  0.78944218  0.51829666]; Score: [-16.04097362]; Action: ([1.63, 0.44, 1.39, 0.35, 1.33], [2, 0, 2, 0, 1])
Episode: 40; Tool: [ -5.00346518 -13.85162735 -16.7143898  -13.61240196   0.60730469
  10.32980442  11.84015083   5.76570177   6.86507702  -2.08693004]; Score: [-16.96867098]; Action: ([1.22, 0.52, 1.69, 0.31, 1.76], [1, 0, 2, 0, 2])
Episode: 41; Tool: [-6.10667515 -8.09068012 -5.89780474 -3.89703989  1.08415866  4.9386301
  4.52920437  9.62930012  1.93362164 -4.39496565]; Score: [-16.23260841]; Action: ([2.0, 1.71, 1.76, 0.45, 0.05], [2, 2, 2, 0, 0])
Episode: 42; Tool: [-10.19050694  -7.30238008 -10.42261887  -9.54654408   2.43426466
   8.15560341   8.26938915   2.91878319   4.90392208  -1.29015064]; Score: [-19.51747283]; Action: ([0.67, 1.94, 1.23, 0.42, 1.53], [1, 2, 1, 0, 2])
Episode: 43; Tool: [-6.37802505 -4.25494719 -6.09578991 -4.92929077  1.83777416  5.2302599
  4.57601929  4.14747667  2.75682044 -0.03977352]; Score: [-19.9292731]; Action: ([0.44, 1.69, 0.74, 0.89, 0.88], [0, 2, 1, 1, 1])
Episode: 44; Tool: [ -7.18565369  -7.32725573 -10.0283556   -8.4062109    1.86939418
   7.42967224   7.61852264   4.32783508   4.69586945   0.21855766]; Score: [-23.50870615]; Action: ([1.37, 0.66, 0.19, 0.15, 0.23], [2, 0, 0, 0, 0])
Episode: 45; Tool: [ 17.55605125 -14.8561964   -1.02245927  -3.00630426  -4.35022354
  -6.75760841  -6.82014751  -1.75562644  -6.86308479 -20.17744446]; Score: [-13.79040035]; Action: ([0.54, 0.14, 0.28, 0.44, 1.53], [0, 0, 0, 0, 2])
Episode: 46; Tool: [-3.65196133  1.86116219  2.21421719  1.17892647 -0.42189071 -0.95992017
 -2.34098434  0.60109586 -1.57596862 -0.12004483]; Score: [-21.17765555]; Action: ([0.08, 0.25, 1.79, 0.54, 1.57], [0, 0, 2, 0, 2])
Episode: 47; Tool: [ 1.52042031  0.47979775  4.60879421  4.82677794  1.53979445 -3.7281549
 -3.96073461 -0.8684935  -3.47762322 -2.62178063]; Score: [-19.9095224]; Action: ([1.78, 1.53, 0.2, 0.85, 1.09], [2, 2, 0, 1, 1])
Episode: 48; Tool: [-7.97531748 -7.58977032 -2.42564964 -1.4880116  -0.96788728  2.70899343
  1.35241556 11.84923458  0.1648086  -6.36185598]; Score: [-12.50489435]; Action: ([1.35, 0.26, 0.97, 0.35, 1.97], [2, 0, 1, 0, 2])
Episode: 49; Tool: [-1.0764755   0.15985546  0.70903653  1.44580603  1.18646848 -0.24616547
 -0.76632488 -0.20516741 -1.12730539  0.42073798]; Score: [-22.31535591]; Action: ([1.52, 1.82, 1.86, 0.18, 0.24], [2, 2, 2, 0, 0])
Episode: 50; Tool: [-4.9315691  -2.09340739 -0.41995752 -0.96612912 -2.14684677  0.96987069
 -0.46476239  0.97151953  1.66460848  4.81858921]; Score: [-10.812352]; Action: ([0.19, 0.0, 0.99, 0.97, 0.79], [0, 0, 1, 1, 1])
Episode: 51; Tool: [-4.93477106 -5.15056324 -6.99552917 -5.61732578  1.02358842  5.1635747
  5.09152031  3.70695758  3.08261561 -0.02284473]; Score: [-23.40318904]; Action: ([0.32, 1.64, 0.96, 0.57, 0.45], [0, 2, 1, 0, 0])
Episode: 52; Tool: [-6.01672316 -1.89733577 -3.07245827 -1.81330359  1.00676417  3.70226097
  2.17438769  4.72976065  0.94374347 -0.37269109]; Score: [-22.93344593]; Action: ([0.74, 0.0, 0.0, 1.39, 0.31], [1, 0, 0, 2, 0])
Episode: 53; Tool: [-1.92171502  1.08356476  1.5824163   0.94825476 -0.6914556  -1.00260258
 -1.93259513  0.43494651 -1.10189962 -0.19498187]; Score: [-21.13503559]; Action: ([0.73, 0.36, 1.32, 1.78, 0.0], [1, 0, 1, 2, 0])
Episode: 54; Tool: [-2.30757523  6.2230978   9.13533878  3.11183405 -2.17536712 -8.83148956
 -9.44826794 -2.51116276 -5.52469063 -5.65905619]; Score: [-21.76433332]; Action: ([1.3, 1.22, 0.38, 0.08, 1.58], [1, 1, 0, 0, 2])
Episode: 55; Tool: [ 1.19668603 -0.02118203  4.53475428  6.14680243  2.65746975 -3.02738142
 -3.37407899 -1.26254249 -4.26590633 -2.05559015]; Score: [-23.55463383]; Action: ([0.36, 0.33, 0.88, 1.96, 0.13], [0, 0, 1, 2, 0])
Episode: 56; Tool: [-5.52920151 -1.47544456  0.14780653  0.3943755  -0.77506292  0.92751002
 -0.66658521  5.19557428 -0.5430938  -2.03211951]; Score: [-9.53609775]; Action: ([0.62, 0.56, 0.32, 1.04, 1.29], [0, 0, 0, 1, 1])
Episode: 57; Tool: [-2.66696525 -0.06997502  1.81571507  3.48217344  4.38865662 -0.15352546
 -0.79293334 -0.21080643 -3.09511423 -1.08897877]; Score: [-15.18913703]; Action: ([0.8, 1.88, 0.84, 1.63, 1.1], [1, 2, 1, 2, 1])
Episode: 58; Tool: [-7.57702541 -3.0274632  -4.67111063 -2.94930816  2.17595077  5.1917882
  3.34538579  6.73649836  1.2189424  -1.03150415]; Score: [-11.8926971]; Action: ([1.58, 1.52, 1.4, 0.35, 0.45], [2, 2, 2, 0, 0])
Episode: 59; Tool: [ 1.53372335  2.87791228  9.42180443  5.56126547 -0.79997408 -9.1376524
 -9.43912315 -1.69942498 -6.13610268 -7.83226728]; Score: [-13.85527223]; Action: ([0.49, 0.9, 2.0, 1.06, 1.76], [0, 1, 2, 1, 2])
Episode: 60; Tool: [-4.22500515 -3.47386551 -2.99133396 -4.54486513 -2.31595278  1.87294626
  1.50837708  0.69881779  3.508039    0.70381635]; Score: [-12.93587661]; Action: ([1.2, 1.43, 0.22, 1.59, 0.06], [1, 2, 0, 2, 0])
Episode: 61; Tool: [ 17.55605125 -14.8561964   -1.02245927  -3.00630426  -4.35022354
  -6.75760841  -6.82014751  -1.75562644  -6.86308479 -20.17744446]; Score: [-14.97805537]; Action: ([0.8, 0.78, 1.18, 0.25, 0.49], [1, 1, 1, 0, 0])
Episode: 62; Tool: [-5.57895565e+00 -1.00648413e+01 -1.25231638e+01 -1.09074755e+01
  3.74346972e-04  8.02746487e+00  8.90387344e+00  3.99362564e+00
  5.88244915e+00 -1.24100709e+00]; Score: [-16.47223497]; Action: ([0.85, 0.42, 0.45, 1.61, 0.76], [1, 0, 0, 2, 1])
Episode: 63; Tool: [-1.61202037 -0.83275878 -0.02176451 -0.18480812 -0.67775285  0.15677939
 -0.37553853  0.43893474  0.46227226  1.40710115]; Score: [-19.63985562]; Action: ([0.1, 0.31, 1.03, 1.05, 1.13], [0, 0, 1, 1, 1])
Episode: 64; Tool: [ 1.31980705  3.40323687  9.88216114  5.74868536 -0.73749769 -9.53932476
 -9.84409714 -1.86862445 -6.3659091  -7.90027666]; Score: [-24.07756007]; Action: ([0.72, 0.59, 0.11, 1.6, 0.44], [1, 0, 0, 2, 0])
Episode: 65; Tool: [ -8.29294395 -11.56289387 -14.91655445 -12.01541424   2.85034394
  10.39050674  11.45259857   5.44753599   5.88802624  -1.64505363]; Score: [-12.50582372]; Action: ([0.67, 1.29, 0.32, 1.91, 1.81], [1, 1, 0, 2, 2])
Episode: 66; Tool: [-8.48132324 -2.76797247  0.22637208 -2.11511874 -4.36629915  0.65937352
 -1.88372374  1.58859611  3.93819165  8.90999222]; Score: [-11.33721957]; Action: ([0.22, 0.44, 1.42, 0.93, 1.6], [0, 0, 2, 1, 2])
Episode: 67; Tool: [-12.89734364  21.48366547  16.39946747  -3.4587574   -4.29857206
 -15.75858116 -19.14732552 -11.90856361 -13.2532053   -7.46603298]; Score: [-19.78984277]; Action: ([1.13, 1.1, 0.94, 0.23, 1.23], [1, 1, 1, 0, 1])
Episode: 68; Tool: [-5.28435326 -2.69070411 -3.81790447 -2.2251482   3.24836421  3.79477692
  3.07043552  1.96956277  0.78944218  0.51829666]; Score: [-23.96476933]; Action: ([0.21, 1.3, 0.27, 0.3, 0.96], [0, 1, 0, 0, 1])
Episode: 69; Tool: [-6.1337676  -2.32134295  0.01671828 -0.96810287 -2.87584186  1.08201277
 -0.69645756  1.07015181  1.91564941  5.89954472]; Score: [-14.24257959]; Action: ([1.88, 1.89, 1.47, 1.98, 1.01], [2, 2, 2, 2, 1])
Episode: 70; Tool: [-4.76118088 -2.80269909 -1.26274621 -1.35505366 -1.94895017  1.54746032
  0.13537383  1.20119357  1.70601153  4.86792517]; Score: [-10.47365327]; Action: ([0.39, 1.15, 0.79, 0.48, 1.67], [0, 1, 1, 0, 2])
Episode: 71; Tool: [-5.81832504 -2.1948061  -2.88746333 -2.21079302  3.49864697  3.1790638
  2.63936448  1.92084742  0.37725475 -1.13028812]; Score: [-16.84638564]; Action: ([1.72, 2.0, 0.74, 1.06, 0.57], [2, 2, 1, 1, 0])
Episode: 72; Tool: [-8.60802078 -0.17911142  0.44056052 -0.32093173 -2.08979988  1.15025687
 -1.2203269   6.09689665 -0.39457145 -2.59474206]; Score: [-14.42040634]; Action: ([0.41, 0.13, 1.87, 1.74, 1.37], [0, 0, 2, 2, 2])
Episode: 73; Tool: [ -5.01390648   9.39197826   9.91745949   2.15755272  -2.41544771
  -8.48783684 -10.06256104  -4.81649256  -6.89005661  -4.45707941]; Score: [-22.41335541]; Action: ([0.94, 0.1, 0.49, 0.63, 1.39], [1, 0, 0, 0, 2])
Episode: 74; Tool: [-1.20300698  4.91108847  8.74798107  4.21135759 -1.60511625 -8.26251125
 -8.68891621 -2.02725267 -5.16821575 -5.44028473]; Score: [-19.53120952]; Action: ([0.34, 0.27, 1.35, 0.99, 1.36], [0, 0, 2, 1, 2])
Episode: 75; Tool: [-4.86087751 -3.22706079 -4.3585701  -3.41428614  0.05043796  3.70555425
  2.99580336  3.8001852   1.9128387   0.59450364]; Score: [-16.10504223]; Action: ([1.24, 0.74, 0.9, 0.08, 1.7], [1, 1, 1, 0, 2])
Episode: 76; Tool: [-5.60364151 -0.56069076 -0.79695761 -0.13259332  4.1525259   1.80034399
  0.78977537  0.79155236 -1.4822855  -1.27302742]; Score: [-21.24386475]; Action: ([0.63, 1.92, 1.79, 1.64, 0.37], [0, 2, 2, 2, 0])
Episode: 77; Tool: [-13.83831692  23.88279533  17.8086071   -4.98470831  -4.57260227
 -17.44585228 -21.57369041 -13.79296112 -15.17806053  -9.01227856]; Score: [-22.9792075]; Action: ([0.19, 0.57, 0.07, 1.29, 1.77], [0, 0, 0, 1, 2])
Episode: 78; Tool: [-4.48864079e+00 -7.60204434e-01 -6.49735272e-01 -2.13821873e-01
  3.45554948e-03  1.46354687e+00  8.74141753e-02  3.38637710e+00
 -1.84087664e-01 -9.14285600e-01]; Score: [-9.03851079]; Action: ([0.64, 0.87, 0.73, 0.2, 0.98], [0, 1, 1, 0, 1])
Episode: 79; Tool: [-8.26158142 -5.69434452 -5.61646175 -9.92672062 -6.9721489   2.63999796
  2.6147294   0.03901285  7.4689908   0.01891929]; Score: [-11.16301875]; Action: ([0.4, 0.51, 0.43, 0.62, 1.43], [0, 0, 0, 0, 2])
Episode: 80; Tool: [-5.55317307 -4.44441462 -4.70070791 -6.76269341 -3.81301451  2.78453565
  2.87917399  0.79129201  4.62143517 -0.48180717]; Score: [-14.65339225]; Action: ([0.0, 1.05, 0.45, 1.77, 2.0], [0, 1, 0, 2, 2])
Episode: 81; Tool: [-6.89487076  4.41858912  4.11907482  0.70795733 -2.58956504 -1.69032133
 -4.67382526  0.43042785 -3.67821026 -0.76628441]; Score: [-16.77375076]; Action: ([1.26, 1.75, 1.98, 0.09, 1.92], [1, 2, 2, 0, 2])
Episode: 82; Tool: [ 3.29155612 -0.26243156  6.52728796  7.61392403  2.66276479 -5.08601999
 -5.43787575 -1.44006705 -5.45514679 -4.63679314]; Score: [-12.68837097]; Action: ([1.57, 1.79, 1.44, 1.5, 1.34], [2, 2, 2, 2, 2])
Episode: 83; Tool: [-3.7441349  -2.38499689 -1.16010201 -1.03623044 -1.21367729  1.22580194
  0.04581356  1.10635042  1.36174202  4.18466091]; Score: [-9.09517721]; Action: ([0.91, 0.55, 1.51, 0.59, 0.75], [1, 0, 2, 0, 1])
Episode: 84; Tool: [ -8.55075455  14.18882847  11.30182171  -1.09055793  -1.79112685
 -10.53726959 -12.89390755  -7.65755653  -9.00497055  -5.29788065]; Score: [-11.90304824]; Action: ([1.3, 0.9, 1.76, 1.78, 0.82], [1, 1, 2, 2, 1])
Episode: 85; Tool: [-1.99340379  1.284163    1.55909967  1.61809933 -0.08447751 -0.78486836
 -1.60784829  0.07577469 -1.13416862  0.58203721]; Score: [-12.97633328]; Action: ([1.62, 0.45, 1.54, 1.61, 0.85], [2, 0, 2, 2, 1])
Episode: 86; Tool: [ -8.55075455  14.18882847  11.30182171  -1.09055793  -1.79112685
 -10.53726959 -12.89390755  -7.65755653  -9.00497055  -5.29788065]; Score: [-30.71666196]; Action: ([0.48, 2.0, 0.82, 0.31, 0.11], [0, 2, 1, 0, 0])
Episode: 87; Tool: [-7.24064398 -1.2301991  -1.70433021 -0.98086256  5.23348761  2.85669637
  1.7202692   1.65234399 -1.33181131 -2.02498269]; Score: [-13.8122459]; Action: ([1.7, 2.0, 1.02, 1.47, 0.82], [2, 2, 1, 2, 1])
Episode: 88; Tool: [-1.28670216  4.92111444  8.42665577  4.56092834 -0.60997164 -7.6160984
 -7.91464615 -2.12816811 -5.05206251 -4.74133635]; Score: [-15.601341]; Action: ([0.9, 0.38, 1.07, 1.93, 1.08], [1, 0, 1, 2, 1])
Episode: 89; Tool: [-13.41506767  22.99880028  17.13435745  -4.0478611   -3.673877
 -17.15863991 -20.46480751 -12.73992825 -13.86773586  -8.74731636]; Score: [-13.56089083]; Action: ([0.74, 1.42, 1.6, 1.3, 1.73], [1, 2, 2, 1, 2])
Episode: 90; Tool: [-4.74817371 -2.64372087 -3.93115664 -3.5123632   1.94648552  3.27858353
  2.91949391  2.21484518  1.56041789 -0.79390222]; Score: [-8.91160323]; Action: ([1.52, 1.69, 0.67, 1.96, 2.0], [2, 2, 1, 2, 2])
Episode: 91; Tool: [ 3.13867044  0.27338192  6.68033218  6.82905388  1.91668427 -5.54056168
 -5.88890553 -1.427845   -5.16776562 -5.11033487]; Score: [-20.76972852]; Action: ([1.32, 0.52, 1.36, 0.62, 0.28], [1, 0, 2, 0, 0])
Episode: 92; Tool: [-12.73792648  20.80835152  15.84684086  -3.69008875  -4.46969223
 -15.20746803 -18.5524292  -11.60286808 -12.92589664  -7.29405737]; Score: [-14.36970062]; Action: ([1.57, 1.86, 1.61, 1.56, 0.79], [2, 2, 2, 2, 1])
Episode: 93; Tool: [-5.40076351 -2.11005259 -0.29421449 -0.88091022 -2.24326992  1.04393244
 -0.51755947  0.88473403  1.68626213  5.10298634]; Score: [-13.14517953]; Action: ([1.76, 1.63, 0.12, 0.36, 0.91], [2, 2, 0, 0, 1])
Episode: 94; Tool: [-12.59884548 -11.36951923 -16.1626358  -12.79177952   2.17186117
  12.83792305  11.92004776  10.56396389   6.9517746    0.37089187]; Score: [-25.38299258]; Action: ([0.57, 1.1, 1.72, 0.26, 0.2], [0, 1, 2, 0, 0])
Episode: 95; Tool: [-7.05280209 -4.63160563 -6.22046375 -5.0486598   3.28307557  5.33656883
  4.96165943  2.45196962  2.13252473 -0.77384406]; Score: [-17.09521341]; Action: ([1.45, 1.91, 0.53, 0.69, 1.11], [2, 2, 0, 1, 1])
Episode: 96; Tool: [-2.28514147  6.13564062  9.1316328   3.38825941 -2.41349649 -8.65526581
 -9.51524734 -2.30700207 -5.46455669 -5.18537855]; Score: [-28.76179197]; Action: ([1.1, 0.94, 0.05, 0.2, 0.26], [1, 1, 0, 0, 0])
Episode: 97; Tool: [ 0.18215224  3.66866708  8.56215096  4.83945417 -1.0215739  -8.14188766
 -8.50832462 -1.80810189 -5.30425167 -6.26387596]; Score: [-19.07872697]; Action: ([1.1, 1.71, 0.79, 0.64, 1.56], [1, 2, 1, 0, 2])
Episode: 98; Tool: [-5.72523642 -2.19243455 -2.43803382 -1.02457964  4.30453968  3.12793303
  2.41108274  2.0342319  -0.56158555 -0.91800445]; Score: [-14.292964]; Action: ([1.31, 1.26, 0.38, 1.31, 0.92], [1, 1, 0, 1, 1])
Episode: 99; Tool: [-2.51273942 -0.86928427 -0.12904163 -0.34565943 -0.87903368  0.2676658
 -0.38449055  0.33644134  0.69288981  2.01145101]; Score: [-9.851749]; Action: ([0.77, 0.83, 0.55, 0.88, 0.09], [1, 1, 0, 1, 0])
Episode: 100; Tool: [-9.35388947 -3.74763298 -1.95525122 -1.13274109 -0.80052006  3.35712004
  0.71832478  9.51047421  0.04489705 -4.08497715]; Score: [-11.2087444]; Action: ([0.67, 1.21, 0.71, 0.49, 2.0], [1, 1, 1, 0, 2])
Episode: 101; Tool: [-4.07959318 -3.41685247 -4.45432281 -3.33728623  0.80650675  3.43985701
  3.3159492   1.86455345  1.7793901   0.83984941]; Score: [-13.75714837]; Action: ([1.0, 1.45, 0.51, 1.86, 0.97], [1, 2, 0, 2, 1])
Episode: 102; Tool: [-3.68622851 -1.93644702 -2.16965604 -0.37353802  2.76628089  2.39850235
  1.92382121  1.0637536  -0.23069927  0.89682102]; Score: [-14.97635861]; Action: ([0.79, 1.33, 0.93, 1.34, 0.9], [1, 1, 1, 2, 1])
Episode: 103; Tool: [-2.88257027 -0.98510695  1.01686251  2.81275511  4.27607822  0.43668503
  0.18025747  0.4543277  -2.35975122 -1.07916546]; Score: [-16.5134194]; Action: ([1.51, 1.46, 1.82, 0.46, 1.45], [2, 2, 2, 0, 2])
Episode: 104; Tool: [ 17.55605125 -14.8561964   -1.02245927  -3.00630426  -4.35022354
  -6.75760841  -6.82014751  -1.75562644  -6.86308479 -20.17744446]; Score: [-22.17849176]; Action: ([1.84, 0.89, 0.71, 0.52, 1.31], [2, 1, 1, 0, 1])
Episode: 105; Tool: [-12.15392876  20.53872871  15.70812893  -3.29835463  -4.13243675
 -15.09119606 -18.49264717 -11.52121925 -12.81742859  -7.27268839]; Score: [-9.19361129]; Action: ([1.49, 1.42, 1.61, 1.6, 2.0], [2, 2, 2, 2, 2])
Episode: 106; Tool: [ -7.68067837  -8.96107101 -10.89435291  -7.26052046   3.49022889
   8.51095581   8.89435959   3.36414552   3.56840515   0.29740149]; Score: [-13.74392473]; Action: ([1.24, 1.99, 1.26, 1.96, 1.0], [1, 2, 1, 2, 1])
Episode: 107; Tool: [-12.39064026  19.84715462  15.42664051  -3.16903734  -4.43093777
 -14.4809351  -17.65075111 -11.05073357 -12.50850487  -7.03552437]; Score: [-11.08272548]; Action: ([1.36, 0.47, 1.41, 1.75, 1.59], [2, 0, 2, 2, 2])
Episode: 108; Tool: [ 17.55605125 -14.8561964   -1.02245927  -3.00630426  -4.35022354
  -6.75760841  -6.82014751  -1.75562644  -6.86308479 -20.17744446]; Score: [-30.75903334]; Action: ([1.08, 1.19, 1.89, 1.06, 2.0], [1, 1, 2, 1, 2])
Episode: 109; Tool: [-4.97218513 -4.34156418 -5.94147301 -4.4112258   1.48980498  4.66714716
  4.49350834  3.10306215  2.39504313  0.67447776]; Score: [-18.90391654]; Action: ([1.62, 1.45, 0.95, 0.17, 0.59], [2, 2, 1, 0, 0])
Episode: 110; Tool: [-7.12757683 -1.50385594 -1.91661751 -1.09726512  5.20817757  3.03444004
  1.92844939  1.91712904 -1.15536547 -2.02906036]; Score: [-16.39388813]; Action: ([1.88, 0.05, 0.14, 1.04, 0.98], [2, 0, 0, 1, 1])
Episode: 111; Tool: [-7.82369423 -3.63633561 -3.04647636 -1.84627259  1.19076669  3.80580807
  1.57934082  8.55194187  0.55174375 -3.49284267]; Score: [-10.85852519]; Action: ([1.46, 0.51, 0.47, 0.88, 1.71], [2, 0, 0, 1, 2])
Episode: 112; Tool: [-0.61801648  4.67853165  9.27763081  5.00129461 -0.98456728 -8.70104885
 -8.94754219 -1.97326994 -5.53806973 -5.96593142]; Score: [-21.23750384]; Action: ([1.36, 1.81, 1.29, 0.77, 0.29], [2, 2, 1, 1, 0])
Episode: 113; Tool: [-4.04593945 -2.41146851 -3.30860424 -2.08213377  1.10140586  3.04009986
  2.39023614  2.87802362  1.10715008  0.66603249]; Score: [-19.01003247]; Action: ([1.06, 1.19, 1.69, 0.64, 0.68], [1, 1, 2, 0, 1])
Episode: 114; Tool: [-11.26066017  -8.57319927  -7.39925003 -14.38563061 -10.51982784
   2.87485147   2.67043662  -0.40015167  11.09354115   0.70035821]; Score: [-11.44865996]; Action: ([1.09, 0.0, 1.26, 1.69, 1.35], [1, 0, 1, 2, 2])
Episode: 115; Tool: [-13.4006424   -4.95057058  -0.65776259  -3.59004736  -6.35374117
   2.30066347  -1.43890083   1.95243955   5.65973568  12.90150833]; Score: [-10.00419089]; Action: ([0.71, 1.11, 0.79, 2.0, 0.72], [1, 1, 1, 2, 1])
Episode: 116; Tool: [-3.09927177  5.29120111  6.37160397  2.0982573  -1.64855897 -5.56891918
 -6.59989738 -2.00836134 -4.05605793 -2.86718249]; Score: [-13.98222306]; Action: ([0.64, 0.56, 1.73, 1.69, 1.26], [0, 0, 2, 2, 1])
Episode: 117; Tool: [-10.51715946  -7.67558241  -6.17958164 -12.26058292  -8.66141415
   2.93160033   2.48028159   0.04845268   9.58696365   0.80691797]; Score: [-12.25749893]; Action: ([1.9, 1.35, 1.21, 1.28, 0.08], [2, 2, 1, 1, 0])
Episode: 118; Tool: [-5.95441628 -4.65837574 -3.80521011 -7.212008   -4.23699951  1.5332787
  1.31730139  0.26410788  5.65030479  0.09031636]; Score: [-14.06900013]; Action: ([0.13, 1.49, 0.14, 0.17, 0.77], [0, 2, 0, 0, 1])
Episode: 119; Tool: [ 2.48222518 -0.23890539  5.65320778  7.15069675  2.82236552 -4.09149504
 -4.50757217 -1.50461841 -5.08219957 -3.63281894]; Score: [-14.15509011]; Action: ([1.96, 1.48, 1.74, 0.41, 1.4], [2, 2, 2, 0, 2])
Episode: 120; Tool: [ -9.2837677  -12.57419014 -16.33267784 -14.94270802   1.13051867
  11.01366806  12.42034531   5.32785892   8.03186798  -3.42638159]; Score: [-18.33142923]; Action: ([0.82, 0.9, 1.33, 0.11, 1.49], [1, 1, 1, 0, 2])
Episode: 121; Tool: [-1.35041642  5.0565424   9.01280499  3.69553542 -1.88132751 -8.79279327
 -9.14985847 -1.97596979 -5.39620924 -6.07390213]; Score: [-15.07425294]; Action: ([0.49, 0.31, 1.34, 1.55, 1.98], [0, 0, 2, 2, 2])
Episode: 122; Tool: [-6.86022043 -4.97250366 -4.58058214 -7.89856672 -6.02004814  2.39082456
  2.1660068   0.18162039  5.9363575   0.76900178]; Score: [-12.0613721]; Action: ([0.4, 0.43, 0.72, 0.59, 1.85], [0, 0, 1, 0, 2])
Episode: 123; Tool: [ -9.53921318  -6.79010344  -6.42887354 -11.40301228  -8.36209393
   3.29186511   3.20243716   0.02255225   8.47109318   0.1490503 ]; Score: [-12.54085459]; Action: ([1.77, 0.27, 1.6, 0.95, 1.66], [2, 0, 2, 1, 2])
Episode: 124; Tool: [-5.69595051 -3.54044056 -3.69691944 -6.22474718 -3.20019531  1.87808847
  1.87423396  0.37158084  4.66564417 -0.34253126]; Score: [-8.82535369]; Action: ([0.84, 1.08, 1.73, 0.79, 0.63], [1, 1, 2, 1, 0])
Episode: 125; Tool: [-4.30923462 -2.16888118 -3.02786422 -1.87668765  1.42177844  3.03371239
  2.05998945  3.9440136   0.95547497 -0.298866  ]; Score: [-12.98053513]; Action: ([1.62, 1.8, 1.02, 0.69, 1.8], [2, 2, 1, 1, 2])
Episode: 126; Tool: [-6.12952089 -2.97418976 -0.83408248 -1.95632637 -2.98111629  1.13593137
 -0.75787467  1.57739401  2.91378188  6.75141859]; Score: [-12.7404]; Action: ([0.21, 0.69, 0.62, 1.67, 1.77], [0, 1, 0, 2, 2])
