Episode: 0; Tool: [1.52663597e-05 1.40413595e-03 8.23242310e-03 6.56736046e-02
 9.15682912e-01 4.74179816e-03 1.71803893e-03 2.04823818e-03
 5.58283900e-05 4.27740801e-04]; Score: [-21.01058109]; Action: ([0.22, 0.25, 0.8, 0.49, 1.43], [0, 0, 1, 0, 2])
Episode: 1; Tool: [5.23193222e-08 1.91226661e-01 8.08282733e-01 4.14797076e-04
 1.50867299e-06 1.84275052e-07 7.96683786e-09 7.33945126e-05
 2.05582694e-07 4.93713117e-07]; Score: [-22.59526828]; Action: ([1.02, 0.94, 0.09, 0.8, 0.94], [1, 1, 0, 1, 1])
Episode: 2; Tool: [2.61141145e-06 1.72464643e-05 2.55217019e-05 9.24542292e-07
 6.05002651e-06 2.71989964e-02 2.17227973e-02 2.98612379e-03
 9.42666888e-01 5.37284417e-03]; Score: [-12.26233722]; Action: ([1.31, 0.83, 1.73, 0.51, 2.0], [1, 1, 2, 0, 2])
Episode: 3; Tool: [1.97249919e-05 5.07041987e-05 5.06578981e-05 4.80512745e-06
 5.23564959e-05 9.23843607e-02 9.61509421e-02 1.05425287e-02
 7.96153903e-01 4.58996790e-03]; Score: [-12.35665153]; Action: ([1.41, 0.26, 0.61, 0.4, 0.3], [2, 0, 0, 0, 0])
Episode: 4; Tool: [1.43128250e-06 1.01786973e-05 2.58907348e-05 5.31766943e-07
 3.68545693e-06 1.48489736e-02 1.11144232e-02 1.72758300e-03
 9.69051182e-01 3.21621029e-03]; Score: [-10.65686613]; Action: ([0.67, 0.58, 0.84, 1.48, 1.83], [1, 0, 1, 2, 2])
Episode: 5; Tool: [1.96157725e-05 9.21085939e-06 1.62506933e-06 6.10957250e-06
 5.49212750e-03 4.17070836e-01 4.22993004e-01 9.30339918e-02
 5.94185330e-02 1.95490196e-03]; Score: [-19.26989739]; Action: ([0.72, 0.06, 1.36, 1.97, 0.28], [1, 0, 2, 2, 0])
Episode: 6; Tool: [9.34347117e-05 1.26895076e-02 2.66904794e-02 4.88895066e-02
 8.84908259e-01 1.13656661e-02 3.74444551e-03 1.02934269e-02
 4.93044150e-04 8.32162390e-04]; Score: [-18.23373235]; Action: ([1.09, 0.83, 1.62, 0.53, 0.89], [1, 1, 2, 0, 1])
Episode: 7; Tool: [5.43704647e-15 9.90548909e-01 9.45104472e-03 6.61485172e-11
 3.67550296e-11 3.90248090e-16 2.21903210e-17 1.92988868e-14
 4.91363008e-15 6.06029007e-13]; Score: [-26.59416609]; Action: ([0.2, 0.83, 0.2, 2.0, 0.08], [0, 1, 0, 2, 0])
Episode: 8; Tool: [7.47677113e-05 1.23891160e-02 3.10521722e-02 7.27222636e-02
 8.68689895e-01 6.87450124e-03 1.96400774e-03 5.22368634e-03
 2.24537391e-04 7.85124779e-04]; Score: [-16.41339882]; Action: ([1.18, 1.81, 1.77, 0.85, 1.56], [1, 2, 2, 1, 2])
Episode: 9; Tool: [2.64458416e-04 4.13444708e-04 2.81763874e-04 2.00664881e-03
 5.62711619e-02 3.18107545e-01 1.94468468e-01 3.89471054e-01
 2.42784321e-02 1.44370422e-02]; Score: [-11.33011442]; Action: ([1.7, 0.69, 0.16, 1.31, 0.73], [2, 1, 0, 1, 1])
Episode: 10; Tool: [1.26870501e-14 9.86377060e-01 1.36229750e-02 1.19671981e-10
 4.23608301e-11 1.13922183e-15 4.62806527e-17 3.17017632e-14
 6.55361885e-15 1.32199134e-12]; Score: [-14.51028671]; Action: ([2.0, 0.64, 1.56, 0.73, 0.9], [2, 0, 2, 1, 1])
Episode: 11; Tool: [2.94411073e-09 1.16967325e-09 6.43680526e-11 5.56691859e-10
 4.18442010e-04 2.78176188e-01 7.14657128e-01 1.75859616e-03
 4.98644682e-03 3.23289873e-06]; Score: [-24.45913914]; Action: ([0.92, 1.82, 0.57, 0.41, 0.15], [1, 2, 0, 0, 0])
Episode: 12; Tool: [2.23301122e-05 6.72907991e-05 4.27367922e-05 3.78909294e-06
 7.65505756e-05 6.90891296e-02 8.98997784e-02 7.76177924e-03
 8.31173837e-01 1.86279498e-03]; Score: [-11.16720039]; Action: ([0.91, 1.48, 1.54, 1.7, 1.59], [1, 2, 2, 2, 2])
Episode: 13; Tool: [8.85057852e-06 6.04713918e-04 3.40014603e-03 1.30165566e-03
 3.14241304e-04 5.68324653e-03 1.09187921e-03 6.97408523e-03
 2.54838541e-02 9.55137312e-01]; Score: [-15.16152344]; Action: ([0.0, 2.0, 1.61, 1.84, 1.08], [0, 2, 2, 2, 1])
Episode: 14; Tool: [1.94261611e-06 3.83439110e-05 1.10662922e-05 6.75818010e-05
 8.47688690e-03 2.09068581e-01 4.64590266e-02 7.28366554e-01
 6.92981342e-03 5.80243010e-04]; Score: [-11.56467654]; Action: ([1.6, 0.94, 0.7, 1.68, 0.17], [2, 1, 1, 2, 0])
Episode: 15; Tool: [8.33225272e-07 1.58356579e-05 4.07909356e-05 6.84462350e-07
 2.23415623e-06 9.64812282e-03 5.96170267e-03 1.54041720e-03
 9.75339353e-01 7.45001109e-03]; Score: [-12.03567344]; Action: ([1.42, 0.59, 1.81, 1.8, 1.23], [2, 0, 2, 2, 1])
Episode: 16; Tool: [2.38156144e-06 5.16156651e-05 4.10458306e-04 1.18008669e-04
 4.81177485e-05 1.32418366e-03 2.14581378e-04 4.01838915e-03
 1.31356372e-02 9.80676651e-01]; Score: [-6.83806374]; Action: ([0.81, 0.7, 1.15, 1.02, 0.82], [1, 1, 1, 1, 1])
Episode: 17; Tool: [1.27030042e-04 1.28597312e-04 3.91965186e-05 5.32124832e-05
 1.64153557e-02 3.41713876e-01 4.72298771e-01 3.96209471e-02
 1.26575515e-01 3.02751083e-03]; Score: [-22.95925731]; Action: ([0.15, 1.82, 0.85, 0.61, 0.87], [0, 2, 1, 0, 1])
Episode: 18; Tool: [0.0059763  0.02067749 0.04546797 0.03234948 0.02024624 0.10207792
 0.05489679 0.11133693 0.16815166 0.43881932]; Score: [-13.32177389]; Action: ([1.74, 1.81, 0.85, 1.53, 1.82], [2, 2, 1, 2, 2])
Episode: 19; Tool: [5.23193222e-08 1.91226661e-01 8.08282733e-01 4.14797076e-04
 1.50867299e-06 1.84275052e-07 7.96683786e-09 7.33945126e-05
 2.05582694e-07 4.93713117e-07]; Score: [-23.92227255]; Action: ([1.54, 1.85, 0.62, 0.42, 0.54], [2, 2, 0, 0, 0])
Episode: 20; Tool: [7.52670923e-03 4.95259766e-04 1.79368138e-01 8.01856160e-01
 1.05761169e-02 1.05117451e-05 6.93385255e-06 1.39682103e-04
 3.90316472e-06 1.66293394e-05]; Score: [-15.73159902]; Action: ([2.0, 1.83, 0.54, 1.1, 1.69], [2, 2, 0, 1, 2])
Episode: 21; Tool: [4.98338159e-05 2.13467865e-03 3.72925005e-03 2.07769927e-02
 8.32591236e-01 7.13608563e-02 3.98320295e-02 2.21406464e-02
 1.94163073e-03 5.44282841e-03]; Score: [-12.15784094]; Action: ([0.82, 0.61, 1.58, 1.58, 2.0], [1, 0, 2, 2, 2])
Episode: 22; Tool: [2.40422331e-08 4.92794871e-01 5.07063150e-01 1.40198608e-04
 1.55320902e-06 1.47564305e-09 3.14725968e-10 4.25482831e-08
 5.86569948e-09 1.43285561e-07]; Score: [-25.41767375]; Action: ([0.05, 0.66, 1.19, 0.7, 0.49], [0, 0, 1, 1, 0])
Episode: 23; Tool: [7.38996436e-16 9.93768573e-01 6.23146025e-03 8.90555338e-12
 7.56208204e-12 4.39587865e-17 1.67289038e-18 1.86678798e-15
 4.22784849e-16 7.41231824e-14]; Score: [-24.43753204]; Action: ([1.42, 0.95, 1.05, 0.02, 0.14], [2, 1, 1, 0, 0])
Episode: 24; Tool: [1.00000000e+00 8.38571512e-15 8.53995363e-09 1.17458021e-09
 3.06355552e-10 2.75874636e-11 2.59150340e-11 4.10246459e-09
 2.48258393e-11 4.09779485e-17]; Score: [-23.54932742]; Action: ([0.14, 1.03, 1.82, 1.69, 0.72], [0, 1, 2, 2, 1])
Episode: 25; Tool: [1.13599049e-06 2.02622056e-01 7.96843708e-01 5.26039687e-04
 5.20085678e-06 1.07568283e-08 3.25558869e-09 1.30975604e-06
 1.12845747e-07 3.76311419e-07]; Score: [-13.19259167]; Action: ([1.06, 1.2, 1.34, 1.11, 1.71], [1, 1, 2, 1, 2])
Episode: 26; Tool: [8.29996338e-07 4.27749399e-07 2.62116409e-05 5.99936611e-05
 8.55990584e-05 1.10554055e-03 4.76696208e-04 9.98046756e-01
 1.95925109e-04 2.07611629e-06]; Score: [-15.80714258]; Action: ([1.85, 2.0, 1.11, 0.06, 1.84], [2, 2, 1, 0, 2])
Episode: 27; Tool: [3.67792491e-05 1.23640671e-02 9.77474511e-01 1.00870291e-02
 2.34112431e-05 1.55034954e-08 1.16451817e-08 1.35525670e-05
 4.20034155e-07 2.62314785e-07]; Score: [-16.27575384]; Action: ([1.18, 0.58, 0.55, 2.0, 1.01], [1, 0, 0, 2, 1])
Episode: 28; Tool: [1.56470662e-04 3.33931384e-04 5.96356287e-04 7.43838609e-05
 7.97511137e-04 1.02894254e-01 8.59416276e-02 2.19547134e-02
 7.75098145e-01 1.21527212e-02]; Score: [-8.89131567]; Action: ([1.04, 0.33, 0.66, 1.28, 0.75], [1, 0, 0, 1, 1])
Episode: 29; Tool: [3.89844210e-08 2.13771489e-08 8.60209293e-10 4.61951855e-09
 2.26888442e-04 4.67431188e-01 4.49444026e-01 5.89234531e-02
 2.39267256e-02 4.77349131e-05]; Score: [-22.02721255]; Action: ([0.15, 0.86, 0.2, 0.16, 1.86], [0, 1, 0, 0, 2])
Episode: 30; Tool: [1.44241298e-07 1.98356851e-08 1.77746358e-07 1.31438264e-06
 1.91438463e-04 9.03659314e-03 6.00058259e-03 9.84321237e-01
 4.47657716e-04 7.98869451e-07]; Score: [-13.42480085]; Action: ([0.22, 0.55, 0.4, 1.62, 0.27], [0, 0, 0, 2, 0])
Episode: 31; Tool: [8.73973338e-15 9.91206467e-01 8.79355334e-03 5.31045936e-11
 2.38185270e-11 6.22568793e-16 2.12889952e-17 1.86255142e-14
 4.89615367e-15 1.11863405e-12]; Score: [-16.04381459]; Action: ([0.43, 1.39, 1.19, 1.35, 1.78], [0, 2, 1, 2, 2])
Episode: 32; Tool: [0.00743964 0.19723377 0.25964788 0.27542794 0.05018665 0.02491221
 0.01093948 0.05890944 0.01756763 0.0977354 ]; Score: [-16.07976205]; Action: ([1.6, 0.05, 2.0, 1.85, 0.17], [2, 0, 2, 2, 0])
Episode: 33; Tool: [9.34347117e-05 1.26895076e-02 2.66904794e-02 4.88895066e-02
 8.84908259e-01 1.13656661e-02 3.74444551e-03 1.02934269e-02
 4.93044150e-04 8.32162390e-04]; Score: [-20.570666]; Action: ([1.69, 1.55, 0.39, 0.0, 0.8], [2, 2, 0, 0, 1])
Episode: 34; Tool: [1.84014551e-02 2.61182286e-04 4.69058990e-01 5.09771168e-01
 2.42305151e-03 5.94866947e-07 4.60494107e-07 8.13646038e-05
 1.12684347e-06 6.08287735e-07]; Score: [-17.57808653]; Action: ([1.4, 0.2, 1.64, 0.13, 1.7], [2, 0, 2, 0, 2])
Episode: 35; Tool: [1.00000000e+00 8.38571512e-15 8.53995363e-09 1.17458021e-09
 3.06355552e-10 2.75874636e-11 2.59150340e-11 4.10246459e-09
 2.48258393e-11 4.09779485e-17]; Score: [-25.60879422]; Action: ([1.0, 0.41, 1.67, 1.88, 1.04], [1, 0, 2, 2, 1])
Episode: 36; Tool: [2.25761163e-12 9.67648089e-01 3.23518813e-02 7.43412931e-09
 3.01824099e-09 2.91048598e-13 2.38763273e-14 6.04639732e-12
 1.46515244e-12 9.69338984e-11]; Score: [-18.27051339]; Action: ([1.71, 0.28, 0.88, 0.73, 0.99], [2, 0, 1, 1, 1])
Episode: 37; Tool: [4.19828619e-15 9.91630733e-01 8.36923067e-03 3.06416559e-11
 1.62471720e-11 3.20175437e-16 1.09455244e-17 9.69022294e-15
 2.28814812e-15 5.61649794e-13]; Score: [-20.49499431]; Action: ([1.1, 1.08, 0.02, 0.94, 1.37], [1, 1, 0, 1, 2])
Episode: 38; Tool: [5.44080930e-03 1.08625623e-03 2.26795763e-01 7.55835593e-01
 1.05540669e-02 1.46363382e-05 9.98009727e-06 2.11318067e-04
 7.16590284e-06 4.44187463e-05]; Score: [-25.10931986]; Action: ([0.66, 1.4, 0.17, 0.1, 1.87], [0, 2, 0, 0, 2])
Episode: 39; Tool: [8.14527739e-04 1.80215063e-03 2.67673610e-03 5.74062811e-04
 3.88451479e-03 1.33472696e-01 1.09093107e-01 3.90813872e-02
 6.76354885e-01 3.22459079e-02]; Score: [-10.86458589]; Action: ([0.5, 0.74, 1.52, 1.18, 1.82], [0, 1, 2, 1, 2])
Episode: 40; Tool: [3.25064793e-05 1.00620999e-03 5.87982405e-03 1.87797612e-03
 5.68509742e-04 1.06869042e-02 2.36154580e-03 1.41327754e-02
 5.38753532e-02 9.09578323e-01]; Score: [-9.83305476]; Action: ([0.89, 1.46, 0.76, 0.27, 0.61], [1, 2, 1, 0, 0])
Episode: 41; Tool: [3.49458332e-06 2.44451134e-04 1.57400005e-04 4.94808482e-04
 5.49819529e-01 2.54025161e-01 1.11123569e-01 7.90123418e-02
 4.38511511e-03 7.34148663e-04]; Score: [-13.97367511]; Action: ([1.29, 0.21, 1.06, 1.12, 1.22], [1, 0, 1, 1, 1])
Episode: 42; Tool: [4.34018688e-07 1.61824986e-01 8.37663591e-01 5.05990349e-04
 3.59308865e-06 4.22850510e-09 1.13143339e-09 1.19795254e-06
 4.90738188e-08 1.51766116e-07]; Score: [-22.61308681]; Action: ([0.79, 1.79, 0.99, 0.91, 0.53], [1, 2, 1, 1, 0])
Episode: 43; Tool: [1.51932554e-14 9.90595222e-01 9.40473191e-03 3.69750792e-11
 3.13596406e-11 5.47578478e-16 1.19040331e-17 8.88174269e-15
 1.98923761e-15 3.82053303e-13]; Score: [-17.7271949]; Action: ([1.43, 1.82, 0.56, 1.59, 0.99], [2, 2, 0, 2, 1])
Episode: 44; Tool: [3.60510057e-08 7.69624174e-01 2.30358735e-01 1.25065662e-05
 4.35443280e-06 4.78134776e-09 6.40475284e-10 2.67000271e-08
 4.82077933e-09 1.01816411e-07]; Score: [-13.26716983]; Action: ([1.6, 0.44, 1.85, 1.96, 0.45], [2, 0, 2, 2, 0])
Episode: 45; Tool: [2.37046538e-06 6.56733988e-04 7.77900917e-04 4.66675125e-03
 9.47936296e-01 2.63984334e-02 8.50276649e-03 1.03901746e-02
 1.91864950e-04 4.76659770e-04]; Score: [-12.78169531]; Action: ([1.73, 1.59, 1.29, 1.34, 0.94], [2, 2, 1, 2, 1])
Episode: 46; Tool: [1.02078029e-05 1.11501699e-03 3.75205022e-03 1.04822486e-03
 1.84060787e-04 1.76532893e-03 4.23332793e-04 6.29347749e-03
 2.15966105e-02 9.63811636e-01]; Score: [-9.4480201]; Action: ([1.74, 0.67, 0.64, 1.28, 0.91], [2, 1, 0, 1, 1])
Episode: 47; Tool: [3.11848380e-05 9.16676654e-05 2.29486395e-04 1.15239754e-05
 1.06686071e-04 3.13460454e-02 2.48245932e-02 8.41200259e-03
 9.27549481e-01 7.39734340e-03]; Score: [-10.90061931]; Action: ([1.79, 0.78, 0.79, 0.47, 0.45], [2, 1, 1, 0, 0])
Episode: 48; Tool: [2.24834759e-04 3.89925033e-01 5.90851009e-01 1.50731811e-02
 2.29173503e-03 7.73272477e-05 5.05949611e-05 6.85361214e-04
 1.99272094e-04 6.21741696e-04]; Score: [-28.56796615]; Action: ([0.28, 1.97, 0.56, 1.28, 0.1], [0, 2, 0, 1, 0])
Episode: 49; Tool: [6.33039519e-07 7.51060797e-05 6.47583976e-04 1.92423264e-04
 4.75088782e-05 2.77384697e-03 3.69225978e-04 2.51517119e-03
 1.47218546e-02 9.78656709e-01]; Score: [-12.492003]; Action: ([0.37, 1.68, 0.7, 0.77, 1.95], [0, 2, 1, 1, 2])
Episode: 50; Tool: [5.99997202e-06 6.05528248e-06 9.26047392e-07 2.06288792e-06
 5.96069684e-03 4.02696043e-01 5.07654905e-01 1.49729531e-02
 6.79148659e-02 7.85607495e-04]; Score: [-18.55217722]; Action: ([0.69, 1.98, 0.18, 1.96, 0.79], [1, 2, 0, 2, 1])
Episode: 51; Tool: [7.45823809e-06 1.74866422e-04 4.71002204e-05 2.22321862e-04
 1.73826832e-02 2.17912644e-01 5.36285006e-02 6.98988616e-01
 9.93524678e-03 1.70058932e-03]; Score: [-11.13327774]; Action: ([0.93, 0.31, 1.38, 0.78, 1.93], [1, 0, 2, 1, 2])
Episode: 52; Tool: [9.56014468e-09 3.20194360e-08 9.05640263e-06 1.84976961e-05
 8.94802361e-06 6.50427537e-05 1.28454631e-05 9.99878883e-01
 6.74250032e-06 2.00064338e-08]; Score: [-12.4381554]; Action: ([0.9, 0.01, 0.56, 0.34, 1.57], [1, 0, 0, 0, 2])
Episode: 53; Tool: [3.49458332e-06 2.44451134e-04 1.57400005e-04 4.94808482e-04
 5.49819529e-01 2.54025161e-01 1.11123569e-01 7.90123418e-02
 4.38511511e-03 7.34148663e-04]; Score: [-19.97023863]; Action: ([0.8, 1.62, 1.67, 0.44, 1.23], [1, 2, 2, 0, 1])
Episode: 54; Tool: [1.58536704e-06 6.90258399e-04 5.17707842e-04 1.94056588e-03
 9.14780915e-01 5.15596829e-02 1.59399174e-02 1.35425804e-02
 4.59642150e-04 5.67111070e-04]; Score: [-25.53676962]; Action: ([0.03, 1.38, 1.83, 0.54, 0.68], [0, 2, 2, 0, 1])
Episode: 55; Tool: [1.00000000e+00 8.38571512e-15 8.53995363e-09 1.17458021e-09
 3.06355552e-10 2.75874636e-11 2.59150340e-11 4.10246459e-09
 2.48258393e-11 4.09779485e-17]; Score: [-31.42697465]; Action: ([1.83, 1.92, 1.84, 1.16, 0.46], [2, 2, 2, 1, 0])
Episode: 56; Tool: [2.18863775e-07 2.61032455e-05 3.34465672e-04 6.10386851e-05
 9.85879433e-06 1.09135534e-03 1.18969838e-04 1.78822677e-03
 1.13449851e-02 9.85224903e-01]; Score: [-10.9147765]; Action: ([0.23, 0.57, 0.41, 0.97, 1.47], [0, 0, 0, 1, 2])
Episode: 57; Tool: [1.43165144e-05 2.76426394e-02 9.68400538e-01 3.92241823e-03
 1.19378265e-05 1.15179075e-08 6.60391608e-09 7.56082500e-06
 3.03709612e-07 2.43888138e-07]; Score: [-20.58925364]; Action: ([1.96, 1.97, 0.0, 0.66, 1.92], [2, 2, 0, 0, 2])
Episode: 58; Tool: [1.00000000e+00 8.38571512e-15 8.53995363e-09 1.17458021e-09
 3.06355552e-10 2.75874636e-11 2.59150340e-11 4.10246459e-09
 2.48258393e-11 4.09779485e-17]; Score: [-16.72007928]; Action: ([1.14, 1.42, 0.04, 0.91, 0.24], [1, 2, 0, 1, 0])
Episode: 59; Tool: [2.45364110e-16 9.96411264e-01 3.58874328e-03 2.51491037e-12
 2.47207441e-12 9.32366636e-18 2.73774190e-19 4.90768666e-16
 1.37037450e-16 3.68299006e-14]; Score: [-27.91961085]; Action: ([0.54, 0.91, 0.06, 1.08, 0.11], [0, 1, 0, 1, 0])
Episode: 60; Tool: [2.78412881e-05 9.52720642e-04 7.45251658e-04 3.06308083e-03
 6.31779492e-01 1.94792271e-01 9.51146930e-02 6.52504265e-02
 4.86669596e-03 3.40755912e-03]; Score: [-10.18158786]; Action: ([1.36, 0.62, 1.01, 1.65, 1.35], [2, 0, 1, 2, 2])
Episode: 61; Tool: [6.80716812e-06 5.57621419e-01 4.13296819e-01 1.36405695e-02
 5.04355645e-04 1.23957638e-03 6.27413465e-05 1.03348223e-02
 1.69802457e-04 3.12303938e-03]; Score: [-18.81145702]; Action: ([1.27, 0.28, 1.8, 0.02, 1.4], [1, 0, 2, 0, 2])
Episode: 62; Tool: [8.19777597e-06 6.28022826e-06 1.18999196e-06 1.97213262e-06
 5.68554970e-04 3.67821872e-01 4.99439985e-01 2.10261252e-02
 1.09043308e-01 2.08254042e-03]; Score: [-14.44549529]; Action: ([1.37, 0.77, 1.04, 0.75, 0.97], [2, 1, 1, 1, 1])
Episode: 63; Tool: [7.09906672e-05 7.98319932e-04 3.70485033e-03 3.02410638e-03
 1.44024240e-03 2.08297018e-02 5.19075571e-03 1.93006247e-02
 3.10596433e-02 9.14580762e-01]; Score: [-12.16438304]; Action: ([1.79, 0.51, 1.81, 0.53, 1.14], [2, 0, 2, 0, 1])
Episode: 64; Tool: [5.96202688e-12 2.03836843e-11 1.68911434e-13 4.91589885e-12
 1.54963764e-05 6.64418519e-01 2.65346646e-01 6.83712959e-02
 1.84552500e-03 2.55904979e-06]; Score: [-25.23438845]; Action: ([0.11, 0.0, 1.26, 1.22, 0.15], [0, 0, 1, 1, 0])
Episode: 65; Tool: [1.00000000e+00 8.38571512e-15 8.53995363e-09 1.17458021e-09
 3.06355552e-10 2.75874636e-11 2.59150340e-11 4.10246459e-09
 2.48258393e-11 4.09779485e-17]; Score: [-25.39960344]; Action: ([1.79, 1.51, 1.76, 0.4, 0.31], [2, 2, 2, 0, 0])
Episode: 66; Tool: [4.35337915e-06 6.57023724e-09 2.13374385e-09 5.49666161e-08
 1.18156243e-03 2.66187727e-01 7.00247288e-01 2.28832234e-02
 9.43902787e-03 5.68019750e-05]; Score: [-18.89918358]; Action: ([0.0, 0.31, 1.02, 1.03, 1.54], [0, 0, 1, 1, 2])
Episode: 67; Tool: [7.94337393e-05 5.63741429e-04 1.88488149e-04 2.03817879e-04
 1.00310817e-02 3.75187337e-01 2.51126349e-01 2.11581290e-01
 1.44532084e-01 6.50644815e-03]; Score: [-15.94261281]; Action: ([0.56, 0.49, 1.36, 2.0, 0.8], [0, 0, 2, 2, 1])
Episode: 68; Tool: [4.67522999e-11 2.20366573e-07 6.75986414e-08 9.50063168e-07
 9.70361434e-05 2.66341567e-02 8.56224622e-04 9.72360671e-01
 4.93647894e-05 1.31881200e-06]; Score: [-13.23049988]; Action: ([1.46, 1.97, 1.64, 1.28, 0.3], [2, 2, 2, 1, 0])
Episode: 69; Tool: [3.28633482e-10 8.88354182e-01 1.11645244e-01 3.93276849e-07
 1.03776976e-07 2.74274596e-11 1.99172536e-12 2.09515016e-10
 3.66594567e-11 1.96798355e-09]; Score: [-16.90059088]; Action: ([0.63, 1.53, 1.55, 0.96, 1.35], [0, 2, 2, 1, 2])
Episode: 70; Tool: [3.68119836e-05 5.70433913e-04 1.56494876e-04 2.49952194e-04
 1.10373842e-02 3.83917809e-01 2.10696682e-01 2.88452953e-01
 9.49342698e-02 9.94722545e-03]; Score: [-20.50903221]; Action: ([0.0, 0.45, 1.72, 1.18, 1.31], [0, 0, 2, 1, 1])
Episode: 71; Tool: [1.09754747e-05 4.73862710e-05 5.66853923e-05 2.26725115e-06
 2.63834390e-05 2.13919431e-02 2.38911137e-02 5.14229434e-03
 9.47250724e-01 2.18016980e-03]; Score: [-12.22649121]; Action: ([1.69, 1.07, 1.57, 1.83, 0.44], [2, 1, 2, 2, 0])
Episode: 72; Tool: [1.20135091e-09 5.02433595e-10 2.47243059e-11 8.21934354e-10
 8.53293750e-04 3.52830499e-01 6.42789602e-01 1.77802774e-03
 1.74065947e-03 7.87985482e-06]; Score: [-10.25018121]; Action: ([1.22, 0.34, 1.35, 1.78, 2.0], [1, 0, 2, 2, 2])
Episode: 73; Tool: [4.49365212e-09 9.82145199e-11 1.85290516e-11 2.22464103e-10
 3.40298750e-04 1.47223994e-01 8.47918868e-01 2.64201360e-03
 1.87445723e-03 3.48354689e-07]; Score: [-24.45905898]; Action: ([0.47, 1.88, 0.64, 0.82, 0.18], [0, 2, 0, 1, 0])
Episode: 74; Tool: [1.00000000e+00 8.38571512e-15 8.53995363e-09 1.17458021e-09
 3.06355552e-10 2.75874636e-11 2.59150340e-11 4.10246459e-09
 2.48258393e-11 4.09779485e-17]; Score: [-30.55207957]; Action: ([1.83, 1.82, 1.21, 1.15, 1.25], [2, 2, 1, 1, 1])
Episode: 75; Tool: [7.06416540e-05 7.16221810e-04 2.04517593e-04 2.80603330e-04
 9.73088220e-02 3.93901020e-01 2.51521170e-01 1.94192186e-01
 5.87375797e-02 3.06725781e-03]; Score: [-18.26968718]; Action: ([0.06, 1.1, 0.14, 1.56, 1.3], [0, 1, 0, 2, 1])
Episode: 76; Tool: [5.57481311e-03 2.38391850e-02 6.37127757e-01 3.12626094e-01
 1.48359872e-02 1.56078051e-04 1.31825946e-04 4.73660557e-03
 3.09797208e-04 6.61861035e-04]; Score: [-19.50940185]; Action: ([1.45, 0.84, 1.69, 0.49, 0.22], [2, 1, 2, 0, 0])
Episode: 77; Tool: [1.41861378e-07 2.44811352e-04 4.45783196e-04 2.35006702e-03
 9.89540756e-01 4.91593033e-03 9.60419653e-04 1.49598334e-03
 1.49213183e-05 3.11249860e-05]; Score: [-14.49300367]; Action: ([1.6, 1.71, 1.34, 0.88, 1.17], [2, 2, 2, 1, 1])
Episode: 78; Tool: [1.95595120e-14 9.85195756e-01 1.48041872e-02 2.23192256e-10
 5.85856641e-11 2.71100327e-15 1.43899516e-16 8.96819714e-14
 2.05772035e-14 3.81541890e-12]; Score: [-13.04440601]; Action: ([1.79, 0.0, 1.62, 1.37, 1.27], [2, 0, 2, 2, 1])
Episode: 79; Tool: [3.18896754e-17 9.97268319e-01 2.73166038e-03 5.17556375e-13
 3.28835836e-13 1.48975993e-18 3.07633317e-20 7.90274262e-17
 2.05882641e-17 9.96006476e-15]; Score: [-17.02034124]; Action: ([1.48, 0.46, 0.94, 1.56, 0.55], [2, 0, 1, 2, 0])
Episode: 80; Tool: [6.50855192e-09 2.56721250e-06 6.84761326e-05 1.07005553e-05
 8.16297643e-07 5.44035051e-04 3.36906560e-05 4.76550427e-04
 4.10383241e-03 9.94759262e-01]; Score: [-9.41395437]; Action: ([0.81, 1.59, 0.43, 0.64, 1.07], [1, 2, 0, 0, 1])
Episode: 81; Tool: [1.02662334e-09 1.12806674e-10 5.92210569e-12 2.03162986e-10
 9.78360331e-05 3.51936132e-01 6.44683957e-01 9.34496522e-04
 2.33621243e-03 1.14099685e-05]; Score: [-18.26501786]; Action: ([0.99, 0.59, 0.39, 1.15, 0.5], [1, 0, 0, 1, 0])
Episode: 82; Tool: [2.82259635e-17 9.98208165e-01 1.79180433e-03 2.21635644e-13
 3.27120465e-13 4.74923991e-19 8.07567062e-21 2.69293959e-17
 8.25906010e-18 3.42621524e-15]; Score: [-13.33367883]; Action: ([1.73, 0.5, 1.3, 1.9, 0.69], [2, 0, 1, 2, 1])
Episode: 83; Tool: [5.19856656e-08 3.66339386e-01 6.33503079e-01 1.56482769e-04
 8.42163047e-07 9.93962690e-10 1.72978673e-10 5.36908331e-08
 5.96981975e-09 9.70799761e-08]; Score: [-22.04090563]; Action: ([0.53, 1.12, 0.87, 1.46, 0.21], [0, 1, 1, 2, 0])
Episode: 84; Tool: [4.81539075e-07 4.55492736e-05 8.80348307e-06 4.92520085e-05
 8.28505494e-03 1.69066310e-01 2.66793147e-02 7.92348385e-01
 3.18179349e-03 3.35208897e-04]; Score: [-14.46191289]; Action: ([0.43, 1.75, 2.0, 0.18, 1.26], [0, 2, 2, 0, 1])
Episode: 85; Tool: [0.00326448 0.00659995 0.00592557 0.00856165 0.05004859 0.2798726
 0.18783529 0.20876358 0.15021743 0.09891082]; Score: [-15.74001295]; Action: ([1.21, 1.46, 0.42, 1.63, 0.55], [1, 2, 0, 2, 0])
Episode: 86; Tool: [1.00000000e+00 8.38571512e-15 8.53995363e-09 1.17458021e-09
 3.06355552e-10 2.75874636e-11 2.59150340e-11 4.10246459e-09
 2.48258393e-11 4.09779485e-17]; Score: [-23.81462317]; Action: ([0.14, 2.0, 1.95, 0.93, 0.04], [0, 2, 2, 1, 0])
Episode: 87; Tool: [1.22674392e-05 2.75111292e-02 9.68097210e-01 4.36298363e-03
 1.16096498e-05 8.29394509e-09 4.21559498e-09 4.43054068e-06
 1.84589851e-07 1.79290993e-07]; Score: [-32.0519615]; Action: ([0.55, 0.76, 0.37, 0.0, 0.06], [0, 1, 0, 0, 0])
Episode: 88; Tool: [1.00000000e+00 8.38571512e-15 8.53995363e-09 1.17458021e-09
 3.06355552e-10 2.75874636e-11 2.59150340e-11 4.10246459e-09
 2.48258393e-11 4.09779485e-17]; Score: [-25.23182874]; Action: ([1.16, 1.81, 1.36, 0.41, 1.27], [1, 2, 2, 0, 1])
Episode: 89; Tool: [7.09906672e-05 7.98319932e-04 3.70485033e-03 3.02410638e-03
 1.44024240e-03 2.08297018e-02 5.19075571e-03 1.93006247e-02
 3.10596433e-02 9.14580762e-01]; Score: [-12.94752466]; Action: ([1.5, 1.67, 0.17, 1.07, 1.85], [2, 2, 0, 1, 2])
Episode: 90; Tool: [1.20194852e-02 1.86005083e-03 1.85974479e-01 7.67631829e-01
 3.05627119e-02 1.77402486e-04 1.44470861e-04 1.26418809e-03
 6.67714121e-05 2.98566505e-04]; Score: [-28.218644]; Action: ([0.07, 0.03, 0.14, 1.23, 0.9], [0, 0, 0, 1, 1])
Episode: 91; Tool: [4.49365212e-09 9.82145199e-11 1.85290516e-11 2.22464103e-10
 3.40298750e-04 1.47223994e-01 8.47918868e-01 2.64201360e-03
 1.87445723e-03 3.48354689e-07]; Score: [-23.74980719]; Action: ([1.16, 1.57, 0.29, 0.35, 0.18], [1, 2, 0, 0, 0])
Episode: 92; Tool: [1.32751367e-07 4.96427583e-06 6.80698258e-06 2.44340190e-05
 6.61931874e-04 2.28313599e-02 4.56608506e-03 9.70826626e-01
 1.05149625e-03 2.62512785e-05]; Score: [-16.10262111]; Action: ([0.4, 0.16, 0.1, 0.14, 1.75], [0, 0, 0, 0, 2])
Episode: 93; Tool: [0.00625701 0.22445591 0.26557565 0.13894594 0.03936305 0.05383598
 0.01818372 0.14620052 0.02882294 0.07835933]; Score: [-20.07391415]; Action: ([0.0, 0.36, 1.21, 1.03, 1.86], [0, 0, 1, 1, 2])
Episode: 94; Tool: [3.96919449e-06 4.89279686e-04 4.37242736e-04 1.86671584e-03
 8.33991230e-01 8.64128843e-02 2.34728139e-02 5.22912443e-02
 7.52993859e-04 2.81573768e-04]; Score: [-16.01413634]; Action: ([0.53, 1.59, 1.36, 1.24, 1.44], [0, 2, 2, 1, 2])
Episode: 95; Tool: [7.15243559e-11 8.74058902e-01 1.25940785e-01 3.33079470e-07
 3.63695492e-08 1.68265072e-11 1.80912522e-12 1.99829736e-10
 3.24802511e-11 1.68239578e-09]; Score: [-19.90342813]; Action: ([1.28, 2.0, 0.92, 1.31, 0.6], [1, 2, 1, 1, 0])
Episode: 96; Tool: [1.77336506e-06 1.62668439e-04 1.21062191e-03 3.21984960e-04
 7.72289422e-05 1.30966620e-03 1.99318471e-04 2.91154208e-03
 1.27574587e-02 9.81047690e-01]; Score: [-11.13584515]; Action: ([0.58, 0.22, 1.68, 1.35, 1.16], [0, 0, 2, 2, 1])
Episode: 97; Tool: [2.62386123e-07 5.11204553e-06 5.64912284e-07 1.05709842e-06
 8.19178997e-04 4.75390077e-01 2.07924336e-01 2.66684800e-01
 4.87515703e-02 4.23074787e-04]; Score: [-20.13293694]; Action: ([0.13, 0.43, 0.82, 0.43, 1.81], [0, 0, 1, 0, 2])
Episode: 98; Tool: [4.36133909e-04 1.45777604e-02 4.92764860e-02 1.80853292e-01
 7.23721266e-01 1.20554371e-02 5.13431383e-03 9.03847348e-03
 6.41972525e-04 4.26487811e-03]; Score: [-15.40539377]; Action: ([1.11, 1.87, 1.21, 1.66, 0.74], [1, 2, 1, 2, 1])
Episode: 99; Tool: [2.94411073e-09 1.16967325e-09 6.43680526e-11 5.56691859e-10
 4.18442010e-04 2.78176188e-01 7.14657128e-01 1.75859616e-03
 4.98644682e-03 3.23289873e-06]; Score: [-23.4062074]; Action: ([0.32, 1.4, 0.62, 0.58, 0.44], [0, 2, 0, 0, 0])
Episode: 100; Tool: [7.65602291e-02 8.87629794e-05 2.11314172e-01 7.02694833e-01
 9.07813199e-03 4.37099152e-06 4.15022896e-06 2.50635640e-04
 3.47900050e-06 1.17784316e-06]; Score: [-22.34311179]; Action: ([1.57, 1.85, 0.43, 0.57, 0.91], [2, 2, 0, 0, 1])
Episode: 101; Tool: [1.54673035e-05 3.32003683e-02 9.59678710e-01 7.06772832e-03
 2.57832544e-05 2.39619489e-08 1.64572374e-08 1.08255099e-05
 5.24606662e-07 5.65323319e-07]; Score: [-17.59403976]; Action: ([1.26, 0.49, 1.12, 0.67, 1.18], [1, 0, 1, 1, 1])
Episode: 102; Tool: [1.66641655e-06 4.63673314e-06 6.32830449e-07 8.90003207e-07
 1.58833503e-03 3.94578546e-01 4.82918769e-01 2.23545134e-02
 9.76774320e-02 8.74624238e-04]; Score: [-16.94840699]; Action: ([0.21, 1.7, 1.58, 1.54, 1.71], [0, 2, 2, 2, 2])
Episode: 103; Tool: [5.71261080e-06 2.58552784e-04 2.67890026e-03 1.00058527e-03
 1.48502426e-04 7.77334534e-03 1.31288974e-03 7.68169155e-03
 1.78917088e-02 9.61248279e-01]; Score: [-12.45783305]; Action: ([1.94, 1.27, 0.68, 0.72, 0.08], [2, 1, 1, 1, 0])
Episode: 104; Tool: [1.58328251e-09 1.54408646e-08 8.22255970e-08 9.04492481e-07
 1.74891218e-04 2.14193226e-03 2.38918699e-04 9.97422457e-01
 2.07227549e-05 7.91262806e-08]; Score: [-12.97886785]; Action: ([1.07, 1.49, 1.53, 1.96, 0.16], [1, 2, 2, 2, 0])
Episode: 105; Tool: [1.21145495e-05 1.21128454e-04 2.76097271e-05 9.91416309e-05
 9.63607524e-03 3.60035419e-01 1.32859513e-01 4.61991608e-01
 3.06555647e-02 4.56179166e-03]; Score: [-16.62848786]; Action: ([0.4, 0.53, 2.0, 1.53, 1.75], [0, 0, 2, 2, 2])
Episode: 106; Tool: [7.15302235e-07 1.26970306e-01 8.72666121e-01 3.59558238e-04
 2.59054559e-06 1.72970283e-09 5.97931205e-10 6.18409842e-07
 3.47632856e-08 6.05483379e-08]; Score: [-17.99296502]; Action: ([0.15, 0.63, 1.55, 1.1, 1.48], [0, 0, 2, 1, 2])
Episode: 107; Tool: [1.52665380e-04 1.29802804e-03 5.49835153e-04 1.73853047e-03
 4.70638946e-02 2.35907584e-01 8.90962481e-02 5.86247087e-01
 2.95239724e-02 8.42212327e-03]; Score: [-19.20255725]; Action: ([1.61, 0.0, 0.68, 1.2, 0.12], [2, 0, 1, 1, 0])
Episode: 108; Tool: [1.21884261e-15 9.94103730e-01 5.89631544e-03 6.45385741e-12
 6.06302335e-12 6.14368018e-17 1.43788310e-18 1.54140229e-15
 3.37805104e-16 9.96008289e-14]; Score: [-16.54199462]; Action: ([1.64, 1.76, 1.61, 1.6, 0.22], [2, 2, 2, 2, 0])
Episode: 109; Tool: [1.54383463e-06 3.42891042e-07 2.09922575e-07 6.75684032e-06
 3.27998288e-02 3.52947146e-01 5.79961061e-01 2.93939095e-02
 4.58462816e-03 3.04618006e-04]; Score: [-17.32118991]; Action: ([0.97, 1.42, 1.78, 0.35, 2.0], [1, 2, 2, 0, 2])
Episode: 110; Tool: [8.28394332e-05 8.47392832e-04 3.25881294e-04 1.25013082e-03
 4.53042798e-02 2.60385633e-01 8.17210898e-02 5.81412613e-01
 2.25331560e-02 6.13696873e-03]; Score: [-8.78105329]; Action: ([0.85, 1.37, 1.66, 0.85, 1.21], [1, 2, 2, 1, 1])
Episode: 111; Tool: [7.59502150e-09 6.68319490e-06 1.82393109e-04 6.85718305e-06
 3.11033290e-07 4.35662769e-05 3.15019611e-06 3.19514220e-04
 4.13467130e-03 9.95302916e-01]; Score: [-9.49641701]; Action: ([1.16, 1.83, 0.94, 1.31, 1.4], [1, 2, 1, 1, 2])
Episode: 112; Tool: [1.72303044e-05 3.13104270e-03 3.92257748e-03 4.25030664e-03
 9.27692931e-03 4.01144736e-02 7.74447806e-03 9.24731255e-01
 5.92359295e-03 8.88183073e-04]; Score: [-10.33104009]; Action: ([1.85, 0.88, 1.21, 0.84, 1.68], [2, 1, 1, 1, 2])
Episode: 113; Tool: [2.78412881e-05 9.52720642e-04 7.45251658e-04 3.06308083e-03
 6.31779492e-01 1.94792271e-01 9.51146930e-02 6.52504265e-02
 4.86669596e-03 3.40755912e-03]; Score: [-14.20841153]; Action: ([1.4, 1.14, 0.35, 0.57, 1.68], [2, 1, 0, 0, 2])
Episode: 114; Tool: [7.78169464e-03 4.00178647e-03 1.62458599e-01 7.79948175e-01
 4.31305207e-02 3.33511620e-04 2.29095254e-04 1.12408912e-03
 9.17873549e-05 9.00674146e-04]; Score: [-23.14037351]; Action: ([1.27, 0.78, 0.82, 0.44, 0.29], [1, 1, 1, 0, 0])
Episode: 115; Tool: [3.43858233e-06 1.30988510e-05 2.14690590e-05 6.59631894e-07
 1.38676669e-05 2.15772688e-02 2.12507378e-02 3.25153698e-03
 9.52590704e-01 1.27729238e-03]; Score: [-11.24289992]; Action: ([0.37, 1.57, 0.17, 0.92, 0.74], [0, 2, 0, 1, 1])
Episode: 116; Tool: [5.96538484e-06 7.37710521e-02 9.23040032e-01 3.16254259e-03
 1.33047533e-05 1.66975536e-08 8.95316798e-09 6.10439292e-06
 3.96101598e-07 6.15296472e-07]; Score: [-18.44155232]; Action: ([1.68, 0.0, 1.64, 0.02, 1.59], [2, 0, 2, 0, 2])
Episode: 117; Tool: [2.19041826e-13 9.80708301e-01 1.92917511e-02 1.13727616e-09
 3.10343418e-10 2.71301400e-14 1.48485702e-15 6.74540664e-13
 1.72377737e-13 2.96426043e-11]; Score: [-21.90252271]; Action: ([0.31, 1.75, 0.46, 1.29, 1.5], [0, 2, 0, 1, 2])
Episode: 118; Tool: [1.83560083e-08 6.53520823e-01 3.46434832e-01 4.11180263e-05
 2.87594094e-06 6.66234801e-09 1.59459912e-09 6.59505233e-08
 1.06606874e-08 2.10003705e-07]; Score: [-15.14386118]; Action: ([0.03, 0.56, 1.91, 1.81, 1.71], [0, 0, 2, 2, 2])
Episode: 119; Tool: [2.28431441e-06 2.64787108e-01 7.33596444e-01 1.59198337e-03
 1.73217177e-05 4.20098445e-08 1.33763605e-08 2.50539051e-06
 3.25763978e-07 1.92202697e-06]; Score: [-26.78600033]; Action: ([0.53, 1.85, 0.54, 0.06, 1.4], [0, 2, 0, 0, 2])
Episode: 120; Tool: [3.43110296e-05 3.95959578e-02 9.51147556e-01 9.14849155e-03
 5.07742261e-05 6.36955022e-08 4.24250111e-08 2.05795823e-05
 1.18203116e-06 1.05726849e-06]; Score: [-20.23771295]; Action: ([0.6, 1.1, 0.31, 0.98, 1.61], [0, 1, 0, 1, 2])
Episode: 121; Tool: [6.17512924e-05 2.05222284e-03 1.01848217e-02 6.74018636e-03
 1.54706032e-03 1.88820083e-02 4.70565120e-03 1.65357124e-02
 2.83959769e-02 9.10894692e-01]; Score: [-11.31871231]; Action: ([1.23, 0.53, 0.38, 1.16, 1.92], [1, 0, 0, 1, 2])
Episode: 122; Tool: [4.16630513e-07 3.98987140e-06 4.81863026e-07 5.15845159e-07
 3.04625224e-04 4.55248743e-01 3.04616421e-01 1.36858657e-01
 1.02484562e-01 4.81548806e-04]; Score: [-20.93259784]; Action: ([0.0, 1.19, 0.62, 0.9, 0.95], [0, 1, 0, 1, 1])
Episode: 123; Tool: [1.68809383e-05 2.08295489e-04 3.39143240e-04 1.80598254e-05
 6.28630587e-05 6.01340160e-02 5.89011237e-02 2.38433406e-02
 8.51681650e-01 4.79463348e-03]; Score: [-13.79346538]; Action: ([0.03, 0.92, 1.6, 1.79, 0.28], [0, 1, 2, 2, 0])
Episode: 124; Tool: [6.28657119e-07 5.13291980e-06 9.94851348e-07 6.50437460e-06
 8.27433169e-03 4.85255718e-01 4.71446395e-01 1.36778057e-02
 1.89581793e-02 2.37428630e-03]; Score: [-12.80859361]; Action: ([1.55, 1.77, 0.2, 1.54, 1.53], [2, 2, 0, 2, 2])
Episode: 125; Tool: [6.41675342e-06 1.62345566e-06 2.48863643e-07 1.32093305e-06
 2.29015271e-03 4.28396642e-01 3.82468849e-01 1.47443831e-01
 3.88409309e-02 5.49900637e-04]; Score: [-14.73111126]; Action: ([1.76, 1.37, 1.41, 0.6, 1.12], [2, 2, 2, 0, 1])
Episode: 126; Tool: [1.95416379e-14 9.85319257e-01 1.46807376e-02 2.12648732e-10
 1.41033726e-10 2.03114371e-15 1.47881709e-16 7.78171947e-14
 1.65715254e-14 1.42064095e-12]; Score: [-20.04513125]; Action: ([1.12, 0.93, 0.83, 0.0, 1.7], [1, 1, 1, 0, 2])
Episode: 127; Tool: [2.05452352e-06 1.16720603e-05 5.35625913e-05 9.36899653e-07
 8.18707758e-06 9.25149582e-03 5.46371564e-03 2.05134414e-03
 9.77610409e-01 5.54660289e-03]; Score: [-11.57642239]; Action: ([0.36, 1.12, 0.37, 0.44, 0.41], [0, 1, 0, 0, 0])
Episode: 128; Tool: [6.87450878e-08 1.07487276e-05 1.72357453e-04 2.32331549e-05
 3.67558755e-06 3.17799684e-04 2.94429046e-05 8.84485489e-04
 6.22091629e-03 9.92337406e-01]; Score: [-13.47655747]; Action: ([1.3, 1.93, 1.6, 1.78, 1.53], [1, 2, 2, 2, 2])
Episode: 129; Tool: [1.09273870e-08 4.15989598e-09 2.20255397e-10 7.03179071e-10
 7.60368770e-04 2.35171169e-01 7.45877147e-01 7.55988201e-03
 1.06288642e-02 2.50783637e-06]; Score: [-23.04467096]; Action: ([0.06, 1.49, 0.18, 1.15, 0.66], [0, 2, 0, 1, 0])
Episode: 130; Tool: [8.14203649e-10 8.20892486e-12 5.79069832e-13 4.07919705e-12
 1.94709373e-05 1.73330456e-01 8.20045650e-01 5.18747140e-04
 6.08551595e-03 1.40795748e-07]; Score: [-19.52476871]; Action: ([0.99, 0.91, 0.79, 0.01, 1.04], [1, 1, 1, 0, 1])
Episode: 131; Tool: [7.05289767e-06 2.44586396e-08 1.19237349e-08 9.54678399e-08
 7.28553685e-04 2.34057263e-01 7.29211688e-01 1.11769801e-02
 2.47787181e-02 3.96105715e-05]; Score: [-18.7196525]; Action: ([0.77, 1.79, 0.5, 0.39, 1.79], [1, 2, 0, 0, 2])
Episode: 132; Tool: [1.27213483e-04 1.48854982e-02 9.59742367e-01 2.51040831e-02
 8.92401076e-05 1.12695908e-07 8.86182363e-08 4.74529988e-05
 1.94030486e-06 1.91900017e-06]; Score: [-26.13466398]; Action: ([0.57, 0.0, 0.53, 0.25, 1.4], [0, 0, 0, 0, 2])
Episode: 133; Tool: [1.86563352e-06 1.74914092e-01 8.18930745e-01 6.13229070e-03
 6.87295324e-06 3.21015570e-08 1.39120493e-08 5.38427548e-06
 7.40562882e-07 7.98359179e-06]; Score: [-20.28246314]; Action: ([0.18, 1.72, 1.26, 1.27, 1.17], [0, 2, 1, 1, 1])
Episode: 134; Tool: [2.40422331e-08 4.92794871e-01 5.07063150e-01 1.40198608e-04
 1.55320902e-06 1.47564305e-09 3.14725968e-10 4.25482831e-08
 5.86569948e-09 1.43285561e-07]; Score: [-10.94416449]; Action: ([1.82, 0.51, 1.8, 1.84, 0.87], [2, 0, 2, 2, 1])
Episode: 135; Tool: [9.56732290e-16 9.95075643e-01 4.92434204e-03 8.70817307e-12
 6.60162029e-12 4.60878468e-17 1.56747914e-18 2.18359207e-15
 6.07176351e-16 1.58103091e-13]; Score: [-16.05661805]; Action: ([0.96, 0.48, 1.19, 1.37, 1.1], [1, 0, 1, 2, 1])
Episode: 136; Tool: [1.58536704e-06 6.90258399e-04 5.17707842e-04 1.94056588e-03
 9.14780915e-01 5.15596829e-02 1.59399174e-02 1.35425804e-02
 4.59642150e-04 5.67111070e-04]; Score: [-18.59893072]; Action: ([0.18, 0.0, 0.61, 1.07, 2.0], [0, 0, 0, 1, 2])
Episode: 137; Tool: [1.30925061e-14 9.90766883e-01 9.23314784e-03 6.87463628e-11
 3.80168744e-11 5.20734998e-16 1.67570133e-17 1.55934395e-14
 3.99505292e-15 8.39919714e-13]; Score: [-27.26184133]; Action: ([0.91, 1.33, 0.8, 0.17, 0.12], [1, 1, 1, 0, 0])
Episode: 138; Tool: [2.16528997e-06 3.80180450e-06 1.13214378e-06 2.25158192e-06
 1.87601239e-04 4.51515347e-01 2.73292929e-01 1.56876132e-01
 9.77586135e-02 2.03600638e-02]; Score: [-20.72696596]; Action: ([0.22, 0.23, 0.8, 0.7, 1.22], [0, 0, 1, 1, 1])
Episode: 139; Tool: [1.19812800e-08 2.84205953e-06 1.52641333e-05 1.97695772e-05
 1.86897760e-05 2.04369286e-03 2.04275086e-04 9.97526586e-01
 1.66582206e-04 2.36338542e-06]; Score: [-15.64376813]; Action: ([1.92, 1.64, 0.02, 0.11, 1.33], [2, 2, 0, 0, 2])
Episode: 140; Tool: [0.0009641  0.00690073 0.02472154 0.01670229 0.00703503 0.04786184
 0.0171974  0.05611273 0.08418086 0.73832345]; Score: [-10.62028585]; Action: ([0.37, 0.56, 0.27, 0.9, 1.29], [0, 0, 0, 1, 1])
Episode: 141; Tool: [6.55551860e-03 6.84681931e-04 3.55285108e-01 6.32941782e-01
 4.42744000e-03 2.24794621e-06 1.51927384e-06 9.41735852e-05
 2.10250232e-06 5.43299211e-06]; Score: [-19.10212157]; Action: ([0.03, 1.23, 1.55, 0.77, 1.69], [0, 1, 2, 1, 2])
Episode: 142; Tool: [1.54713948e-08 5.45457221e-11 1.04315003e-11 6.57830623e-10
 2.73196958e-04 2.47714072e-01 7.48279274e-01 2.04314198e-03
 1.68620970e-03 4.12681538e-06]; Score: [-15.72015679]; Action: ([0.18, 1.18, 0.68, 1.32, 1.65], [0, 1, 1, 1, 2])
Episode: 143; Tool: [5.32909343e-03 2.19386863e-03 1.34317920e-01 8.23050797e-01
 3.37225534e-02 1.83562079e-04 1.23101505e-04 5.97170845e-04
 3.83885927e-05 4.43549914e-04]; Score: [-22.05993755]; Action: ([0.0, 0.92, 0.36, 1.93, 1.06], [0, 1, 0, 2, 1])
Episode: 144; Tool: [3.40363804e-05 1.03253964e-03 3.39174294e-04 5.52594662e-04
 2.96220720e-01 3.37486506e-01 2.46100619e-01 9.13747177e-02
 2.33000405e-02 3.55909066e-03]; Score: [-16.35928526]; Action: ([0.0, 0.94, 0.24, 1.64, 1.86], [0, 1, 0, 2, 2])
Episode: 145; Tool: [8.14203649e-10 8.20892486e-12 5.79069832e-13 4.07919705e-12
 1.94709373e-05 1.73330456e-01 8.20045650e-01 5.18747140e-04
 6.08551595e-03 1.40795748e-07]; Score: [-13.15095133]; Action: ([1.24, 1.54, 1.64, 1.0, 2.0], [1, 2, 2, 1, 2])
Episode: 146; Tool: [1.00384215e-15 9.93825078e-01 6.17491454e-03 1.20815415e-11
 7.93046531e-12 6.74047644e-17 2.63929511e-18 3.08197109e-15
 7.58766608e-16 1.71395762e-13]; Score: [-16.81884187]; Action: ([1.4, 0.62, 1.52, 1.75, 0.07], [2, 0, 2, 2, 0])
Episode: 147; Tool: [5.23720928e-07 5.99499401e-08 8.22440072e-09 5.22892663e-08
 2.01758044e-03 2.91338712e-01 6.82063699e-01 1.08538363e-02
 1.36743244e-02 5.11961844e-05]; Score: [-9.56143406]; Action: ([1.71, 1.02, 1.1, 1.3, 1.35], [2, 1, 1, 1, 2])
Episode: 148; Tool: [4.10574576e-05 1.54770883e-02 9.56771057e-03 1.57374851e-02
 2.10951269e-02 1.13573380e-01 1.71255413e-02 7.88456261e-01
 1.00759100e-02 8.85034446e-03]; Score: [-13.26044078]; Action: ([1.92, 1.08, 1.79, 0.0, 0.9], [2, 1, 2, 0, 1])
Episode: 149; Tool: [1.78133450e-05 1.43558163e-05 2.26866200e-06 9.00151281e-06
 6.89331628e-03 4.32913661e-01 4.02817637e-01 1.00878946e-01
 5.40321507e-02 2.42085033e-03]; Score: [-21.0149144]; Action: ([0.84, 0.0, 1.35, 0.1, 1.54], [1, 0, 2, 0, 2])
Episode: 150; Tool: [6.92051399e-05 1.48178788e-03 9.56673641e-03 3.42845242e-03
 7.91053695e-04 1.21775670e-02 2.94480799e-03 1.94875468e-02
 4.34480757e-02 9.06604767e-01]; Score: [-12.56481153]; Action: ([1.95, 1.93, 0.87, 0.4, 1.09], [2, 2, 1, 0, 1])
Episode: 151; Tool: [6.15108775e-06 4.69389575e-04 2.10737577e-03 2.35199947e-02
 9.50708389e-01 1.39730154e-02 5.61119895e-03 2.96231057e-03
 1.07227621e-04 5.35020896e-04]; Score: [-20.05621906]; Action: ([0.76, 0.62, 0.5, 0.19, 1.27], [1, 0, 0, 0, 1])
Episode: 152; Tool: [1.94006111e-06 5.50673503e-05 6.12314543e-05 1.99494684e-06
 1.03316743e-05 3.20555866e-02 2.96076704e-02 6.27730088e-03
 9.28408265e-01 3.52057023e-03]; Score: [-12.75883463]; Action: ([0.28, 0.48, 0.17, 1.69, 1.13], [0, 0, 0, 2, 1])
Episode: 153; Tool: [4.27036952e-07 5.64802722e-05 1.84281191e-04 2.62452726e-04
 6.63156388e-04 7.77174346e-03 1.10670936e-03 9.89126503e-01
 8.08403129e-04 1.98042744e-05]; Score: [-15.78285164]; Action: ([0.01, 0.25, 1.96, 1.67, 1.46], [0, 0, 2, 2, 2])
Episode: 154; Tool: [1.38204030e-06 2.70204200e-05 4.35692118e-06 1.23999653e-05
 2.91107874e-03 3.85583162e-01 1.28941283e-01 4.51305389e-01
 2.98509691e-02 1.36297802e-03]; Score: [-18.41086528]; Action: ([0.34, 0.58, 0.45, 0.58, 1.98], [0, 0, 0, 0, 2])
Episode: 155; Tool: [9.58926330e-18 9.98405516e-01 1.59455056e-03 1.62007926e-13
 1.78440352e-13 3.32990086e-19 7.56295192e-21 2.74474178e-17
 8.52590691e-18 4.57840027e-15]; Score: [-15.23972726]; Action: ([1.85, 0.52, 1.86, 0.37, 1.13], [2, 0, 2, 0, 1])
Episode: 156; Tool: [6.64876438e-08 4.75415573e-06 4.00330663e-07 3.07807318e-06
 2.24605668e-03 2.03273311e-01 3.26796509e-02 7.57267416e-01
 4.22922662e-03 2.96058337e-04]; Score: [-13.11961514]; Action: ([1.02, 0.0, 1.56, 1.29, 2.0], [1, 0, 2, 1, 2])
Episode: 157; Tool: [5.53090333e-16 9.96357501e-01 3.64249642e-03 1.80544685e-12
 2.88486466e-12 1.42910522e-17 2.49845329e-19 3.70273491e-16
 9.39636280e-17 2.96579439e-14]; Score: [-18.79108281]; Action: ([0.36, 0.74, 0.84, 1.44, 1.24], [0, 1, 1, 2, 1])
Episode: 158; Tool: [6.58469980e-06 1.90446335e-05 3.05463473e-05 1.56430474e-06
 3.36013363e-05 5.16152978e-02 4.76755053e-02 5.79120824e-03
 8.92703295e-01 2.12335982e-03]; Score: [-9.89745948]; Action: ([0.57, 1.17, 1.78, 1.4, 0.83], [0, 1, 2, 2, 1])
Episode: 159; Tool: [5.49033211e-06 8.10821730e-05 5.93250326e-04 1.02772807e-04
 6.44794563e-05 4.66085412e-02 1.08379470e-02 1.20082293e-02
 2.25328580e-01 7.04369605e-01]; Score: [-15.74236517]; Action: ([2.0, 2.0, 0.12, 1.35, 1.54], [2, 2, 0, 2, 2])
Episode: 160; Tool: [7.59502150e-09 6.68319490e-06 1.82393109e-04 6.85718305e-06
 3.11033290e-07 4.35662769e-05 3.15019611e-06 3.19514220e-04
 4.13467130e-03 9.95302916e-01]; Score: [-13.90137178]; Action: ([0.1, 0.64, 0.65, 1.84, 0.2], [0, 0, 0, 2, 0])
Episode: 161; Tool: [2.38156144e-06 5.16156651e-05 4.10458306e-04 1.18008669e-04
 4.81177485e-05 1.32418366e-03 2.14581378e-04 4.01838915e-03
 1.31356372e-02 9.80676651e-01]; Score: [-14.70107699]; Action: ([1.62, 1.78, 1.76, 1.61, 1.8], [2, 2, 2, 2, 2])
Episode: 162; Tool: [9.91376815e-04 5.04361046e-03 5.68725467e-02 4.60378617e-01
 4.64222699e-01 3.77184944e-03 2.23895023e-03 3.53439758e-03
 1.99264294e-04 2.74669798e-03]; Score: [-17.08343496]; Action: ([1.64, 1.79, 1.65, 1.42, 0.39], [2, 2, 2, 2, 0])
Episode: 163; Tool: [4.71675719e-11 9.42150116e-01 5.78496903e-02 8.04839360e-08
 4.34799006e-08 8.04934418e-12 9.50762472e-13 1.15525686e-10
 2.65208046e-11 9.89796467e-10]; Score: [-20.81104427]; Action: ([1.03, 0.5, 0.89, 0.28, 1.32], [1, 0, 1, 0, 1])
Episode: 164; Tool: [9.68789436e-07 2.65967151e-06 6.81463735e-06 1.24493823e-07
 3.90387140e-06 1.35369021e-02 1.22029744e-02 1.45463180e-03
 9.72124159e-01 6.66896056e-04]; Score: [-15.38678156]; Action: ([2.0, 1.63, 1.69, 0.04, 1.42], [2, 2, 2, 0, 2])
Episode: 165; Tool: [9.55364410e-09 6.67807754e-11 2.50810700e-12 3.87102286e-12
 5.69886060e-06 1.83827877e-01 7.67957211e-01 7.83973199e-04
 4.74247523e-02 4.58953139e-07]; Score: [-19.94440011]; Action: ([0.78, 0.57, 0.16, 1.21, 0.48], [1, 0, 0, 1, 0])
Episode: 166; Tool: [0.00171204 0.02085353 0.05025871 0.1250215  0.68529147 0.04157759
 0.02208961 0.03943631 0.00441052 0.00934875]; Score: [-21.79618934]; Action: ([0.0, 0.25, 1.28, 1.78, 0.43], [0, 0, 1, 2, 0])
Episode: 167; Tool: [7.33224515e-05 4.71912645e-04 2.12311093e-03 1.12963564e-04
 2.53586244e-04 2.26573609e-02 1.10191451e-02 1.16478652e-02
 8.71284783e-01 8.03559646e-02]; Score: [-8.63260459]; Action: ([0.7, 1.67, 0.78, 0.8, 1.12], [1, 2, 1, 1, 1])
Episode: 168; Tool: [8.59330248e-06 4.79573719e-02 9.49169040e-01 2.84458650e-03
 1.19465021e-05 1.33499078e-08 7.78115705e-09 7.67446363e-06
 3.73024079e-07 3.84790638e-07]; Score: [-31.14458838]; Action: ([0.38, 1.25, 0.25, 0.52, 0.01], [0, 1, 0, 0, 0])
Episode: 169; Tool: [4.52745496e-17 9.97967422e-01 2.03258730e-03 2.38301349e-13
 3.62844683e-13 7.64315248e-19 1.01902310e-20 2.90191271e-17
 8.03223394e-18 3.83689789e-15]; Score: [-23.6532657]; Action: ([0.66, 1.04, 0.1, 0.6, 1.28], [0, 1, 0, 0, 1])
Episode: 170; Tool: [9.31886098e-05 3.87332239e-03 1.37812793e-02 6.47894666e-02
 8.82315636e-01 1.55041236e-02 7.13850372e-03 1.03242854e-02
 4.74110886e-04 1.70596759e-03]; Score: [-14.85062035]; Action: ([0.68, 1.22, 0.39, 1.44, 1.28], [1, 1, 0, 2, 1])
Episode: 171; Tool: [0.01785931 0.11886075 0.16273598 0.24653257 0.1097378  0.05051331
 0.0302735  0.06938538 0.03238181 0.16171958]; Score: [-10.62302917]; Action: ([1.96, 1.16, 0.72, 1.68, 1.88], [2, 1, 1, 2, 2])
Episode: 172; Tool: [3.02740636e-06 1.18633507e-05 2.45688125e-06 1.48399977e-05
 6.85193110e-03 3.02926421e-01 1.06765479e-01 5.70959687e-01
 1.21055553e-02 3.58666934e-04]; Score: [-11.20025496]; Action: ([0.31, 0.75, 1.39, 1.91, 1.1], [0, 1, 2, 2, 1])
Episode: 173; Tool: [1.23260435e-07 2.71953667e-07 3.20372669e-06 1.48219497e-05
 3.64915672e-04 4.56476444e-03 1.62331201e-03 9.93177533e-01
 2.49165256e-04 1.87053934e-06]; Score: [-8.99907312]; Action: ([0.65, 0.79, 0.85, 1.58, 1.37], [0, 1, 1, 2, 2])
Episode: 174; Tool: [6.84127087e-07 1.00300902e-04 8.88826151e-04 2.94196623e-04
 4.95567547e-05 1.82248000e-03 2.39498564e-04 2.20794836e-03
 9.04383697e-03 9.85352695e-01]; Score: [-11.11479891]; Action: ([0.31, 0.5, 0.61, 0.49, 1.34], [0, 0, 0, 0, 2])
Episode: 175; Tool: [4.83617448e-08 3.37835671e-09 4.35782160e-10 1.09755209e-08
 1.00343337e-03 3.15458417e-01 6.76682949e-01 3.12974094e-03
 3.70064448e-03 2.47745465e-05]; Score: [-15.67534612]; Action: ([2.0, 1.38, 0.87, 0.99, 0.27], [2, 2, 1, 1, 0])
Episode: 176; Tool: [6.67407903e-06 2.55892646e-05 1.93679734e-05 1.18964874e-06
 3.21478656e-05 5.44068478e-02 6.71122447e-02 5.79706393e-03
 8.71398091e-01 1.20078214e-03]; Score: [-13.01138456]; Action: ([0.36, 0.12, 1.71, 1.42, 1.35], [0, 0, 2, 2, 2])
Episode: 177; Tool: [2.19092078e-10 8.92589986e-01 1.07409537e-01 4.12078634e-07
 6.33983959e-08 3.02312619e-11 2.76803320e-12 3.10189874e-10
 6.46726422e-11 2.70847877e-09]; Score: [-22.5904316]; Action: ([0.35, 1.23, 0.16, 1.14, 1.41], [0, 1, 0, 1, 2])
Episode: 178; Tool: [3.27955815e-04 1.68254483e-03 9.77133632e-01 2.08039284e-02
 3.65605447e-05 9.65108615e-09 7.15589943e-09 1.51680160e-05
 1.98547923e-07 3.93594810e-08]; Score: [-24.00041237]; Action: ([1.66, 1.3, 0.66, 0.26, 0.26], [2, 1, 0, 0, 0])
Episode: 179; Tool: [1.03487997e-04 1.03202439e-03 1.32747844e-03 9.71207302e-03
 5.34849703e-01 2.27251619e-01 1.58061087e-01 3.94203700e-02
 8.93422496e-03 1.93079188e-02]; Score: [-14.08120856]; Action: ([1.59, 0.58, 1.15, 0.61, 1.27], [2, 0, 1, 0, 1])
Episode: 180; Tool: [1.12430309e-04 3.99904326e-03 1.40466623e-03 2.83139199e-03
 2.62209047e-02 1.88691139e-01 6.22804351e-02 6.67967975e-01
 3.43272835e-02 1.21647064e-02]; Score: [-10.90154321]; Action: ([1.23, 1.62, 1.57, 1.31, 0.4], [1, 2, 2, 1, 0])
Episode: 181; Tool: [5.96202688e-12 2.03836843e-11 1.68911434e-13 4.91589885e-12
 1.54963764e-05 6.64418519e-01 2.65346646e-01 6.83712959e-02
 1.84552500e-03 2.55904979e-06]; Score: [-17.59122873]; Action: ([0.86, 0.7, 0.24, 0.92, 1.02], [1, 1, 0, 1, 1])
Episode: 182; Tool: [7.18617457e-06 1.07732035e-06 1.35419285e-07 2.42818516e-07
 5.32617734e-04 3.25133264e-01 5.34086466e-01 2.92871073e-02
 1.10584050e-01 3.67911067e-04]; Score: [-18.85285388]; Action: ([0.69, 1.7, 1.22, 0.69, 1.05], [1, 2, 1, 1, 1])
Episode: 183; Tool: [2.23491998e-06 3.74219544e-09 4.80659346e-10 3.26776939e-09
 1.64252764e-04 1.96461722e-01 7.78479755e-01 8.59722216e-03
 1.62840169e-02 1.08238128e-05]; Score: [-22.13117063]; Action: ([0.51, 1.58, 0.05, 0.48, 1.19], [0, 2, 0, 0, 1])
Episode: 184; Tool: [9.42604174e-07 8.30573772e-05 9.40701691e-04 3.07786744e-04
 4.86448589e-05 2.61559105e-03 3.46966670e-04 2.94661499e-03
 9.56148840e-03 9.83148217e-01]; Score: [-11.71294691]; Action: ([1.44, 1.52, 1.85, 1.02, 1.69], [2, 2, 2, 1, 2])
Episode: 185; Tool: [5.83920559e-17 9.96607661e-01 3.39239393e-03 1.22226881e-12
 1.29329956e-12 2.34794741e-18 8.21613752e-20 1.68453307e-16
 4.15777438e-17 9.37384596e-15]; Score: [-27.80829496]; Action: ([1.12, 0.2, 0.34, 0.23, 0.49], [1, 0, 0, 0, 0])
Episode: 186; Tool: [1.03074271e-04 1.25437661e-03 8.25195515e-04 3.14162462e-03
 3.61637414e-01 3.04465294e-01 1.41011000e-01 1.66246176e-01
 1.45456418e-02 6.77028066e-03]; Score: [-19.07607881]; Action: ([1.43, 1.72, 1.68, 0.06, 1.52], [2, 2, 2, 0, 2])
Episode: 187; Tool: [1.45534352e-06 6.41408542e-06 8.01939962e-07 2.18781952e-06
 7.49639189e-03 5.03952503e-01 4.21647161e-01 1.92275923e-02
 4.63591404e-02 1.30634999e-03]; Score: [-17.59934379]; Action: ([0.83, 0.87, 0.77, 1.03, 0.51], [1, 1, 1, 1, 0])
Episode: 188; Tool: [5.09262609e-04 4.33959020e-03 1.65359545e-02 9.70405433e-03
 4.93368786e-03 4.72845808e-02 1.56889353e-02 4.55183201e-02
 9.73175764e-02 7.58167982e-01]; Score: [-11.7840621]; Action: ([1.31, 1.05, 0.67, 0.05, 1.85], [1, 1, 1, 0, 2])
Episode: 189; Tool: [4.05942001e-06 1.77315800e-04 2.71267945e-05 3.66900204e-05
 1.09641030e-01 4.70862210e-01 2.86293447e-01 9.87485126e-02
 3.32139321e-02 9.95580689e-04]; Score: [-13.01575693]; Action: ([1.38, 0.32, 0.35, 1.6, 1.31], [2, 0, 0, 2, 1])
Episode: 190; Tool: [2.13271269e-05 3.25689614e-02 9.62920845e-01 4.45417548e-03
 1.91047347e-05 2.60104116e-08 1.61807261e-08 1.44887090e-05
 6.46241915e-07 4.81271400e-07]; Score: [-20.1758231]; Action: ([1.39, 0.55, 1.43, 0.72, 0.21], [2, 0, 2, 1, 0])
Episode: 191; Tool: [6.52208218e-11 7.22183049e-01 2.77813703e-01 3.23486506e-06
 2.53188777e-08 7.19458174e-12 8.64375845e-13 1.74712508e-10
 2.16809851e-11 2.17817697e-09]; Score: [-29.56488513]; Action: ([0.38, 1.03, 0.29, 0.44, 0.23], [0, 1, 0, 0, 0])
Episode: 192; Tool: [1.52663597e-05 1.40413595e-03 8.23242310e-03 6.56736046e-02
 9.15682912e-01 4.74179816e-03 1.71803893e-03 2.04823818e-03
 5.58283900e-05 4.27740801e-04]; Score: [-20.24250105]; Action: ([0.84, 1.87, 1.29, 0.93, 0.53], [1, 2, 1, 1, 0])
Episode: 193; Tool: [1.25697611e-07 1.24910526e-10 1.94519626e-11 5.75840209e-10
 8.99503066e-05 2.45869204e-01 7.44144976e-01 4.25344380e-03
 5.63235115e-03 9.95208666e-06]; Score: [-23.13973563]; Action: ([0.67, 1.77, 1.7, 1.23, 0.07], [1, 2, 2, 1, 0])
Episode: 194; Tool: [2.94197605e-07 1.55895543e-06 1.24157725e-06 4.30202505e-08
 1.82696624e-06 3.80274989e-02 4.07119766e-02 1.55917718e-03
 9.18971121e-01 7.25160120e-04]; Score: [-9.72092574]; Action: ([0.75, 0.51, 1.14, 0.4, 0.57], [1, 0, 1, 0, 0])
Episode: 195; Tool: [4.16630513e-07 3.98987140e-06 4.81863026e-07 5.15845159e-07
 3.04625224e-04 4.55248743e-01 3.04616421e-01 1.36858657e-01
 1.02484562e-01 4.81548806e-04]; Score: [-14.40657062]; Action: ([1.42, 0.54, 2.0, 1.67, 0.99], [2, 0, 2, 2, 1])
Episode: 196; Tool: [3.15598991e-09 4.42522499e-08 1.30864478e-07 4.46770981e-10
 2.80202208e-08 2.36505666e-03 1.77179440e-03 1.00724865e-04
 9.95650709e-01 1.11542460e-04]; Score: [-9.53814173]; Action: ([1.14, 1.58, 0.83, 0.26, 1.17], [1, 2, 1, 0, 1])
Episode: 197; Tool: [2.78663356e-06 6.58686549e-05 1.19498336e-05 1.36345145e-04
 1.28742047e-02 3.63356560e-01 8.09542984e-02 5.31366467e-01
 6.85873209e-03 4.37285658e-03]; Score: [-13.51590797]; Action: ([1.53, 1.31, 1.6, 1.6, 0.74], [2, 1, 2, 2, 1])
Episode: 198; Tool: [3.40363804e-05 1.03253964e-03 3.39174294e-04 5.52594662e-04
 2.96220720e-01 3.37486506e-01 2.46100619e-01 9.13747177e-02
 2.33000405e-02 3.55909066e-03]; Score: [-19.25570316]; Action: ([0.82, 0.82, 1.53, 0.34, 1.09], [1, 1, 2, 0, 1])
Episode: 199; Tool: [8.74211429e-16 9.94401276e-01 5.59877977e-03 9.29371163e-12
 4.32276914e-12 7.25664839e-17 2.28458083e-18 2.92771814e-15
 7.66028487e-16 2.65242228e-13]; Score: [-14.72588086]; Action: ([0.89, 1.23, 1.78, 0.54, 1.88], [1, 1, 2, 0, 2])
Episode: 200; Tool: [2.78412881e-05 9.52720642e-04 7.45251658e-04 3.06308083e-03
 6.31779492e-01 1.94792271e-01 9.51146930e-02 6.52504265e-02
 4.86669596e-03 3.40755912e-03]; Score: [-19.76560969]; Action: ([1.05, 0.0, 1.43, 0.7, 0.85], [1, 0, 2, 1, 1])
Episode: 201; Tool: [6.46680419e-04 1.51726708e-03 9.67351377e-01 3.04052904e-02
 6.63870014e-05 1.47854395e-08 8.93631924e-09 1.27211169e-05
 1.74004114e-07 4.25919175e-08]; Score: [-17.85621448]; Action: ([1.65, 0.1, 0.34, 1.1, 1.7], [2, 0, 0, 1, 2])
Episode: 202; Tool: [5.53785358e-05 2.66431656e-04 5.27380558e-04 4.37570889e-05
 1.17901589e-04 5.72783910e-02 3.90611030e-02 1.38079654e-02
 8.53734732e-01 3.51069979e-02]; Score: [-12.56275344]; Action: ([1.49, 0.33, 0.34, 1.34, 1.72], [2, 0, 0, 2, 2])
Episode: 203; Tool: [1.00000000e+00 8.38571512e-15 8.53995363e-09 1.17458021e-09
 3.06355552e-10 2.75874636e-11 2.59150340e-11 4.10246459e-09
 2.48258393e-11 4.09779485e-17]; Score: [-16.25197358]; Action: ([0.27, 0.62, 0.72, 1.4, 0.82], [0, 0, 1, 2, 1])
Episode: 204; Tool: [2.99497804e-09 1.97253530e-06 4.60560914e-05 9.54312054e-06
 7.66484845e-07 3.08072340e-04 1.83258926e-05 2.59928580e-04
 1.90171099e-03 9.97453630e-01]; Score: [-10.95611519]; Action: ([0.85, 0.87, 0.3, 0.6, 1.87], [1, 1, 0, 0, 2])
Episode: 205; Tool: [2.94186084e-05 5.52709971e-05 1.11600393e-05 5.15517531e-05
 1.88377276e-02 4.51783866e-01 3.79769713e-01 9.45490673e-02
 4.65766713e-02 8.33559223e-03]; Score: [-13.99752683]; Action: ([1.45, 0.47, 1.69, 1.08, 1.36], [2, 0, 2, 1, 2])
Episode: 206; Tool: [1.56225261e-12 9.62896705e-01 3.71032432e-02 7.60842589e-09
 2.04128336e-09 2.31681211e-13 1.82941295e-14 4.79251144e-12
 1.05030210e-12 8.05075867e-11]; Score: [-19.20041637]; Action: ([1.27, 0.2, 0.92, 1.82, 0.32], [1, 0, 1, 2, 0])
Episode: 207; Tool: [1.33374249e-06 1.72854289e-01 8.26402426e-01 7.31489272e-04
 8.00149428e-06 1.06677316e-08 4.41329950e-09 1.93385358e-06
 1.51373783e-07 3.68530920e-07]; Score: [-20.78673321]; Action: ([1.08, 1.49, 1.32, 0.07, 1.14], [1, 2, 1, 0, 1])
Episode: 208; Tool: [7.47139850e-10 1.10110976e-12 8.38072965e-14 1.54556554e-12
 1.45435351e-05 1.61912397e-01 8.34968746e-01 5.05786855e-04
 2.59834388e-03 1.30113506e-07]; Score: [-19.80870684]; Action: ([0.01, 1.53, 0.44, 0.76, 1.98], [0, 2, 0, 1, 2])
Episode: 209; Tool: [2.52366272e-06 5.72780031e-04 8.48450873e-05 1.09275083e-04
 8.64956379e-02 1.94849327e-01 8.31482559e-02 6.24875069e-01
 9.45692509e-03 4.05351922e-04]; Score: [-12.67625731]; Action: ([0.68, 1.84, 1.84, 1.44, 1.44], [1, 2, 2, 2, 2])
Episode: 210; Tool: [1.41861378e-07 2.44811352e-04 4.45783196e-04 2.35006702e-03
 9.89540756e-01 4.91593033e-03 9.60419653e-04 1.49598334e-03
 1.49213183e-05 3.11249860e-05]; Score: [-14.31822471]; Action: ([0.82, 0.33, 0.06, 1.74, 1.81], [1, 0, 0, 2, 2])
Episode: 211; Tool: [6.25677203e-05 1.41182670e-03 1.02567663e-02 4.30238293e-03
 8.09472695e-04 2.18979195e-02 5.06943138e-03 2.19271053e-02
 4.56976146e-02 8.88564825e-01]; Score: [-11.50113302]; Action: ([0.68, 1.97, 0.32, 0.72, 0.81], [1, 2, 0, 1, 1])
Episode: 212; Tool: [1.00000000e+00 8.38571512e-15 8.53995363e-09 1.17458021e-09
 3.06355552e-10 2.75874636e-11 2.59150340e-11 4.10246459e-09
 2.48258393e-11 4.09779485e-17]; Score: [-15.41217852]; Action: ([0.92, 0.82, 0.29, 0.97, 0.7], [1, 1, 0, 1, 1])
Episode: 213; Tool: [2.37046538e-06 6.56733988e-04 7.77900917e-04 4.66675125e-03
 9.47936296e-01 2.63984334e-02 8.50276649e-03 1.03901746e-02
 1.91864950e-04 4.76659770e-04]; Score: [-14.2171969]; Action: ([1.92, 0.46, 1.78, 0.58, 1.71], [2, 0, 2, 0, 2])
Episode: 214; Tool: [5.10293944e-03 1.48307905e-03 2.42976993e-01 7.39693999e-01
 1.02488426e-02 2.46889686e-05 1.76941885e-05 3.49728391e-04
 1.32663581e-05 8.88324575e-05]; Score: [-18.32224983]; Action: ([0.89, 0.28, 0.93, 0.78, 1.7], [1, 0, 1, 1, 2])
Episode: 215; Tool: [1.08117774e-06 2.49124041e-05 3.29344130e-06 1.57135819e-05
 3.11855879e-03 2.57995158e-01 6.50360435e-02 6.58103764e-01
 1.43186795e-02 1.38276839e-03]; Score: [-10.67385689]; Action: ([1.54, 1.79, 1.05, 1.1, 1.67], [2, 2, 1, 1, 2])
Episode: 216; Tool: [9.56732290e-16 9.95075643e-01 4.92434204e-03 8.70817307e-12
 6.60162029e-12 4.60878468e-17 1.56747914e-18 2.18359207e-15
 6.07176351e-16 1.58103091e-13]; Score: [-13.25099296]; Action: ([1.77, 0.22, 1.23, 1.43, 1.27], [2, 0, 1, 2, 1])
Episode: 217; Tool: [7.47677113e-05 1.23891160e-02 3.10521722e-02 7.27222636e-02
 8.68689895e-01 6.87450124e-03 1.96400774e-03 5.22368634e-03
 2.24537391e-04 7.85124779e-04]; Score: [-12.1701519]; Action: ([1.07, 1.36, 1.19, 1.66, 1.17], [1, 2, 1, 2, 1])
Episode: 218; Tool: [1.54673035e-05 3.32003683e-02 9.59678710e-01 7.06772832e-03
 2.57832544e-05 2.39619489e-08 1.64572374e-08 1.08255099e-05
 5.24606662e-07 5.65323319e-07]; Score: [-12.46881543]; Action: ([1.64, 0.91, 1.63, 0.78, 1.39], [2, 1, 2, 1, 2])
Episode: 219; Tool: [2.22297720e-04 7.26288697e-03 9.68997002e-01 2.34193988e-02
 6.67057902e-05 5.39325100e-08 3.73859734e-08 3.03793840e-05
 9.20916591e-07 3.52744905e-07]; Score: [-22.47464973]; Action: ([1.09, 0.78, 0.0, 1.7, 0.42], [1, 1, 0, 2, 0])
Episode: 220; Tool: [7.54624871e-15 9.91889775e-01 8.11021868e-03 4.24091769e-11
 2.14716005e-11 3.08180524e-16 9.20983142e-18 9.66244534e-15
 2.57252080e-15 5.86961415e-13]; Score: [-13.16382921]; Action: ([0.83, 1.53, 1.24, 2.0, 1.57], [1, 2, 1, 2, 2])
Episode: 221; Tool: [1.29287378e-06 9.55260824e-04 1.18758052e-03 1.11963099e-03
 1.39156473e-03 1.63980406e-02 1.81604119e-03 9.74930227e-01
 1.99881149e-03 2.01534931e-04]; Score: [-11.97489627]; Action: ([1.82, 1.5, 0.75, 1.13, 0.11], [2, 2, 1, 1, 0])
Episode: 222; Tool: [1.00000000e+00 8.38571512e-15 8.53995363e-09 1.17458021e-09
 3.06355552e-10 2.75874636e-11 2.59150340e-11 4.10246459e-09
 2.48258393e-11 4.09779485e-17]; Score: [-26.60880873]; Action: ([0.57, 1.77, 1.02, 1.54, 1.44], [0, 2, 1, 2, 2])
Episode: 223; Tool: [4.97972951e-06 6.30169234e-05 1.61673470e-05 2.01087714e-05
 5.91718182e-02 4.12346840e-01 4.47715640e-01 4.11075316e-02
 3.90568450e-02 4.97102272e-04]; Score: [-21.22651972]; Action: ([0.46, 2.0, 1.33, 0.94, 0.82], [0, 2, 2, 1, 1])
Episode: 224; Tool: [1.00000000e+00 8.38571512e-15 8.53995363e-09 1.17458021e-09
 3.06355552e-10 2.75874636e-11 2.59150340e-11 4.10246459e-09
 2.48258393e-11 4.09779485e-17]; Score: [-27.14112159]; Action: ([1.28, 1.71, 1.26, 1.61, 0.65], [1, 2, 1, 2, 0])
Episode: 225; Tool: [4.16630513e-07 3.98987140e-06 4.81863026e-07 5.15845159e-07
 3.04625224e-04 4.55248743e-01 3.04616421e-01 1.36858657e-01
 1.02484562e-01 4.81548806e-04]; Score: [-17.75824029]; Action: ([0.37, 0.54, 0.91, 0.47, 1.92], [0, 0, 1, 0, 2])
Episode: 226; Tool: [2.01207513e-05 3.03351954e-02 9.65344012e-01 4.28072503e-03
 1.27060321e-05 1.39233460e-08 6.32880237e-09 6.57506416e-06
 2.97240916e-07 2.62557990e-07]; Score: [-21.77517221]; Action: ([0.46, 1.66, 1.46, 0.08, 1.73], [0, 2, 2, 0, 2])
Episode: 227; Tool: [3.08812503e-10 8.35727407e-12 4.28941767e-13 1.10886439e-11
 1.27543462e-04 2.18334585e-01 7.78955221e-01 1.21373183e-03
 1.36853277e-03 4.08842368e-07]; Score: [-18.04590936]; Action: ([1.47, 0.21, 1.11, 1.49, 0.0], [2, 0, 1, 2, 0])
Episode: 228; Tool: [6.10061079e-07 7.24817291e-05 7.28940475e-04 2.66876508e-04
 4.30401087e-05 2.58920435e-03 3.26869485e-04 2.42663268e-03
 8.99162143e-03 9.84553695e-01]; Score: [-10.26017265]; Action: ([1.49, 1.06, 1.64, 0.88, 1.73], [2, 1, 2, 1, 2])
Episode: 229; Tool: [1.60939700e-04 6.03654247e-04 1.56697293e-03 1.35642360e-04
 4.68984072e-04 4.74802926e-02 3.07407081e-02 1.60789583e-02
 8.58833909e-01 4.39299271e-02]; Score: [-14.4316932]; Action: ([1.97, 0.53, 0.95, 0.19, 2.0], [2, 0, 1, 0, 2])
Episode: 230; Tool: [1.72807370e-06 2.33583614e-05 9.91174966e-06 1.57449205e-04
 2.10261326e-02 2.70203382e-01 6.38994426e-02 6.40460908e-01
 3.37122171e-03 8.46471696e-04]; Score: [-13.90957639]; Action: ([0.44, 1.95, 0.08, 1.09, 1.67], [0, 2, 0, 1, 2])
Episode: 231; Tool: [0.01093482 0.0290348  0.0661651  0.05565679 0.03590693 0.08284851
 0.04496513 0.1150421  0.12835409 0.4310917 ]; Score: [-8.46407999]; Action: ([1.05, 1.17, 1.34, 0.23, 0.98], [1, 1, 2, 0, 1])
Episode: 232; Tool: [1.63454761e-08 1.55617883e-07 4.54180707e-07 2.11791717e-09
 3.56932226e-08 3.27143166e-03 2.69438326e-03 1.72804255e-04
 9.93629754e-01 2.30940117e-04]; Score: [-12.27568959]; Action: ([0.19, 1.19, 0.35, 1.27, 0.2], [0, 1, 0, 1, 0])
Episode: 233; Tool: [1.87697310e-06 1.51787008e-05 2.39321362e-05 6.92429239e-07
 9.05185152e-06 2.26122662e-02 1.90162268e-02 2.54353811e-03
 9.53398883e-01 2.37829285e-03]; Score: [-12.93284062]; Action: ([1.88, 0.9, 0.8, 0.01, 0.33], [2, 1, 1, 0, 0])
Episode: 234; Tool: [7.18374782e-09 3.87335717e-07 5.92444223e-07 3.96531914e-06
 4.71348496e-04 1.31505597e-02 1.87538564e-03 9.84289110e-01
 2.06797573e-04 1.81669884e-06]; Score: [-12.84173707]; Action: ([1.78, 0.42, 1.31, 0.24, 1.53], [2, 0, 1, 0, 2])
Episode: 235; Tool: [0.01104943 0.09004561 0.15331145 0.149931   0.06032439 0.0734241
 0.03392867 0.31838036 0.05529694 0.05430813]; Score: [-13.47116427]; Action: ([0.0, 1.66, 1.55, 1.69, 0.79], [0, 2, 2, 2, 1])
Episode: 236; Tool: [7.55409201e-05 3.07918736e-03 3.91908083e-03 1.65942144e-02
 8.18549097e-01 7.67725706e-02 3.68101262e-02 3.72065865e-02
 2.40467838e-03 4.58884658e-03]; Score: [-12.68197539]; Action: ([1.62, 1.28, 1.43, 1.79, 0.63], [2, 1, 2, 2, 0])
Episode: 237; Tool: [4.93693790e-07 2.19505832e-01 7.78127074e-01 2.34775664e-03
 6.07588299e-06 5.71731853e-08 6.69293332e-09 9.72971793e-06
 2.42215521e-07 2.75662183e-06]; Score: [-17.07714939]; Action: ([1.41, 1.71, 1.02, 0.77, 1.35], [2, 2, 1, 1, 2])
Episode: 238; Tool: [2.47542829e-07 3.69834567e-07 9.39330562e-07 2.06456434e-08
 1.04371366e-05 2.31447965e-02 1.97435822e-02 1.29189389e-03
 9.55564559e-01 2.43129020e-04]; Score: [-10.66370311]; Action: ([1.06, 0.85, 0.34, 0.1, 0.63], [1, 1, 0, 0, 0])
Episode: 239; Tool: [0.00103703 0.00436657 0.01302091 0.01376385 0.00921693 0.06709346
 0.02470524 0.06013712 0.0749023  0.73175657]; Score: [-14.03963627]; Action: ([1.35, 0.35, 2.0, 0.5, 1.81], [2, 0, 2, 0, 2])
Episode: 240; Tool: [3.43858233e-06 1.30988510e-05 2.14690590e-05 6.59631894e-07
 1.38676669e-05 2.15772688e-02 2.12507378e-02 3.25153698e-03
 9.52590704e-01 1.27729238e-03]; Score: [-10.6164857]; Action: ([1.41, 0.39, 0.72, 1.05, 1.82], [2, 0, 1, 1, 2])
Episode: 241; Tool: [2.05452352e-06 1.16720603e-05 5.35625913e-05 9.36899653e-07
 8.18707758e-06 9.25149582e-03 5.46371564e-03 2.05134414e-03
 9.77610409e-01 5.54660289e-03]; Score: [-11.78897977]; Action: ([0.4, 0.59, 0.49, 1.65, 0.5], [0, 0, 0, 2, 0])
Episode: 242; Tool: [5.12668180e-17 9.97507453e-01 2.49253213e-03 5.76914330e-13
 8.99594310e-13 1.72914011e-18 4.62804935e-20 1.00711920e-16
 2.78921134e-17 6.73278707e-15]; Score: [-22.24425812]; Action: ([1.02, 1.52, 0.54, 0.35, 1.29], [1, 2, 0, 0, 1])
Episode: 243; Tool: [4.47431466e-06 1.61829557e-05 1.05412519e-05 7.52163714e-07
 2.34432846e-05 7.52679408e-02 9.35069397e-02 5.81501564e-03
 8.24229240e-01 1.12536724e-03]; Score: [-11.36765773]; Action: ([0.14, 1.2, 0.1, 1.25, 1.14], [0, 1, 0, 1, 1])
Episode: 244; Tool: [4.27983796e-05 1.38125615e-02 9.77831483e-01 8.27235635e-03
 2.20558577e-05 2.06504840e-08 1.49569139e-08 1.79118688e-05
 5.75845263e-07 3.10191410e-07]; Score: [-16.27582342]; Action: ([0.87, 0.46, 0.8, 1.66, 1.36], [1, 0, 1, 2, 2])
Episode: 245; Tool: [5.53657298e-09 8.20988476e-01 1.79006413e-01 4.43237104e-06
 7.49367757e-07 8.92303176e-10 9.39829742e-11 5.62610003e-09
 1.12060661e-09 4.01392910e-08]; Score: [-7.60842995]; Action: ([1.76, 1.04, 1.8, 1.74, 1.59], [2, 1, 2, 2, 2])
Episode: 246; Tool: [1.00000000e+00 8.38571512e-15 8.53995363e-09 1.17458021e-09
 3.06355552e-10 2.75874636e-11 2.59150340e-11 4.10246459e-09
 2.48258393e-11 4.09779485e-17]; Score: [-25.23925271]; Action: ([1.1, 0.44, 1.11, 1.78, 1.56], [1, 0, 1, 2, 2])
Episode: 247; Tool: [1.19911419e-06 5.71509540e-01 4.26229626e-01 2.12432491e-03
 8.14146988e-05 2.37658151e-06 2.89190524e-07 1.98579855e-05
 1.60225272e-06 2.98170180e-05]; Score: [-16.07692454]; Action: ([1.62, 1.31, 0.43, 0.83, 1.92], [2, 1, 0, 1, 2])
Episode: 248; Tool: [2.58331262e-02 3.83365550e-04 1.83246672e-01 7.71638572e-01
 1.82732530e-02 3.15991674e-05 2.69003176e-05 5.32931706e-04
 1.41660385e-05 1.94164513e-05]; Score: [-25.51078775]; Action: ([0.16, 0.34, 0.14, 1.61, 0.86], [0, 0, 0, 2, 1])
Episode: 249; Tool: [1.32751367e-07 4.96427583e-06 6.80698258e-06 2.44340190e-05
 6.61931874e-04 2.28313599e-02 4.56608506e-03 9.70826626e-01
 1.05149625e-03 2.62512785e-05]; Score: [-14.38305727]; Action: ([0.22, 1.45, 0.05, 0.0, 0.86], [0, 2, 0, 0, 1])
Episode: 250; Tool: [5.82028064e-04 4.20653634e-03 1.56493317e-02 1.08099831e-02
 5.76874195e-03 6.65740296e-02 2.27779876e-02 5.07500842e-02
 9.69668552e-02 7.25914478e-01]; Score: [-9.76813797]; Action: ([1.95, 0.76, 0.52, 1.1, 0.99], [2, 1, 0, 1, 1])
Episode: 251; Tool: [3.79750503e-07 7.48422681e-05 7.91970931e-04 2.04270575e-04
 2.69601569e-05 1.36350689e-03 1.63151097e-04 1.80025061e-03
 8.64824001e-03 9.86926496e-01]; Score: [-11.42878317]; Action: ([1.81, 0.59, 1.18, 0.38, 0.54], [2, 0, 1, 0, 0])
Episode: 252; Tool: [3.52457027e-05 2.86053371e-04 8.10745041e-05 1.77481008e-04
 1.11516379e-02 3.63457859e-01 1.70304894e-01 3.86730850e-01
 6.07115701e-02 7.06333620e-03]; Score: [-23.3350891]; Action: ([0.98, 0.09, 0.63, 0.22, 0.54], [1, 0, 0, 0, 0])
Episode: 253; Tool: [4.72942276e-11 3.73568533e-14 2.55837810e-15 4.75888968e-13
 1.02288859e-05 1.86626583e-01 8.12982261e-01 1.21775673e-04
 2.59044406e-04 9.80158745e-08]; Score: [-16.25937508]; Action: ([1.48, 1.65, 0.02, 0.98, 1.21], [2, 2, 0, 1, 1])
Episode: 254; Tool: [2.15507034e-09 1.36960261e-06 4.53172215e-05 3.75182526e-06
 2.30752647e-07 4.04085207e-04 2.24527630e-05 3.74761672e-04
 5.87530760e-03 9.93272543e-01]; Score: [-7.47779914]; Action: ([0.89, 0.95, 1.32, 1.51, 1.07], [1, 1, 1, 2, 1])
Episode: 255; Tool: [2.89388136e-09 3.75927928e-10 1.49368462e-10 1.35727500e-08
 3.16207670e-03 2.89941251e-01 7.04671860e-01 1.59633928e-03
 6.20212290e-04 8.32776823e-06]; Score: [-14.84858091]; Action: ([0.95, 1.78, 1.09, 1.28, 1.17], [1, 2, 1, 1, 1])
Episode: 256; Tool: [4.68685948e-06 2.74963095e-04 5.13355844e-05 4.04075719e-04
 3.78349237e-02 4.01973933e-01 7.81091377e-02 4.68431532e-01
 8.44819844e-03 4.46721399e-03]; Score: [-8.45623911]; Action: ([1.84, 1.64, 1.09, 1.76, 1.7], [2, 2, 1, 2, 2])
Episode: 257; Tool: [7.69091366e-06 1.04798055e-04 2.28775916e-05 2.30540114e-04
 2.82852463e-02 3.25536609e-01 6.79764524e-02 5.66960275e-01
 7.32487720e-03 3.55063891e-03]; Score: [-10.84846743]; Action: ([1.2, 1.05, 0.1, 1.63, 1.43], [1, 1, 0, 2, 2])
Episode: 258; Tool: [1.12749614e-14 9.87320900e-01 1.26790944e-02 1.16894966e-10
 4.48774559e-11 1.22853923e-15 5.96978895e-17 3.96983133e-14
 8.82618495e-15 1.46950193e-12]; Score: [-22.4461436]; Action: ([1.74, 1.34, 1.35, 0.15, 0.13], [2, 2, 2, 0, 0])
Episode: 259; Tool: [1.63454761e-08 1.55617883e-07 4.54180707e-07 2.11791717e-09
 3.56932226e-08 3.27143166e-03 2.69438326e-03 1.72804255e-04
 9.93629754e-01 2.30940117e-04]; Score: [-11.87824032]; Action: ([1.62, 1.17, 1.84, 1.5, 0.51], [2, 1, 2, 2, 0])
Episode: 260; Tool: [2.23491998e-06 3.74219544e-09 4.80659346e-10 3.26776939e-09
 1.64252764e-04 1.96461722e-01 7.78479755e-01 8.59722216e-03
 1.62840169e-02 1.08238128e-05]; Score: [-19.87791121]; Action: ([0.52, 0.08, 1.09, 1.68, 0.33], [0, 0, 1, 2, 0])
Episode: 261; Tool: [3.32771319e-16 9.95508909e-01 4.49111313e-03 4.05234440e-12
 2.15661777e-12 2.32606133e-17 6.69423725e-19 1.04923125e-15
 2.75582593e-16 1.03462967e-13]; Score: [-20.61890594]; Action: ([0.58, 1.44, 1.84, 0.1, 1.28], [0, 2, 2, 0, 1])
Episode: 262; Tool: [1.00000000e+00 8.38571512e-15 8.53995363e-09 1.17458021e-09
 3.06355552e-10 2.75874636e-11 2.59150340e-11 4.10246459e-09
 2.48258393e-11 4.09779485e-17]; Score: [-25.92717268]; Action: ([0.54, 1.33, 1.81, 0.11, 2.0], [0, 1, 2, 0, 2])
Episode: 263; Tool: [5.01722265e-17 9.97018218e-01 2.98180385e-03 7.00307921e-13
 4.55914657e-13 3.07954462e-18 6.70318088e-20 1.44868905e-16
 3.72973521e-17 1.80947346e-14]; Score: [-15.30307958]; Action: ([1.58, 1.66, 0.86, 0.91, 1.74], [2, 2, 1, 1, 2])
Episode: 264; Tool: [1.69793578e-16 9.96476233e-01 3.52374464e-03 2.12569133e-12
 1.38342744e-12 1.16950815e-17 3.41635183e-19 6.10811340e-16
 1.72570747e-16 6.67687612e-14]; Score: [-22.17444232]; Action: ([0.9, 1.25, 1.84, 0.22, 0.33], [1, 1, 2, 0, 0])
Episode: 265; Tool: [1.00000000e+00 8.38571512e-15 8.53995363e-09 1.17458021e-09
 3.06355552e-10 2.75874636e-11 2.59150340e-11 4.10246459e-09
 2.48258393e-11 4.09779485e-17]; Score: [-35.4606526]; Action: ([1.81, 1.68, 1.25, 1.99, 1.52], [2, 2, 1, 2, 2])
Episode: 266; Tool: [1.02667675e-11 9.45517540e-01 5.44824302e-02 3.23520659e-08
 8.95864005e-09 1.74504313e-12 1.55886087e-13 2.66299673e-11
 5.62156224e-12 3.10720227e-10]; Score: [-28.47987472]; Action: ([0.11, 0.09, 0.57, 0.75, 0.65], [0, 0, 0, 1, 0])
Episode: 267; Tool: [7.93947183e-05 2.09452640e-02 9.57411170e-01 2.14337073e-02
 9.99731419e-05 9.47116803e-08 6.98589275e-08 2.75705970e-05
 1.31527690e-06 1.41177122e-06]; Score: [-15.91997598]; Action: ([1.18, 0.98, 2.0, 1.5, 0.12], [1, 1, 2, 2, 0])
Episode: 268; Tool: [9.34347117e-05 1.26895076e-02 2.66904794e-02 4.88895066e-02
 8.84908259e-01 1.13656661e-02 3.74444551e-03 1.02934269e-02
 4.93044150e-04 8.32162390e-04]; Score: [-16.21397219]; Action: ([1.29, 1.27, 0.15, 0.96, 0.97], [1, 1, 0, 1, 1])
Episode: 269; Tool: [8.85057852e-06 6.04713918e-04 3.40014603e-03 1.30165566e-03
 3.14241304e-04 5.68324653e-03 1.09187921e-03 6.97408523e-03
 2.54838541e-02 9.55137312e-01]; Score: [-16.11886407]; Action: ([0.2, 1.76, 1.7, 2.0, 0.29], [0, 2, 2, 2, 0])
Episode: 270; Tool: [1.00000000e+00 8.38571512e-15 8.53995363e-09 1.17458021e-09
 3.06355552e-10 2.75874636e-11 2.59150340e-11 4.10246459e-09
 2.48258393e-11 4.09779485e-17]; Score: [-22.43241895]; Action: ([0.54, 0.96, 1.24, 0.87, 1.78], [0, 1, 1, 1, 2])
Episode: 271; Tool: [2.60773589e-07 2.53794715e-04 1.74948684e-04 6.91420282e-04
 9.44383383e-01 3.51729952e-02 9.72429477e-03 9.30622034e-03
 1.60546217e-04 1.32273854e-04]; Score: [-13.47711148]; Action: ([0.77, 0.74, 0.39, 1.67, 1.4], [1, 1, 0, 2, 2])
Episode: 272; Tool: [2.92549089e-06 2.05162269e-05 3.65799724e-06 1.36900790e-05
 1.38596408e-02 4.92750555e-01 4.36590254e-01 1.58429705e-02
 3.74860056e-02 3.42975720e-03]; Score: [-23.93243153]; Action: ([0.58, 0.0, 0.02, 0.92, 0.58], [0, 0, 0, 1, 0])
Episode: 273; Tool: [8.90835363e-04 1.34409673e-03 9.30778742e-01 6.67944998e-02
 1.65927486e-04 3.22289502e-08 2.72847700e-08 2.54713723e-05
 3.64646240e-07 1.23345231e-07]; Score: [-24.29998381]; Action: ([0.92, 1.86, 0.67, 0.62, 0.67], [1, 2, 1, 0, 1])
Episode: 274; Tool: [1.00000000e+00 8.38571512e-15 8.53995363e-09 1.17458021e-09
 3.06355552e-10 2.75874636e-11 2.59150340e-11 4.10246459e-09
 2.48258393e-11 4.09779485e-17]; Score: [-14.36024992]; Action: ([1.15, 0.44, 0.73, 0.21, 0.79], [1, 0, 1, 0, 1])
Episode: 275; Tool: [4.19580523e-16 9.95345414e-01 4.65456210e-03 3.19368143e-12
 2.18854926e-12 2.13924143e-17 4.69498668e-19 6.83946759e-16
 1.67900803e-16 5.46629562e-14]; Score: [-24.19474873]; Action: ([0.32, 0.64, 0.39, 0.61, 1.39], [0, 0, 0, 0, 2])
Episode: 276; Tool: [4.36133909e-04 1.45777604e-02 4.92764860e-02 1.80853292e-01
 7.23721266e-01 1.20554371e-02 5.13431383e-03 9.03847348e-03
 6.41972525e-04 4.26487811e-03]; Score: [-20.09794123]; Action: ([0.93, 1.51, 0.11, 0.32, 1.32], [1, 2, 0, 0, 1])
Episode: 277; Tool: [4.81150098e-09 1.79691384e-07 9.88219213e-08 7.93770596e-07
 3.99788201e-04 5.88258728e-02 1.07294489e-02 9.29265201e-01
 7.68404920e-04 1.02276153e-05]; Score: [-12.47631233]; Action: ([1.6, 0.43, 1.5, 1.23, 0.09], [2, 0, 2, 1, 0])
Episode: 278; Tool: [3.02740636e-06 1.18633507e-05 2.45688125e-06 1.48399977e-05
 6.85193110e-03 3.02926421e-01 1.06765479e-01 5.70959687e-01
 1.21055553e-02 3.58666934e-04]; Score: [-9.9975211]; Action: ([0.71, 0.04, 0.86, 1.46, 0.96], [1, 0, 1, 2, 1])
Episode: 279; Tool: [3.93536723e-08 5.65298025e-12 3.22846079e-13 7.18078158e-12
 1.07575106e-05 1.79531157e-01 8.12970757e-01 1.87057536e-03
 5.61600970e-03 7.27144027e-07]; Score: [-19.16131332]; Action: ([0.37, 1.14, 0.31, 1.3, 0.71], [0, 1, 0, 1, 1])
Episode: 280; Tool: [2.47912197e-08 1.19859969e-10 1.21621645e-11 2.35897801e-10
 8.49969510e-05 2.25297734e-01 7.68940270e-01 1.31526031e-03
 4.35872423e-03 2.96455551e-06]; Score: [-17.42426709]; Action: ([0.52, 2.0, 0.38, 1.74, 1.24], [0, 2, 0, 2, 1])
Episode: 281; Tool: [7.47677113e-05 1.23891160e-02 3.10521722e-02 7.27222636e-02
 8.68689895e-01 6.87450124e-03 1.96400774e-03 5.22368634e-03
 2.24537391e-04 7.85124779e-04]; Score: [-15.27318374]; Action: ([1.14, 1.39, 1.81, 1.05, 1.33], [1, 2, 2, 1, 1])
Episode: 282; Tool: [6.87450878e-08 1.07487276e-05 1.72357453e-04 2.32331549e-05
 3.67558755e-06 3.17799684e-04 2.94429046e-05 8.84485489e-04
 6.22091629e-03 9.92337406e-01]; Score: [-9.78063495]; Action: ([1.05, 1.18, 0.16, 0.75, 1.53], [1, 1, 0, 1, 2])
Episode: 283; Tool: [1.59188334e-04 7.51105195e-04 3.20183637e-04 2.29746467e-04
 6.16063410e-03 3.08454275e-01 2.57378608e-01 1.52121931e-01
 2.59029031e-01 1.53953079e-02]; Score: [-16.91416854]; Action: ([1.66, 1.57, 1.91, 0.69, 1.08], [2, 2, 2, 1, 1])
Episode: 284; Tool: [7.18617457e-06 1.07732035e-06 1.35419285e-07 2.42818516e-07
 5.32617734e-04 3.25133264e-01 5.34086466e-01 2.92871073e-02
 1.10584050e-01 3.67911067e-04]; Score: [-19.23536325]; Action: ([0.58, 0.57, 0.91, 0.06, 1.77], [0, 0, 1, 0, 2])
Episode: 285; Tool: [0.00054956 0.00468748 0.00297852 0.0077013  0.07555946 0.23150475
 0.09171943 0.53701133 0.0337922  0.01449603]; Score: [-12.95064815]; Action: ([0.73, 0.2, 1.95, 1.8, 0.97], [1, 0, 2, 2, 1])
Episode: 286; Tool: [6.58469980e-06 1.90446335e-05 3.05463473e-05 1.56430474e-06
 3.36013363e-05 5.16152978e-02 4.76755053e-02 5.79120824e-03
 8.92703295e-01 2.12335982e-03]; Score: [-13.97963252]; Action: ([0.63, 2.0, 0.43, 1.65, 0.3], [0, 2, 0, 2, 0])
Episode: 287; Tool: [2.34173086e-07 9.07728372e-06 1.15825355e-06 8.89097191e-06
 5.28856926e-03 2.87727505e-01 5.39853722e-02 6.46713972e-01
 5.73295681e-03 5.32248698e-04]; Score: [-14.68430122]; Action: ([1.71, 2.0, 1.88, 0.91, 1.74], [2, 2, 2, 1, 2])
Episode: 288; Tool: [1.39957407e-07 1.40075181e-05 1.53782879e-04 4.24068858e-05
 1.08179383e-05 7.15551490e-04 7.49962637e-05 1.17823819e-03
 6.07796013e-03 9.91732001e-01]; Score: [-13.16957567]; Action: ([1.75, 1.74, 1.47, 1.3, 1.81], [2, 2, 2, 1, 2])
Episode: 289; Tool: [2.58835807e-05 1.65834802e-03 7.97961466e-03 4.14722599e-03
 9.42926621e-04 5.93487965e-03 1.36790553e-03 8.45485274e-03
 1.76834948e-02 9.51804817e-01]; Score: [-14.90667935]; Action: ([1.48, 0.32, 0.37, 0.2, 0.0], [2, 0, 0, 0, 0])
Episode: 290; Tool: [8.74211429e-16 9.94401276e-01 5.59877977e-03 9.29371163e-12
 4.32276914e-12 7.25664839e-17 2.28458083e-18 2.92771814e-15
 7.66028487e-16 2.65242228e-13]; Score: [-17.65328248]; Action: ([1.37, 1.82, 0.61, 1.78, 0.88], [2, 2, 0, 2, 1])
Episode: 291; Tool: [5.75257327e-05 2.85681877e-02 9.51305270e-01 1.99276377e-02
 1.13178088e-04 1.02574617e-07 7.60997168e-08 2.47980843e-05
 1.33225444e-06 1.81774840e-06]; Score: [-14.30636648]; Action: ([1.77, 1.36, 1.22, 1.11, 0.95], [2, 2, 1, 1, 1])
Episode: 292; Tool: [8.14203649e-10 8.20892486e-12 5.79069832e-13 4.07919705e-12
 1.94709373e-05 1.73330456e-01 8.20045650e-01 5.18747140e-04
 6.08551595e-03 1.40795748e-07]; Score: [-19.18551272]; Action: ([1.5, 0.0, 0.18, 1.33, 0.39], [2, 0, 0, 1, 0])
Episode: 293; Tool: [7.28692440e-10 1.06244017e-12 4.11955897e-14 1.54250712e-12
 2.17658653e-05 1.78764060e-01 8.18687022e-01 1.18296873e-03
 1.34394038e-03 1.53696647e-07]; Score: [-22.04330973]; Action: ([0.3, 1.67, 0.34, 0.71, 1.02], [0, 2, 0, 1, 1])
Episode: 294; Tool: [0.0008175  0.00561906 0.02889607 0.20553868 0.68643057 0.02865554
 0.01943751 0.01316783 0.00155975 0.00987753]; Score: [-14.76084297]; Action: ([0.49, 1.3, 1.29, 1.29, 1.52], [0, 1, 1, 1, 2])
Episode: 295; Tool: [1.82379958e-15 9.93111968e-01 6.88807201e-03 8.37197152e-12
 6.76854883e-12 9.73442291e-17 2.02937555e-18 1.95598690e-15
 4.00203295e-16 1.28829808e-13]; Score: [-18.92496753]; Action: ([1.06, 1.5, 1.27, 0.44, 1.17], [1, 2, 1, 0, 1])
Episode: 296; Tool: [7.28025213e-08 1.80330484e-09 1.23275709e-10 1.26084165e-09
 1.54263907e-04 3.21672320e-01 6.61991179e-01 2.50433735e-03
 1.36513226e-02 2.64842784e-05]; Score: [-22.94724678]; Action: ([0.0, 0.02, 0.97, 0.54, 1.3], [0, 0, 1, 0, 1])
Episode: 297; Tool: [8.33225272e-07 1.58356579e-05 4.07909356e-05 6.84462350e-07
 2.23415623e-06 9.64812282e-03 5.96170267e-03 1.54041720e-03
 9.75339353e-01 7.45001109e-03]; Score: [-10.70154289]; Action: ([0.14, 0.84, 1.22, 1.18, 0.26], [0, 1, 1, 1, 0])
Episode: 298; Tool: [2.42994847e-05 5.92301694e-05 1.35328344e-04 7.42480324e-06
 1.17246891e-04 3.76765914e-02 2.94070151e-02 6.41359622e-03
 9.20140207e-01 6.01896271e-03]; Score: [-14.1088476]; Action: ([1.48, 0.31, 1.83, 1.54, 0.17], [2, 0, 2, 2, 0])
Episode: 299; Tool: [1.43165144e-05 2.76426394e-02 9.68400538e-01 3.92241823e-03
 1.19378265e-05 1.15179075e-08 6.60391608e-09 7.56082500e-06
 3.03709612e-07 2.43888138e-07]; Score: [-17.99085302]; Action: ([1.06, 1.83, 1.67, 0.56, 1.23], [1, 2, 2, 0, 1])
Episode: 300; Tool: [1.29136652e-05 1.47653613e-04 3.21175794e-05 7.83717769e-05
 1.31437732e-02 3.74088466e-01 1.57477930e-01 4.00725067e-01
 5.07982001e-02 3.49553558e-03]; Score: [-20.84731116]; Action: ([0.87, 0.25, 0.69, 1.03, 0.23], [1, 0, 1, 1, 0])
Episode: 301; Tool: [1.78133450e-05 1.43558163e-05 2.26866200e-06 9.00151281e-06
 6.89331628e-03 4.32913661e-01 4.02817637e-01 1.00878946e-01
 5.40321507e-02 2.42085033e-03]; Score: [-19.23129034]; Action: ([0.49, 0.11, 0.31, 0.81, 1.7], [0, 0, 0, 1, 2])
Episode: 302; Tool: [5.19856656e-08 3.66339386e-01 6.33503079e-01 1.56482769e-04
 8.42163047e-07 9.93962690e-10 1.72978673e-10 5.36908331e-08
 5.96981975e-09 9.70799761e-08]; Score: [-19.38080738]; Action: ([1.63, 1.66, 1.65, 0.1, 0.87], [2, 2, 2, 0, 1])
Episode: 303; Tool: [3.62795064e-16 9.95594919e-01 4.40503936e-03 3.51423166e-12
 2.07256456e-12 2.19035375e-17 5.55960549e-19 8.65994839e-16
 2.27062508e-16 8.10994677e-14]; Score: [-17.12861613]; Action: ([0.83, 1.84, 1.68, 1.02, 1.15], [1, 2, 2, 1, 1])
Episode: 304; Tool: [6.89120789e-05 1.65145248e-04 4.72988468e-05 3.97625954e-05
 7.25160772e-03 3.40895265e-01 3.87767702e-01 5.58047965e-02
 2.04360738e-01 3.59873543e-03]; Score: [-18.52897655]; Action: ([1.93, 1.75, 1.91, 0.81, 0.57], [2, 2, 2, 1, 0])
Episode: 305; Tool: [1.00000000e+00 8.38571512e-15 8.53995363e-09 1.17458021e-09
 3.06355552e-10 2.75874636e-11 2.59150340e-11 4.10246459e-09
 2.48258393e-11 4.09779485e-17]; Score: [-13.64512277]; Action: ([0.19, 0.9, 1.13, 0.03, 0.73], [0, 1, 1, 0, 1])
Episode: 306; Tool: [3.43752561e-07 6.79630466e-05 6.56345801e-04 1.54122550e-04
 2.61160749e-05 7.72392552e-04 9.28828813e-05 1.43013836e-03
 7.67983682e-03 9.89119887e-01]; Score: [-10.3085734]; Action: ([1.27, 1.2, 0.55, 1.27, 1.89], [1, 1, 0, 1, 2])
Episode: 307; Tool: [1.29253956e-15 9.93594706e-01 6.40526833e-03 1.03026468e-11
 6.85527113e-12 6.03782092e-17 1.66741848e-18 1.99426411e-15
 4.63634072e-16 1.17120194e-13]; Score: [-24.92994987]; Action: ([1.89, 0.03, 1.05, 0.11, 0.23], [2, 0, 1, 0, 0])
Episode: 308; Tool: [1.72303044e-05 3.13104270e-03 3.92257748e-03 4.25030664e-03
 9.27692931e-03 4.01144736e-02 7.74447806e-03 9.24731255e-01
 5.92359295e-03 8.88183073e-04]; Score: [-10.84849696]; Action: ([0.3, 0.7, 1.65, 1.55, 1.07], [0, 1, 2, 2, 1])
Episode: 309; Tool: [6.12113547e-16 9.95310962e-01 4.68908995e-03 6.98365367e-12
 6.50274322e-12 2.42860311e-17 9.75120521e-19 1.46173894e-15
 4.15796245e-16 6.72912179e-14]; Score: [-10.41293289]; Action: ([1.97, 0.45, 1.23, 1.8, 1.45], [2, 0, 1, 2, 2])
Episode: 310; Tool: [1.05566196e-05 7.54858193e-05 6.52902309e-05 1.15069479e-03
 3.51411819e-01 3.49994242e-01 2.57849395e-01 2.64806487e-02
 4.64962656e-03 8.31230916e-03]; Score: [-18.04847094]; Action: ([1.5, 0.42, 0.45, 0.27, 1.15], [2, 0, 0, 0, 1])
Episode: 311; Tool: [3.84145096e-06 3.17042177e-05 1.57864808e-04 3.95955343e-04
 1.39272853e-03 1.61795393e-02 4.47278516e-03 9.75478947e-01
 1.80401746e-03 8.25686948e-05]; Score: [-12.94097173]; Action: ([0.93, 1.73, 1.44, 1.65, 0.0], [1, 2, 2, 2, 0])
Episode: 312; Tool: [1.00000000e+00 8.38571512e-15 8.53995363e-09 1.17458021e-09
 3.06355552e-10 2.75874636e-11 2.59150340e-11 4.10246459e-09
 2.48258393e-11 4.09779485e-17]; Score: [-25.2923207]; Action: ([1.92, 1.76, 0.55, 0.02, 1.38], [2, 2, 0, 0, 2])
Episode: 313; Tool: [2.13271269e-05 3.25689614e-02 9.62920845e-01 4.45417548e-03
 1.91047347e-05 2.60104116e-08 1.61807261e-08 1.44887090e-05
 6.46241915e-07 4.81271400e-07]; Score: [-20.97403839]; Action: ([0.34, 1.5, 1.01, 0.65, 1.52], [0, 2, 1, 0, 2])
Episode: 314; Tool: [2.67757883e-07 3.63213218e-07 2.87944715e-07 1.58328071e-08
 9.87365365e-06 8.05564523e-02 9.46362466e-02 1.21625757e-03
 8.23357642e-01 2.22523944e-04]; Score: [-15.80783769]; Action: ([1.85, 0.08, 1.9, 0.34, 0.47], [2, 0, 2, 0, 0])
Episode: 315; Tool: [1.76152923e-07 1.80702395e-04 3.98471777e-04 3.64036678e-04
 8.47970019e-04 6.91661099e-03 8.71414668e-04 9.89746451e-01
 6.51072012e-04 2.30465412e-05]; Score: [-8.55725706]; Action: ([0.98, 0.89, 0.2, 0.72, 0.8], [1, 1, 0, 1, 1])
Episode: 316; Tool: [2.98034875e-10 1.10982569e-11 2.58800007e-13 1.03901295e-12
 9.93423146e-06 1.94684535e-01 7.94773877e-01 6.60717662e-04
 9.87079460e-03 1.04255108e-07]; Score: [-19.3421144]; Action: ([0.03, 0.15, 1.8, 1.4, 1.84], [0, 0, 2, 2, 2])
Episode: 317; Tool: [0.00113202 0.28065446 0.39948621 0.14186679 0.02861901 0.01671058
 0.00419955 0.07960349 0.00902495 0.03870301]; Score: [-17.97318481]; Action: ([0.89, 1.27, 1.66, 1.41, 0.25], [1, 1, 2, 2, 0])
Episode: 318; Tool: [1.38861515e-06 1.20105142e-05 2.93226312e-05 6.16822717e-07
 2.69237057e-06 1.43340062e-02 9.89046320e-03 1.71819772e-03
 9.68586385e-01 5.42501081e-03]; Score: [-13.20500131]; Action: ([0.02, 1.2, 1.51, 1.37, 0.08], [0, 1, 2, 2, 0])
Episode: 319; Tool: [5.91737539e-08 6.77093749e-06 6.27079828e-07 6.40640883e-06
 4.09997487e-03 1.87062562e-01 2.49009021e-02 7.81744719e-01
 1.96850603e-03 2.09448248e-04]; Score: [-11.37695737]; Action: ([0.26, 0.72, 0.73, 0.19, 1.36], [0, 1, 1, 0, 2])
Episode: 320; Tool: [1.73101940e-15 9.93059158e-01 6.94089243e-03 1.90819357e-11
 9.69881207e-12 1.40396743e-16 5.41665741e-18 5.78709893e-15
 1.45377715e-15 3.57605140e-13]; Score: [-13.72013242]; Action: ([1.61, 1.21, 1.32, 1.77, 0.55], [2, 1, 1, 2, 0])
Episode: 321; Tool: [3.75683382e-02 2.46680342e-04 5.24351716e-01 4.34852749e-01
 2.85412860e-03 6.34077765e-07 5.38690415e-07 1.23210717e-04
 1.64924313e-06 4.00072992e-07]; Score: [-14.88912427]; Action: ([1.1, 0.44, 1.35, 1.85, 0.81], [1, 0, 2, 2, 1])
Episode: 322; Tool: [3.72272393e-06 1.05764902e-05 2.86323902e-05 6.47197567e-07
 1.04784231e-05 1.18536912e-02 1.02610206e-02 2.56326073e-03
 9.73490655e-01 1.77737221e-03]; Score: [-11.76381265]; Action: ([0.34, 1.53, 0.42, 0.64, 1.52], [0, 2, 0, 0, 2])
Episode: 323; Tool: [8.31233483e-05 5.89401112e-04 7.47955695e-04 9.33185406e-03
 5.63068748e-01 1.99740395e-01 1.66039124e-01 4.03560102e-02
 4.47534909e-03 1.55680524e-02]; Score: [-13.63783289]; Action: ([1.11, 1.34, 0.33, 1.86, 0.95], [1, 2, 0, 2, 1])
Episode: 324; Tool: [5.39585949e-15 9.90657091e-01 9.34294611e-03 5.91382915e-11
 2.19353875e-11 5.97777515e-16 2.74922311e-17 2.33627611e-14
 5.88386651e-15 1.37214415e-12]; Score: [-10.42658168]; Action: ([1.78, 1.87, 2.0, 1.36, 1.68], [2, 2, 2, 2, 2])
Episode: 325; Tool: [3.28096189e-10 9.64940128e-08 6.97839964e-09 2.85782107e-07
 1.24166941e-03 1.87245816e-01 1.37343900e-02 7.97537863e-01
 2.27754019e-04 1.20895529e-05]; Score: [-12.45683147]; Action: ([1.46, 0.33, 0.08, 1.68, 1.03], [2, 0, 0, 2, 1])
Episode: 326; Tool: [2.16761218e-05 1.92048512e-02 9.77037668e-01 3.71392001e-03
 1.14325067e-05 1.05456923e-08 6.44008580e-09 9.97373991e-06
 3.22624146e-07 1.74098119e-07]; Score: [-21.74088414]; Action: ([0.75, 0.0, 0.66, 1.34, 0.89], [1, 0, 0, 2, 1])
Episode: 327; Tool: [1.00000000e+00 8.38571512e-15 8.53995363e-09 1.17458021e-09
 3.06355552e-10 2.75874636e-11 2.59150340e-11 4.10246459e-09
 2.48258393e-11 4.09779485e-17]; Score: [-22.66166245]; Action: ([0.85, 1.64, 0.16, 0.38, 2.0], [1, 2, 0, 0, 2])
Episode: 328; Tool: [5.53090333e-16 9.96357501e-01 3.64249642e-03 1.80544685e-12
 2.88486466e-12 1.42910522e-17 2.49845329e-19 3.70273491e-16
 9.39636280e-17 2.96579439e-14]; Score: [-21.31065604]; Action: ([1.31, 0.4, 0.33, 0.67, 1.18], [1, 0, 0, 1, 1])
Episode: 329; Tool: [8.95077847e-06 4.26176615e-04 2.72845244e-03 9.48509900e-04
 2.74396414e-04 6.22536056e-03 1.16150314e-03 7.59166945e-03
 2.99728848e-02 9.50662076e-01]; Score: [-11.22668264]; Action: ([0.57, 0.54, 1.62, 1.21, 0.28], [0, 0, 2, 1, 0])
Episode: 330; Tool: [8.32097002e-10 8.55529606e-01 1.44468129e-01 1.81176222e-06
 3.97444751e-07 1.88357510e-10 3.27614810e-11 2.33577091e-09
 4.61898408e-10 1.11729861e-08]; Score: [-10.13014653]; Action: ([1.87, 1.28, 1.04, 1.45, 2.0], [2, 1, 1, 2, 2])
Episode: 331; Tool: [1.24439013e-16 9.96837854e-01 3.16216215e-03 1.34766937e-12
 1.82326116e-12 4.66385398e-18 1.40550109e-19 2.56100967e-16
 6.95692247e-17 1.48917964e-14]; Score: [-26.65308619]; Action: ([0.14, 1.56, 0.09, 0.52, 1.81], [0, 2, 0, 0, 2])
Episode: 332; Tool: [5.65301487e-03 7.45909114e-04 1.78979456e-01 8.02712560e-01
 1.17087178e-02 1.34240390e-05 8.45344584e-06 1.43547019e-04
 4.71667818e-06 3.01676992e-05]; Score: [-15.48969712]; Action: ([1.76, 0.19, 1.21, 1.55, 0.68], [2, 0, 1, 2, 1])
Episode: 333; Tool: [1.53299879e-06 1.00891648e-05 1.85228510e-05 4.20367058e-07
 3.69722511e-06 1.52794449e-02 1.27237421e-02 1.60097505e-03
 9.67947304e-01 2.41437298e-03]; Score: [-13.57881065]; Action: ([1.8, 0.56, 0.5, 1.69, 1.78], [2, 0, 0, 2, 2])
Episode: 334; Tool: [3.58734724e-05 2.09335964e-02 9.70689476e-01 8.29870440e-03
 2.47754979e-05 2.81952808e-08 1.83694997e-08 1.64265621e-05
 6.69903045e-07 4.92107631e-07]; Score: [-24.60078363]; Action: ([0.3, 0.56, 0.52, 0.74, 1.0], [0, 0, 0, 1, 1])
Episode: 335; Tool: [1.16584415e-04 3.22715670e-04 2.36346474e-04 4.12036934e-05
 3.67458590e-04 1.24156430e-01 1.35124370e-01 2.59646028e-02
 7.03951895e-01 9.71846841e-03]; Score: [-9.91288077]; Action: ([1.64, 1.39, 1.47, 0.91, 1.39], [2, 2, 2, 1, 2])
Episode: 336; Tool: [1.00000000e+00 8.38571512e-15 8.53995363e-09 1.17458021e-09
 3.06355552e-10 2.75874636e-11 2.59150340e-11 4.10246459e-09
 2.48258393e-11 4.09779485e-17]; Score: [-12.13683048]; Action: ([0.44, 0.15, 1.28, 0.16, 0.48], [0, 0, 1, 0, 0])
Episode: 337; Tool: [1.65367862e-08 2.79989450e-07 3.20151003e-07 2.93273961e-09
 4.62445691e-08 8.63235630e-03 7.95388315e-03 2.97195627e-04
 9.82772708e-01 3.43224383e-04]; Score: [-10.63075614]; Action: ([0.36, 0.29, 1.16, 1.17, 0.49], [0, 0, 1, 1, 0])
Episode: 338; Tool: [4.43783760e-10 3.96806199e-11 1.41451553e-12 4.16111173e-11
 1.50682012e-04 3.21685135e-01 6.74013197e-01 1.65368128e-03
 2.49526068e-03 2.03162381e-06]; Score: [-12.48647626]; Action: ([1.04, 1.0, 0.9, 1.41, 1.02], [1, 1, 1, 2, 1])
Episode: 339; Tool: [1.00000000e+00 8.38571512e-15 8.53995363e-09 1.17458021e-09
 3.06355552e-10 2.75874636e-11 2.59150340e-11 4.10246459e-09
 2.48258393e-11 4.09779485e-17]; Score: [-18.94083767]; Action: ([1.84, 0.36, 0.39, 0.31, 1.32], [2, 0, 0, 0, 1])
Episode: 340; Tool: [1.51932554e-14 9.90595222e-01 9.40473191e-03 3.69750792e-11
 3.13596406e-11 5.47578478e-16 1.19040331e-17 8.88174269e-15
 1.98923761e-15 3.82053303e-13]; Score: [-16.40240083]; Action: ([1.12, 1.37, 1.12, 1.34, 0.83], [1, 2, 1, 2, 1])
Episode: 341; Tool: [4.71675719e-11 9.42150116e-01 5.78496903e-02 8.04839360e-08
 4.34799006e-08 8.04934418e-12 9.50762472e-13 1.15525686e-10
 2.65208046e-11 9.89796467e-10]; Score: [-24.30067338]; Action: ([0.54, 0.02, 0.22, 1.36, 1.03], [0, 0, 0, 2, 1])
Episode: 342; Tool: [0.00143392 0.39077422 0.43176639 0.10581673 0.01904335 0.0054724
 0.00178902 0.01951327 0.00366679 0.02072383]; Score: [-19.57223393]; Action: ([1.7, 0.0, 0.76, 1.26, 0.58], [2, 0, 1, 1, 0])
Episode: 343; Tool: [5.69087933e-05 2.50677556e-01 7.38462508e-01 1.02905249e-02
 2.42781811e-04 4.81532015e-06 1.71742192e-06 1.69416613e-04
 2.18601144e-05 7.17751900e-05]; Score: [-24.04619336]; Action: ([0.06, 1.27, 0.51, 1.73, 0.56], [0, 1, 0, 2, 0])
Episode: 344; Tool: [4.13934049e-17 9.97703850e-01 2.29622936e-03 2.89736957e-13
 4.37501001e-13 1.12253021e-18 1.80925887e-20 4.33139397e-17
 1.08414518e-17 5.16241594e-15]; Score: [-9.40341569]; Action: ([1.8, 0.19, 1.6, 1.75, 1.93], [2, 0, 2, 2, 2])
Episode: 345; Tool: [1.58624398e-03 9.68399737e-03 8.79485309e-01 1.08001746e-01
 1.04540691e-03 1.46333150e-06 1.17239347e-06 1.78556889e-04
 8.41337078e-06 7.71015311e-06]; Score: [-15.63992818]; Action: ([1.19, 0.98, 1.07, 1.12, 0.98], [1, 1, 1, 1, 1])
Episode: 346; Tool: [9.38758626e-10 3.72585376e-08 5.77224284e-07 1.27418605e-06
 5.82634038e-06 5.43240167e-04 7.34687783e-05 9.99347985e-01
 2.74878075e-05 8.13652292e-08]; Score: [-9.50450063]; Action: ([0.6, 0.58, 0.79, 1.63, 1.18], [0, 0, 1, 2, 1])
Episode: 347; Tool: [7.08952894e-06 1.33036644e-06 5.34090020e-07 8.90049159e-06
 1.40731726e-02 3.81376296e-01 5.67322254e-01 2.48437338e-02
 1.15497988e-02 8.16971937e-04]; Score: [-20.2871868]; Action: ([0.46, 1.4, 2.0, 0.42, 1.91], [0, 2, 2, 0, 2])
Episode: 348; Tool: [5.67644065e-07 4.98629618e-07 4.39794690e-08 1.95107930e-07
 1.77188020e-03 4.23153877e-01 5.24093151e-01 1.63138956e-02
 3.42019685e-02 4.63882374e-04]; Score: [-17.80365989]; Action: ([0.17, 1.48, 1.75, 1.82, 1.23], [0, 2, 2, 2, 1])
Episode: 349; Tool: [5.01352640e-11 3.44613046e-15 2.16178716e-16 1.37036887e-14
 1.04285004e-06 1.03008889e-01 8.96370888e-01 1.08495631e-04
 5.10680955e-04 5.48528067e-09]; Score: [-13.74455218]; Action: ([1.81, 1.64, 0.23, 1.27, 1.12], [2, 2, 0, 1, 1])
Episode: 350; Tool: [5.53486075e-07 2.25345138e-05 2.90984440e-06 1.88238046e-05
 5.15757501e-03 2.53708869e-01 5.02403416e-02 6.82933152e-01
 7.26164365e-03 6.53579948e-04]; Score: [-12.07618324]; Action: ([1.3, 1.17, 1.81, 1.48, 1.88], [1, 1, 2, 2, 2])
Episode: 351; Tool: [4.52745496e-17 9.97967422e-01 2.03258730e-03 2.38301349e-13
 3.62844683e-13 7.64315248e-19 1.01902310e-20 2.90191271e-17
 8.03223394e-18 3.83689789e-15]; Score: [-15.07865976]; Action: ([0.34, 0.8, 1.11, 1.77, 1.77], [0, 1, 1, 2, 2])
Episode: 352; Tool: [1.30513788e-16 9.96946633e-01 3.05337925e-03 1.25449987e-12
 1.10324109e-12 5.38314708e-18 1.28472019e-19 2.64122211e-16
 7.38984829e-17 3.00451124e-14]; Score: [-21.55314004]; Action: ([0.97, 0.23, 1.14, 1.1, 0.31], [1, 0, 1, 1, 0])
Episode: 353; Tool: [3.62738895e-16 9.94943440e-01 5.05650137e-03 3.25289795e-12
 1.78720710e-12 1.89015882e-17 3.92968409e-19 5.80688625e-16
 1.36124415e-16 4.35286234e-14]; Score: [-18.36362522]; Action: ([1.61, 1.88, 1.73, 0.11, 1.3], [2, 2, 2, 0, 1])
Episode: 354; Tool: [1.52332358e-09 1.10720153e-08 1.68887254e-07 4.95440929e-07
 7.19515037e-06 8.71622353e-04 2.08015495e-04 9.98866439e-01
 4.60393712e-05 7.70558088e-08]; Score: [-14.20950165]; Action: ([0.64, 0.63, 0.3, 1.97, 0.07], [0, 0, 0, 2, 0])
Episode: 355; Tool: [2.66515672e-05 3.82239674e-03 1.40700967e-03 2.12747813e-03
 5.86567447e-02 1.99385196e-01 5.13158552e-02 6.67301953e-01
 1.35025876e-02 2.45419005e-03]; Score: [-13.83760335]; Action: ([1.55, 0.13, 0.67, 0.41, 1.91], [2, 0, 0, 0, 2])
Episode: 356; Tool: [4.16630513e-07 3.98987140e-06 4.81863026e-07 5.15845159e-07
 3.04625224e-04 4.55248743e-01 3.04616421e-01 1.36858657e-01
 1.02484562e-01 4.81548806e-04]; Score: [-21.75084658]; Action: ([0.42, 1.3, 0.66, 1.05, 0.21], [0, 1, 0, 1, 0])
Episode: 357; Tool: [1.39957407e-07 1.40075181e-05 1.53782879e-04 4.24068858e-05
 1.08179383e-05 7.15551490e-04 7.49962637e-05 1.17823819e-03
 6.07796013e-03 9.91732001e-01]; Score: [-11.85091239]; Action: ([0.37, 1.68, 1.32, 0.93, 0.13], [0, 2, 1, 1, 0])
Episode: 358; Tool: [1.00000000e+00 8.38571512e-15 8.53995363e-09 1.17458021e-09
 3.06355552e-10 2.75874636e-11 2.59150340e-11 4.10246459e-09
 2.48258393e-11 4.09779485e-17]; Score: [-24.63398021]; Action: ([0.07, 0.69, 1.98, 2.0, 0.66], [0, 1, 2, 2, 0])
Episode: 359; Tool: [1.10717419e-05 1.11649290e-03 1.22498733e-03 3.26693221e-03
 8.12056065e-01 1.03014119e-01 4.46169786e-02 3.04951835e-02
 2.87407637e-03 1.32412626e-03]; Score: [-19.9916746]; Action: ([0.46, 0.37, 0.23, 1.24, 0.85], [0, 0, 0, 1, 1])
Episode: 360; Tool: [2.98034875e-10 1.10982569e-11 2.58800007e-13 1.03901295e-12
 9.93423146e-06 1.94684535e-01 7.94773877e-01 6.60717662e-04
 9.87079460e-03 1.04255108e-07]; Score: [-11.4113336]; Action: ([1.86, 1.72, 0.65, 1.69, 1.1], [2, 2, 0, 2, 1])
Episode: 361; Tool: [1.42686919e-03 4.64182958e-04 9.40866530e-01 5.71277812e-02
 1.02878301e-04 8.19674462e-09 6.14760909e-09 1.16130150e-05
 9.27568848e-08 1.62117217e-08]; Score: [-19.87730653]; Action: ([1.2, 1.92, 0.85, 1.48, 0.55], [1, 2, 1, 2, 0])
Episode: 362; Tool: [3.05291342e-14 9.81121540e-01 1.88784562e-02 2.10769305e-10
 5.43861692e-11 3.87034341e-15 1.30247423e-16 6.62135887e-14
 1.19584823e-14 2.85021551e-12]; Score: [-12.7883176]; Action: ([1.18, 0.4, 1.31, 1.58, 1.56], [1, 0, 1, 2, 2])
Episode: 363; Tool: [7.66738049e-06 2.09895079e-03 3.00717051e-03 1.01730246e-02
 9.51685905e-01 1.91611983e-02 5.15625346e-03 7.98577815e-03
 2.51327147e-04 4.72694490e-04]; Score: [-22.43977574]; Action: ([0.78, 0.73, 0.04, 0.43, 0.67], [1, 1, 0, 0, 1])
Episode: 364; Tool: [4.01208126e-05 1.53534420e-04 3.63248582e-05 1.91489482e-04
 3.44422162e-02 4.55597162e-01 2.90550351e-01 1.65265903e-01
 3.74733247e-02 1.62496306e-02]; Score: [-24.32009537]; Action: ([0.68, 2.0, 0.78, 0.65, 0.18], [1, 2, 1, 0, 0])
Episode: 365; Tool: [1.25114137e-04 2.60947796e-04 8.23166847e-05 9.80353288e-05
 1.37741370e-02 3.60146731e-01 4.02847648e-01 5.87253422e-02
 1.57193780e-01 6.74594566e-03]; Score: [-14.0895037]; Action: ([1.89, 0.0, 0.92, 1.08, 1.0], [2, 0, 1, 1, 1])
Episode: 366; Tool: [8.90835363e-04 1.34409673e-03 9.30778742e-01 6.67944998e-02
 1.65927486e-04 3.22289502e-08 2.72847700e-08 2.54713723e-05
 3.64646240e-07 1.23345231e-07]; Score: [-11.54892308]; Action: ([2.0, 0.45, 1.17, 1.43, 1.47], [2, 0, 1, 2, 2])
Episode: 367; Tool: [1.35659069e-14 9.90050197e-01 9.94981546e-03 3.42008227e-11
 3.28174814e-11 7.01528675e-16 1.60016336e-17 1.01832308e-14
 2.03404883e-15 4.59468509e-13]; Score: [-11.25053094]; Action: ([1.94, 1.75, 1.32, 1.58, 1.5], [2, 2, 1, 2, 2])
Episode: 368; Tool: [3.37497681e-06 3.08259332e-04 2.59080576e-03 1.18446501e-03
 1.75410038e-04 6.27528038e-03 1.00940978e-03 5.01328241e-03
 1.32735483e-02 9.70166206e-01]; Score: [-12.78687783]; Action: ([1.91, 0.45, 0.68, 0.69, 1.82], [2, 0, 1, 1, 2])
Episode: 369; Tool: [6.41675342e-06 1.62345566e-06 2.48863643e-07 1.32093305e-06
 2.29015271e-03 4.28396642e-01 3.82468849e-01 1.47443831e-01
 3.88409309e-02 5.49900637e-04]; Score: [-16.23318584]; Action: ([0.2, 1.67, 0.61, 1.6, 1.69], [0, 2, 0, 2, 2])
Episode: 370; Tool: [6.49101241e-03 3.24154971e-03 4.43370849e-01 5.39334297e-01
 7.09410524e-03 1.47611781e-05 1.04140927e-05 3.73161631e-04
 1.66109457e-05 5.32667655e-05]; Score: [-14.72881137]; Action: ([1.57, 1.64, 1.34, 1.55, 0.74], [2, 2, 2, 2, 1])
