Episode: 1; Tool: [-2.15338063 -1.48515427 -0.70366222  0.83232641  1.24088764 -0.00766723
 -0.64317906 -0.63692248 -0.74363786 -0.1067715 ]; Score: [-25.60643262]; Action: ([0.27, 0.04, 0.47, 1.85, 0.43], [0, 0, 0, 2, 0])
Episode: 2; Tool: [-3.61904049 -2.75767708 -3.74173379 -0.89449805  0.59039694  1.52475345
  1.6394217  -1.48491836 -0.65829557 -2.15374899]; Score: [-24.16944963]; Action: ([0.5, 1.46, 0.45, 0.49, 0.56], [0, 2, 0, 0, 0])
Episode: 3; Tool: [-6.32502174 -4.00356579 -2.19983172 -0.63376963  2.38182163  0.6688143
 -0.37123308  1.17877996 -1.10113311 -1.10170305]; Score: [-18.2715601]; Action: ([0.34, 1.15, 0.48, 1.56, 0.86], [0, 1, 0, 2, 1])
Episode: 4; Tool: [-4.36894035 -2.35998845 -3.22041273 -2.07264781 -0.17229548  0.72474092
  2.65163469 -1.71843076 -1.39594984 -2.00895929]; Score: [-20.42305038]; Action: ([1.34, 1.26, 0.55, 0.49, 0.41], [2, 1, 0, 0, 0])
Episode: 5; Tool: [  1.40418625   0.71380854   7.52431726   1.07062101   1.52342677
  -1.25605965  -7.08879232  -6.54441023 -10.67060566  -1.3209331 ]; Score: [-20.48865945]; Action: ([1.83, 0.85, 0.03, 0.31, 1.69], [2, 1, 0, 0, 2])
Episode: 6; Tool: [-8.83607388 10.45765209  5.13575506 -4.77578068 -4.12679911  2.1523068
 -6.5089426  -3.54846954 -5.42737103 -8.97844601]; Score: [-18.05461337]; Action: ([0.47, 1.24, 1.7, 0.55, 1.44], [0, 1, 2, 0, 2])
Episode: 7; Tool: [-5.35920811 -4.67591619 -0.00924043 -1.38047528  0.81663013 -1.13812494
 -1.34667265  0.06420178 -1.33149433  3.77920341]; Score: [-9.95542548]; Action: ([0.02, 1.15, 0.49, 1.17, 0.96], [0, 1, 0, 1, 1])
Episode: 8; Tool: [-8.69191933 -4.45709372 -5.29864025 -4.88419724 -3.801265    1.47500932
  1.10383666 -3.93579483  6.39288282  2.35394287]; Score: [-15.17009979]; Action: ([1.01, 1.71, 0.19, 0.02, 2.0], [1, 2, 0, 0, 2])
Episode: 9; Tool: [-8.99968529 -8.5513382  -8.66811848 -1.94551492  1.20623815  4.63112068
  1.4391582  -1.70186365  1.63557947 -3.37025452]; Score: [-23.75111042]; Action: ([1.24, 1.11, 1.68, 0.13, 0.25], [1, 1, 2, 0, 0])
Episode: 10; Tool: [  1.5144434    0.66191912   6.99888706   1.03912163   1.30501354
  -1.15894973  -6.59395695  -6.17436028 -10.08329391  -1.23354614]; Score: [-17.6831861]; Action: ([1.23, 0.01, 0.27, 1.96, 1.57], [1, 0, 0, 2, 2])
Episode: 11; Tool: [-10.81326389  -6.0070672    0.84762007  -2.67736959  -0.89141726
  -3.34265471  -1.19040132   5.31891108  -4.91426516   5.529984  ]; Score: [-13.1793765]; Action: ([1.67, 1.4, 0.03, 1.79, 0.83], [2, 2, 0, 2, 1])
Episode: 12; Tool: [ 2.79837847 -0.16859046  5.81649971  2.44911122  0.92595053 -1.1442821
 -5.34714651 -5.92203283 -8.15915871 -0.01511312]; Score: [-17.52684394]; Action: ([0.77, 1.04, 0.1, 1.57, 2.0], [1, 1, 0, 2, 2])
Episode: 13; Tool: [-4.03263283 -0.09293327 -0.49693054 -2.48954153 -3.21126628 -0.47565788
 -0.02358327 -1.44535446  3.84814477  1.9097203 ]; Score: [-9.50738436]; Action: ([1.32, 0.97, 0.17, 0.62, 0.8], [1, 1, 0, 0, 1])
Episode: 14; Tool: [-1.77318394  1.20259666  3.0941956   0.64410877  1.4322598  -0.45506108
 -3.25956511 -1.57843411 -3.94841838 -1.18103015]; Score: [-18.50667997]; Action: ([0.93, 0.79, 1.66, 0.19, 1.25], [1, 1, 2, 0, 1])
Episode: 15; Tool: [-3.96838403 -2.71692324 -1.91932523 -0.78784597  0.51097131  1.03339601
  0.05304354  1.01757014  0.19520327 -0.55210304]; Score: [-18.34001355]; Action: ([0.0, 0.23, 2.0, 0.05, 1.85], [0, 0, 2, 0, 2])
Episode: 16; Tool: [-5.12560844 -1.20264161 -0.31299818 -0.69953507 -1.30992353  0.09190343
 -0.52484393  2.61532021  0.37285623 -0.23724753]; Score: [-11.51205107]; Action: ([0.63, 1.32, 1.94, 1.76, 1.01], [0, 1, 2, 2, 1])
Episode: 17; Tool: [-13.42696857  15.35864449   7.02676725  -6.70411682  -7.9200387
   2.67570138  -9.32184982  -4.96425581  -6.30505705 -12.13727951]; Score: [-20.31242172]; Action: ([0.43, 0.58, 0.76, 1.11, 1.24], [0, 0, 1, 1, 1])
Episode: 18; Tool: [-4.98846388 -6.26011133 -0.36570436 -2.76784563 -0.9232316  -1.72413039
 -0.661421   -0.71835357  0.03426326  6.24319696]; Score: [-10.01548842]; Action: ([0.71, 1.4, 0.73, 0.47, 1.56], [1, 2, 1, 0, 2])
Episode: 19; Tool: [-3.38294053 -1.32642758 -0.09886709  0.97787434  1.78852046 -0.09876196
 -0.64935023  1.26970947 -0.39169079 -0.35370654]; Score: [-30.18327685]; Action: ([0.02, 0.67, 0.05, 0.0, 0.26], [0, 0, 0, 0, 0])
Episode: 20; Tool: [-12.74801922  -1.53964067  -3.84294772  -5.97151661  -8.68156719
   1.28637767  -0.93896699  -3.31609917  11.20904541   3.90424061]; Score: [-10.01535231]; Action: ([1.54, 1.15, 1.3, 1.66, 0.63], [2, 1, 1, 2, 0])
Episode: 21; Tool: [-11.20198154  -6.47681236   0.4611423   -2.17438102   2.96412539
  -0.06697091  -0.54536694   8.1774168   -4.92890072  -1.49969482]; Score: [-13.66528355]; Action: ([0.12, 0.74, 1.7, 0.0, 0.72], [0, 1, 2, 0, 1])
Episode: 22; Tool: [ 2.88965106 -0.78482938  3.4581511   4.37747622  0.63058698 -0.76235634
 -3.43245506 -3.85787964 -4.4716773   1.37406421]; Score: [-13.90880138]; Action: ([0.59, 0.12, 1.79, 1.55, 2.0], [0, 0, 2, 2, 2])
Episode: 23; Tool: [-9.16141701 10.5282774   5.4417181  -4.92208242 -3.81709027  2.05317068
 -6.52283907 -3.51938462 -6.3121748  -9.48865604]; Score: [-18.70085696]; Action: ([1.42, 1.25, 1.03, 0.86, 0.52], [2, 1, 1, 1, 0])
Episode: 24; Tool: [-11.10441017  13.21390629   6.43604136  -6.09865189  -5.72118044
   2.58371472  -8.11430931  -4.49579144  -6.83202076 -11.38589096]; Score: [-18.94946372]; Action: ([1.53, 1.55, 0.2, 1.16, 1.22], [2, 2, 0, 1, 1])
Episode: 25; Tool: [-2.41203523  0.16298756  0.79642826  0.7476998   1.43870258 -0.28110525
 -1.31009865  0.40601417 -1.05607975 -0.55237484]; Score: [-26.16862157]; Action: ([0.01, 1.14, 0.81, 1.35, 0.1], [0, 1, 1, 2, 0])
Episode: 26; Tool: [-4.66871977 -5.34105301 -6.06423807 -1.28889275  1.10519814  2.41471601
  1.12550879 -2.76714706  0.25191918 -1.2305944 ]; Score: [-11.10040292]; Action: ([1.83, 1.67, 0.27, 1.77, 1.9], [2, 2, 0, 2, 2])
Episode: 27; Tool: [-1.05749547 -1.15690708  0.22131227  1.56191468  0.9920969  -0.07878442
 -0.96583408 -0.67458504 -1.32594883 -0.12079427]; Score: [-17.1246106]; Action: ([1.87, 1.73, 1.57, 0.58, 0.78], [2, 2, 2, 0, 1])
Episode: 28; Tool: [  1.40418625   0.71380854   7.52431726   1.07062101   1.52342677
  -1.25605965  -7.08879232  -6.54441023 -10.67060566  -1.3209331 ]; Score: [-22.61582754]; Action: ([0.72, 0.5, 0.52, 1.46, 0.42], [1, 0, 0, 2, 0])
Episode: 29; Tool: [-5.77499104 -3.01794219 -1.98661065 -0.65206283 -0.11503837  1.80554986
 -0.28617758  1.62230146  1.81912017 -1.19390166]; Score: [-11.6446625]; Action: ([0.6, 1.08, 1.66, 1.49, 1.88], [0, 1, 2, 2, 2])
Episode: 30; Tool: [ 16.40101242  -3.88992858   9.9461565    8.89882946  -1.96452737
  -1.81986809  -7.46755266 -15.3019495  -15.93776321   1.64616644]; Score: [-27.08060367]; Action: ([0.36, 1.72, 1.95, 0.39, 1.68], [0, 2, 2, 0, 2])
Episode: 31; Tool: [-12.46681023  14.49917984   6.80325127  -6.47050762  -6.97717953
   2.65165091  -8.73754978  -4.82797337  -6.69603205 -11.95506668]; Score: [-27.79446793]; Action: ([0.28, 0.21, 0.43, 1.66, 0.03], [0, 0, 0, 2, 0])
Episode: 32; Tool: [-11.76812077  13.09785366   5.67158079  -5.59006214  -7.55619717
   2.02810621  -8.43930817  -3.9381907   -3.9966023   -9.46656799]; Score: [-18.9614527]; Action: ([0.39, 1.54, 1.4, 0.71, 1.6], [0, 2, 2, 1, 2])
Episode: 33; Tool: [-6.65417719 -3.32360578 -6.11935902 -1.78555703  0.30182219  2.64422131
  4.16829109 -3.44112349 -2.72032714 -5.18930006]; Score: [-13.11457301]; Action: ([1.47, 0.07, 0.61, 0.91, 1.62], [2, 0, 0, 1, 2])
Episode: 34; Tool: [ -8.81619263 -11.21521473  -1.26863527  -4.34390593  -1.84330273
  -2.78730512  -1.14678574  -0.53029472  -0.52940816  10.77493954]; Score: [-12.31292401]; Action: ([1.15, 0.89, 1.88, 0.25, 0.22], [1, 1, 2, 0, 0])
Episode: 35; Tool: [-8.03496265 -5.79249811 -7.70898533 -2.80463123  0.8492856   3.02613592
  3.50461388 -3.20550346 -2.38556337 -5.00084925]; Score: [-20.8038019]; Action: ([1.02, 0.16, 0.0, 0.38, 1.07], [1, 0, 0, 0, 1])
Episode: 36; Tool: [-10.81715488  -6.62735939  -0.07031138  -0.96078044   2.23280334
  -1.00337958   0.72361159   9.86318111  -5.49104404  -0.624762  ]; Score: [-12.30859105]; Action: ([0.36, 0.78, 2.0, 1.56, 1.3], [0, 1, 2, 2, 1])
Episode: 37; Tool: [-13.22534943  14.86862755   6.57613611  -6.44358635  -8.32129383
   2.42446089  -9.46789837  -4.58867264  -5.0454607  -11.10702229]; Score: [-16.88417198]; Action: ([0.68, 2.0, 1.41, 1.26, 1.59], [1, 2, 2, 1, 2])
Episode: 38; Tool: [-8.56001663 -9.30587101 -0.57761961 -2.46974277 -1.13476992 -2.88313818
 -1.53586376  1.08740294 -1.58354974  9.27772427]; Score: [-12.49896892]; Action: ([1.88, 1.24, 1.42, 0.25, 0.47], [2, 1, 2, 0, 0])
Episode: 39; Tool: [-8.16302967 -9.32333279 -1.47902632 -3.59901357 -2.82475471 -3.00199437
  0.64427447  0.91493648 -0.71069163  9.55436134]; Score: [-10.44854183]; Action: ([1.49, 0.11, 0.88, 0.88, 1.46], [2, 0, 1, 1, 2])
Episode: 40; Tool: [-7.5756259  -3.61907887 -5.13845253 -1.56282592  0.50899947  2.84213829
  4.84884119 -1.26266885 -3.73627234 -6.91337919]; Score: [-13.61000691]; Action: ([1.92, 0.65, 1.58, 0.23, 0.43], [2, 0, 2, 0, 0])
Episode: 41; Tool: [-3.73230529 -2.46307898 -1.800372   -0.95481616  0.87985635  0.57670993
  0.77449238  0.52135885 -0.98899573 -1.45915222]; Score: [-15.74696482]; Action: ([1.6, 1.11, 1.03, 0.46, 0.96], [2, 1, 1, 0, 1])
Episode: 42; Tool: [-5.41491699 -3.28053021 -2.74407029 -0.10351031  1.76008952  1.24206281
  0.77582788  0.09735703 -0.86708939 -1.99095857]; Score: [-13.95008306]; Action: ([0.45, 0.16, 0.38, 1.97, 1.79], [0, 0, 0, 2, 2])
Episode: 43; Tool: [-8.00070953 -4.99836397 -0.65717989 -1.21055007  0.66563559 -0.78519309
  1.1146816   7.02666855 -4.62115717  0.24288303]; Score: [-13.65973758]; Action: ([1.68, 1.96, 0.65, 0.16, 1.34], [2, 2, 0, 0, 2])
Episode: 44; Tool: [-6.06768608 -4.28352833 -1.61787283 -1.54073691  2.24447179 -0.53604275
 -0.46804968 -0.35095865 -1.76996303  0.55633461]; Score: [-17.56024769]; Action: ([1.74, 1.41, 1.3, 1.24, 0.14], [2, 2, 1, 1, 0])
Episode: 45; Tool: [-6.41268921 -3.78648686 -0.13327114 -1.01975703  1.08049381 -0.75787443
  0.34167227  5.54861975 -3.49899459 -0.07729352]; Score: [-14.52914555]; Action: ([1.78, 0.73, 0.12, 1.9, 0.38], [2, 1, 0, 2, 0])
Episode: 46; Tool: [-7.17903566 -4.43350124 -0.3477855  -1.16287017  1.86206317 -0.13148968
  0.14493096  5.41490269 -3.08459377 -0.75622576]; Score: [-12.1899922]; Action: ([0.21, 1.12, 1.69, 0.08, 1.09], [0, 1, 2, 0, 1])
Episode: 47; Tool: [-9.33807373 -2.43390322 -2.78575587 -5.04185629 -5.91538858  0.90418053
  0.70910501 -2.3229208   8.63011551  3.20125103]; Score: [-13.94580647]; Action: ([1.69, 1.7, 0.12, 0.87, 0.16], [2, 2, 0, 1, 0])
Episode: 48; Tool: [-10.52569866  -4.71590567   1.64948356  -0.48104799   3.85856199
  -1.10392189  -0.94654536   8.3386116   -4.45732927  -1.53129244]; Score: [-13.09260596]; Action: ([1.77, 0.84, 1.78, 1.2, 2.0], [2, 1, 2, 1, 2])
Episode: 49; Tool: [-12.7230196   14.30849934   6.41831779  -6.1270833   -7.56584454
   2.47573042  -8.86821938  -4.4846015   -5.25741673 -10.89686298]; Score: [-22.52192342]; Action: ([0.32, 0.69, 2.0, 0.19, 0.82], [0, 1, 2, 0, 1])
Episode: 50; Tool: [-5.72679043 -6.08167934 -5.68674803 -0.8270523   1.53663695  3.08429408
  0.81095856 -0.88140982  1.5963757  -1.2461338 ]; Score: [-9.45671269]; Action: ([2.0, 0.89, 0.0, 1.64, 1.95], [2, 1, 0, 2, 2])
Episode: 51; Tool: [-12.42638206 -14.87171078  -2.19186473  -4.50877333  -2.486619
  -3.77554679  -0.96616352   1.04140604  -1.57589459  14.07858086]; Score: [-11.94805573]; Action: ([0.11, 1.23, 0.0, 1.0, 1.35], [0, 1, 0, 1, 2])
Episode: 52; Tool: [-11.63246632 -11.74518871  -8.86933327  -2.74976254   2.24372268
   6.75712109  -0.88836944  -1.704965    -0.10330254  -1.96079171]; Score: [-9.30544855]; Action: ([1.6, 0.74, 0.28, 1.75, 1.7], [2, 1, 0, 2, 2])
Episode: 53; Tool: [ 2.01518583 -0.5310179   3.10768104  4.08165121  0.7676717  -0.89540756
 -3.22308326 -3.15278721 -3.93693638  1.31684244]; Score: [-14.55894218]; Action: ([1.86, 1.33, 1.89, 0.72, 0.75], [2, 1, 2, 1, 1])
Episode: 54; Tool: [-13.91203499  16.06302261   7.40846443  -7.23140144  -8.32298565
   2.81729722 -10.15500641  -5.17011404  -6.59114313 -12.7850523 ]; Score: [-25.24100359]; Action: ([0.4, 0.51, 1.86, 0.45, 0.1], [0, 0, 2, 0, 0])
Episode: 55; Tool: [-7.7246871  -4.57184029  0.13824411 -1.48605919  1.90528917 -0.34868664
  0.25349659  6.45528889 -3.82785344 -1.07815611]; Score: [-11.64309584]; Action: ([0.94, 0.53, 1.07, 0.0, 0.2], [1, 0, 1, 0, 0])
Episode: 56; Tool: [-7.20651245 -2.88955164 -5.32951927 -2.44303107  0.28613597  2.24188924
  4.22834969 -2.81565881 -3.83218503 -5.56505251]; Score: [-17.61965893]; Action: ([0.55, 0.1, 1.59, 1.08, 1.29], [0, 0, 2, 1, 1])
Episode: 57; Tool: [-8.64271641e+00 -1.14470625e+01 -2.90366387e+00 -3.15267420e+00
 -2.61771560e+00 -2.19939280e+00  7.36059528e-03 -1.46364868e-01
  2.76848674e-01  1.09075956e+01]; Score: [-9.57060195]; Action: ([1.22, 0.55, 1.23, 0.46, 1.44], [1, 0, 1, 0, 2])
Episode: 58; Tool: [-10.59780312 -13.96618366  -4.83911133  -5.12898397  -5.87038612
  -3.29739141   3.2036767    1.29384661  -0.09204513  13.70437431]; Score: [-9.83115841]; Action: ([1.13, 0.32, 0.2, 0.82, 0.94], [1, 0, 0, 1, 1])
Episode: 59; Tool: [-5.2263298  -4.2634325  -4.55014563 -1.51227593  1.0082978   2.11387801
  1.90137458 -0.94344264 -1.0037148  -2.89116287]; Score: [-20.95547075]; Action: ([0.84, 1.68, 1.64, 0.08, 2.0], [1, 2, 2, 0, 2])
Episode: 60; Tool: [-7.90801191 -8.53242588 -0.76639301 -3.63813877 -1.72082877 -2.15638041
 -1.70212007 -0.65144682  0.26322511  8.61143875]; Score: [-11.20030818]; Action: ([0.55, 1.08, 1.59, 2.0, 1.18], [0, 1, 2, 2, 1])
Episode: 61; Tool: [ 0.6443305   0.74194789  5.90131235  0.99081379  1.34940648 -1.07484031
 -5.64707613 -4.96557045 -8.08040237 -1.03832245]; Score: [-23.20911604]; Action: ([0.73, 1.44, 0.57, 0.0, 1.97], [1, 2, 0, 0, 2])
Episode: 62; Tool: [-12.70473576  -4.29410362  -3.64184022  -4.43574619  -5.0167594
   2.14473724  -1.74971914  -0.63529593   7.87038803   2.28571224]; Score: [-15.71340837]; Action: ([0.11, 1.97, 1.67, 2.0, 1.21], [0, 2, 2, 2, 1])
Episode: 63; Tool: [ 16.40101242  -3.88992858   9.9461565    8.89882946  -1.96452737
  -1.81986809  -7.46755266 -15.3019495  -15.93776321   1.64616644]; Score: [-22.96840071]; Action: ([1.57, 1.92, 0.78, 0.18, 0.81], [2, 2, 1, 0, 1])
Episode: 64; Tool: [-6.34565735 -5.07239532 -5.59158134 -1.65299678  1.12123609  2.41725111
  2.28628993 -1.43858945 -1.52772486 -3.9241066 ]; Score: [-15.59145155]; Action: ([1.38, 0.0, 0.97, 1.24, 0.54], [2, 0, 1, 1, 0])
Episode: 65; Tool: [-8.43172264 -4.86958027 -2.39218044 -3.14552951  1.55295372 -0.19896169
  0.87804806  0.13926107 -4.03116131 -1.08231819]; Score: [-8.79264234]; Action: ([1.17, 1.26, 1.8, 1.14, 1.14], [1, 1, 2, 1, 1])
Episode: 66; Tool: [-5.40963125 -4.07750034 -4.14454985 -1.11258817  1.34026456  1.68490303
  1.24457002 -0.84889668 -0.89943224 -2.26895809]; Score: [-17.43699646]; Action: ([0.0, 0.03, 0.77, 1.84, 1.3], [0, 0, 1, 2, 1])
Episode: 67; Tool: [ 16.40101242  -3.88992858   9.9461565    8.89882946  -1.96452737
  -1.81986809  -7.46755266 -15.3019495  -15.93776321   1.64616644]; Score: [-25.34540227]; Action: ([0.73, 0.54, 1.78, 1.64, 1.3], [1, 0, 2, 2, 1])
Episode: 68; Tool: [-12.82601452  14.92069912   7.03972816  -6.64226055  -7.06462431
   2.79826784  -9.04838753  -4.93986893  -6.84512806 -12.2630806 ]; Score: [-19.08810233]; Action: ([0.68, 0.74, 0.59, 0.72, 1.94], [1, 1, 0, 1, 2])
Episode: 69; Tool: [ -8.94635868 -10.90715218  -2.06802106  -4.20700216  -3.3238225
  -3.06166029   0.73645306   0.70801634  -0.52484089  10.94440079]; Score: [-11.14765665]; Action: ([0.58, 0.35, 0.45, 1.42, 0.59], [0, 0, 0, 2, 0])
Episode: 70; Tool: [ -8.81619263 -11.21521473  -1.26863527  -4.34390593  -1.84330273
  -2.78730512  -1.14678574  -0.53029472  -0.52940816  10.77493954]; Score: [-13.60367759]; Action: ([1.83, 0.91, 0.7, 2.0, 1.84], [2, 1, 1, 2, 2])
Episode: 71; Tool: [-7.20849991 -4.59453535  1.27558708 -0.2428177   2.40004659 -2.0623939
 -3.26184607  1.46578419 -1.92240095  4.04982185]; Score: [-16.873999]; Action: ([1.1, 0.35, 0.71, 0.28, 1.44], [1, 0, 1, 0, 2])
Episode: 72; Tool: [-8.6616745  -4.84080458 -8.0380621  -2.84230089  0.03148037  3.43363285
  5.34558058 -4.61154032 -2.51494169 -5.95060825]; Score: [-21.52319955]; Action: ([0.42, 1.13, 1.35, 1.16, 0.25], [0, 1, 2, 1, 0])
Episode: 73; Tool: [  1.32571316   0.76346576   7.75323296   0.56855816   1.44402623
  -1.28598309  -7.23717499  -6.59958601 -11.31555939  -1.63849163]; Score: [-22.61150021]; Action: ([0.8, 1.58, 0.93, 0.77, 0.55], [1, 2, 1, 1, 0])
Episode: 74; Tool: [-4.80858231 -3.39711475 -5.09940767 -1.39680719  0.52997315  2.01403499
  2.38825893 -2.47625566 -1.12937164 -2.93848658]; Score: [-16.08183607]; Action: ([0.7, 1.82, 1.52, 1.95, 1.34], [1, 2, 2, 2, 2])
Episode: 75; Tool: [ 2.42444468 -0.06708708  6.29643393  1.66803885  0.91388142 -1.33540678
 -5.69598818 -6.02746677 -9.22133541 -0.27753186]; Score: [-19.48833963]; Action: ([0.41, 0.85, 0.87, 0.63, 1.85], [0, 1, 1, 0, 2])
Episode: 76; Tool: [-4.91560602 -2.58698702  0.60610014 -0.69107717  0.56049836 -1.5322026
 -1.39516139  1.91462719 -2.26522779  2.39527798]; Score: [-8.53928946]; Action: ([1.15, 0.96, 1.74, 1.41, 0.93], [1, 1, 2, 2, 1])
Episode: 77; Tool: [-11.62694073  -1.99459743  -3.25431252  -4.76118088  -7.06505966
   1.56614637  -0.69699287  -1.88450515   9.57481003   2.55224419]; Score: [-14.19368822]; Action: ([0.0, 0.16, 1.6, 1.62, 0.73], [0, 0, 2, 2, 1])
Episode: 78; Tool: [-3.82472348 -1.39795661 -0.23643008  0.88914579  2.03406572  0.32555121
 -1.19163644  0.80748791 -0.62557381 -0.9573344 ]; Score: [-26.07927649]; Action: ([0.19, 0.26, 1.59, 0.83, 0.0], [0, 0, 2, 1, 0])
Episode: 79; Tool: [-7.20322132 -3.5321157  -6.60256672 -1.99637699  0.24617559  2.85999465
  4.60087061 -3.7448678  -3.08692408 -5.81565714]; Score: [-9.13794969]; Action: ([1.64, 0.24, 1.02, 1.33, 1.82], [2, 0, 1, 1, 2])
Episode: 80; Tool: [-3.79592443 -3.25178456 -4.37321615 -0.95046681  0.37515599  1.70065713
  1.8822881  -2.83367085 -1.65252745 -2.55759001]; Score: [-23.15284448]; Action: ([0.68, 1.6, 1.07, 0.86, 0.11], [1, 2, 1, 1, 0])
Episode: 81; Tool: [ 16.40101242  -3.88992858   9.9461565    8.89882946  -1.96452737
  -1.81986809  -7.46755266 -15.3019495  -15.93776321   1.64616644]; Score: [-22.15329753]; Action: ([1.33, 0.09, 1.43, 1.71, 0.52], [1, 0, 2, 2, 0])
Episode: 82; Tool: [  1.77613783   0.56887388   7.52086544   0.87264889   1.22799289
  -1.26600134  -6.98297596  -6.59868193 -11.10987282  -1.33294046]; Score: [-23.68899722]; Action: ([0.11, 0.69, 1.3, 1.41, 0.14], [0, 1, 1, 2, 0])
Episode: 83; Tool: [-3.07100987 -2.75316238 -1.274647    1.1728251   1.47163916  0.54097754
 -0.58427536 -0.67305219 -1.44448209 -1.07967424]; Score: [-17.12007706]; Action: ([1.48, 1.23, 0.14, 0.2, 1.97], [2, 1, 0, 0, 2])
Episode: 84; Tool: [-5.46261406 -7.03168344 -1.4415971  -3.08044791 -1.73250055 -1.2693038
 -0.57506776 -0.99515963  0.56372297  6.76536131]; Score: [-8.10472577]; Action: ([1.33, 0.85, 0.78, 0.9, 1.52], [1, 1, 1, 1, 2])
Episode: 85; Tool: [-4.51470852 -4.5803833  -0.76347321 -0.13811213  0.25919744 -0.79606676
 -1.62236762  0.14250299 -0.6270954   4.2362628 ]; Score: [-12.0383837]; Action: ([0.3, 0.57, 1.24, 1.96, 0.69], [0, 0, 1, 2, 1])
Episode: 86; Tool: [ 1.76215124  0.36745891  6.8265233   1.05770326  1.18997133 -1.324543
 -6.2742486  -6.17066717 -9.91629982 -0.92996049]; Score: [-27.38998265]; Action: ([0.57, 0.5, 1.09, 0.44, 0.0], [0, 0, 1, 0, 0])
Episode: 87; Tool: [-12.42638206 -14.87171078  -2.19186473  -4.50877333  -2.486619
  -3.77554679  -0.96616352   1.04140604  -1.57589459  14.07858086]; Score: [-11.29691601]; Action: ([1.93, 0.59, 0.56, 0.66, 1.3], [2, 0, 0, 0, 1])
Episode: 88; Tool: [-6.88220024 -3.68088984 -5.26970863 -2.32716012 -0.24136135  2.42684317
  4.35271263 -2.63138819 -1.13722563 -4.26028395]; Score: [-13.74479711]; Action: ([1.97, 0.4, 1.8, 1.31, 0.77], [2, 0, 2, 1, 1])
Episode: 89; Tool: [-11.10501575  13.09546185   6.36686277  -5.82410145  -5.51175022
   2.59923506  -7.60732508  -4.49708319  -6.87411833 -11.26398563]; Score: [-14.32435027]; Action: ([1.53, 0.35, 1.48, 0.63, 1.77], [2, 0, 2, 0, 2])
Episode: 90; Tool: [-1.06989784e+01 -2.30981112e+00 -3.32576442e+00 -5.21734190e+00
 -6.72161531e+00  1.19729984e+00  1.99772697e-03 -2.58413601e+00
  9.45813560e+00  3.30879545e+00]; Score: [-12.56632508]; Action: ([0.06, 0.76, 1.75, 1.27, 0.39], [0, 1, 2, 1, 0])
Episode: 91; Tool: [-4.47548962 -2.80131721 -1.8399992  -0.23490921  1.6307503   0.6859287
  0.15343682  0.64897364 -0.79415655 -1.27343631]; Score: [-17.01320189]; Action: ([0.77, 1.32, 1.29, 0.87, 1.24], [1, 1, 1, 1, 1])
Episode: 92; Tool: [-11.52305794 -16.43471527  -4.3185606   -5.87373638  -5.5933733
  -3.57736397   1.76909375  -0.1195262    0.46834135  16.22499657]; Score: [-11.16988722]; Action: ([0.58, 0.75, 0.11, 1.42, 1.42], [0, 1, 0, 2, 2])
Episode: 93; Tool: [-3.89631605 -1.59302509 -0.14613362 -0.63557887 -0.36599222 -0.76641881
 -0.60042918  2.30493069 -1.82209778  1.07805753]; Score: [-11.20894995]; Action: ([0.82, 1.46, 1.79, 0.93, 1.83], [1, 2, 2, 1, 2])
Episode: 94; Tool: [-10.07639313 -12.86466312  -3.1555779   -4.20351744  -3.45871472
  -2.7369957    0.54202181   0.14417177   0.21392888  12.39305878]; Score: [-9.99338695]; Action: ([0.8, 1.29, 0.53, 0.36, 1.42], [1, 1, 0, 0, 2])
Episode: 95; Tool: [-13.91203499  16.06302261   7.40846443  -7.23140144  -8.32298565
   2.81729722 -10.15500641  -5.17011404  -6.59114313 -12.7850523 ]; Score: [-16.47914884]; Action: ([0.03, 0.88, 1.84, 1.63, 1.22], [0, 1, 2, 2, 1])
Episode: 96; Tool: [-6.14048195 -5.53634453 -6.50958586 -1.8708961   0.93670738  2.8586688
  2.59452081 -2.0399847  -0.98146123 -3.86801958]; Score: [-24.40534885]; Action: ([0.59, 1.85, 1.67, 1.1, 0.28], [0, 2, 2, 1, 0])
Episode: 97; Tool: [-9.06771088 -0.65053415 -1.84419394 -5.53741026 -7.40174055  0.05014612
  0.36507705 -2.74232483  9.1612463   3.84847832]; Score: [-7.87272348]; Action: ([1.37, 0.4, 0.9, 1.05, 0.95], [2, 0, 1, 1, 1])
Episode: 98; Tool: [-11.10501575  13.09546185   6.36686277  -5.82410145  -5.51175022
   2.59923506  -7.60732508  -4.49708319  -6.87411833 -11.26398563]; Score: [-20.88272452]; Action: ([0.02, 1.51, 1.44, 1.51, 0.75], [0, 2, 2, 2, 1])
Episode: 99; Tool: [ 16.40101242  -3.88992858   9.9461565    8.89882946  -1.96452737
  -1.81986809  -7.46755266 -15.3019495  -15.93776321   1.64616644]; Score: [-10.0223538]; Action: ([0.31, 0.69, 0.53, 0.2, 0.3], [0, 1, 0, 0, 0])
Episode: 100; Tool: [ 2.71234959e-01  7.70679951e-01  5.73677063e+00  4.21923399e-03
  1.25410223e+00 -9.59144235e-01 -5.48515368e+00 -4.47848940e+00
 -8.59252739e+00 -1.56733882e+00]; Score: [-14.97323598]; Action: ([1.81, 1.34, 1.58, 1.49, 0.27], [2, 2, 2, 2, 0])
Episode: 101; Tool: [-13.24764347  15.21046925   6.99723673  -6.93863678  -8.01075077
   2.6126771   -9.91053581  -4.78225756  -5.96414232 -11.93011189]; Score: [-17.62262305]; Action: ([0.12, 1.24, 1.05, 1.44, 1.74], [0, 1, 1, 2, 2])
Episode: 102; Tool: [-6.1123209  -1.87223148 -2.5274055  -2.86551452 -3.20707083  0.79418254
  0.14722921 -1.73140407  5.21284962  2.00773001]; Score: [-11.21589624]; Action: ([1.66, 0.23, 1.22, 1.46, 0.69], [2, 0, 1, 2, 1])
Episode: 103; Tool: [-5.00101805 -1.73403597 -0.64633578  0.8010118   2.17682171 -0.09858938
 -0.63819385  0.86129612 -1.01348984 -0.67429817]; Score: [-12.01380889]; Action: ([1.14, 0.93, 0.01, 1.91, 1.66], [1, 1, 0, 2, 2])
Episode: 104; Tool: [-6.30426788 -9.48059368 -2.59750748 -2.61287308 -2.16554499 -1.59093428
 -0.22429405 -0.54228175  0.05748194  8.91718197]; Score: [-10.2883385]; Action: ([1.17, 1.05, 0.17, 0.43, 0.58], [1, 1, 0, 0, 0])
Episode: 105; Tool: [-13.7756834   15.83234215   7.26158476  -7.23152399  -8.46030998
   2.69103765 -10.34782219  -4.97083187  -6.11387587 -12.37248707]; Score: [-24.65477054]; Action: ([1.66, 0.19, 1.17, 0.05, 0.25], [2, 0, 1, 0, 0])
Episode: 106; Tool: [-10.84311581  12.57474136   5.96160793  -5.57410526  -5.6791091
   2.41564083  -7.65218306  -4.16340303  -5.86697721 -10.36723614]; Score: [-14.52489278]; Action: ([1.41, 0.0, 1.2, 1.38, 1.54], [2, 0, 1, 2, 2])
Episode: 107; Tool: [-4.53439617 -2.45839071 -0.07379016  0.16586253  2.13931775  0.22241445
 -0.55170768  2.50565934 -0.88335973 -0.85041803]; Score: [-19.45206617]; Action: ([0.84, 1.72, 0.87, 0.44, 1.33], [1, 2, 1, 0, 1])
Episode: 108; Tool: [-10.61668491  -5.66703463  -8.53143597  -3.01347804   0.06547573
   4.30579901   6.95253611  -3.88016176  -3.64554453  -8.70513058]; Score: [-17.82536987]; Action: ([2.0, 0.11, 0.31, 0.72, 0.49], [2, 0, 0, 1, 0])
Episode: 109; Tool: [-6.77012348 -3.23500896 -5.89451075 -1.90739536  0.34186074  2.55122972
  4.11591053 -3.26661325 -2.90405631 -5.16227293]; Score: [-20.54010791]; Action: ([0.92, 0.98, 1.84, 0.0, 1.54], [1, 1, 2, 0, 2])
Episode: 110; Tool: [-7.90582705 -1.46791816 -2.48237681 -4.17408276 -5.26176786  0.60774505
  0.0885029  -2.34828758  7.26960373  2.89827204]; Score: [-16.49175232]; Action: ([1.59, 0.05, 2.0, 0.13, 1.64], [2, 0, 2, 0, 2])
Episode: 111; Tool: [-11.76962852  13.76495171   6.58154154  -6.13519859  -6.14326906
   2.65897274  -8.15948391  -4.65390491  -6.81128836 -11.61009121]; Score: [-12.88241674]; Action: ([1.74, 1.88, 1.09, 1.45, 1.68], [2, 2, 1, 2, 2])
Episode: 112; Tool: [-11.17119312  12.77651024   5.83523607  -5.55528355  -6.47350168
   2.21257949  -7.88086939  -4.07796669  -5.15359545 -10.0097208 ]; Score: [-28.91150979]; Action: ([0.9, 0.24, 0.0, 0.73, 0.31], [1, 0, 0, 1, 0])
Episode: 113; Tool: [ -7.85883284 -10.94441509  -2.88997412  -3.74703836  -2.66821289
  -2.34608102   0.61087674   0.44421071  -1.03448164  10.03550911]; Score: [-11.78793057]; Action: ([1.15, 0.34, 1.47, 1.36, 1.92], [1, 0, 2, 2, 2])
Episode: 114; Tool: [-6.07914734 -1.44736314 -1.76289594 -3.23809576 -3.80622411  0.44674808
  0.49516907 -1.47883844  5.58103657  2.10103655]; Score: [-9.6035086]; Action: ([0.22, 0.81, 0.61, 1.03, 1.43], [0, 1, 0, 1, 2])
Episode: 115; Tool: [-11.46441841  13.62886333   6.57128668  -6.24637175  -6.13236666
   2.55699158  -8.22226334  -4.62600136  -6.95907879 -11.67839432]; Score: [-25.77246139]; Action: ([0.0, 0.0, 1.73, 0.27, 1.08], [0, 0, 2, 0, 1])
Episode: 116; Tool: [  3.53555179  -0.19395187   7.87399101   2.05341554   1.03791416
  -1.45188236  -6.99447536  -7.88395596 -11.31807041  -0.3475951 ]; Score: [-23.2927364]; Action: ([0.49, 1.44, 0.23, 2.0, 0.5], [0, 2, 0, 2, 0])
Episode: 117; Tool: [-12.45205021  14.72697926   7.1640048   -6.77024412  -6.42387867
   2.92765331  -9.03646946  -4.98199463  -7.49832106 -12.63788223]; Score: [-22.76752212]; Action: ([1.17, 0.34, 1.0, 0.53, 0.44], [1, 0, 1, 0, 0])
Episode: 118; Tool: [ 16.40101242  -3.88992858   9.9461565    8.89882946  -1.96452737
  -1.81986809  -7.46755266 -15.3019495  -15.93776321   1.64616644]; Score: [-16.57975954]; Action: ([1.55, 0.69, 0.12, 1.02, 0.38], [2, 1, 0, 1, 0])
Episode: 119; Tool: [-10.5821476   12.7525177    6.38465214  -5.81235981  -4.88594532
   2.64547777  -7.31129789  -4.52418756  -7.47355127 -11.47973633]; Score: [-22.90647466]; Action: ([0.61, 0.29, 1.18, 1.32, 0.15], [0, 0, 1, 1, 0])
Episode: 120; Tool: [-7.25071049 -3.71054578 -6.01871014 -2.41144109 -0.33117107  2.14211178
  4.70796537 -3.16615987 -2.12763166 -4.01087809]; Score: [-25.66830727]; Action: ([0.05, 0.56, 0.17, 0.84, 0.23], [0, 0, 0, 1, 0])
Episode: 121; Tool: [-6.77012348 -3.23500896 -5.89451075 -1.90739536  0.34186074  2.55122972
  4.11591053 -3.26661325 -2.90405631 -5.16227293]; Score: [-9.45797114]; Action: ([1.68, 0.59, 1.92, 1.66, 1.96], [2, 0, 2, 2, 2])
Episode: 122; Tool: [-5.98763037 -2.53413534  0.73368615 -0.7639901   2.06628084  0.58456731
  0.83630383  4.38009787 -2.66825676 -2.51370096]; Score: [-9.29852427]; Action: ([0.98, 1.28, 0.3, 1.05, 1.62], [1, 1, 0, 1, 2])
Episode: 123; Tool: [-4.90030956 -4.05689096 -3.1988492  -0.4514932   1.73353326  1.38018274
  0.36786127  0.16033179 -0.22667733 -1.41316485]; Score: [-15.95230794]; Action: ([0.74, 1.46, 1.5, 1.78, 1.04], [1, 2, 2, 2, 1])
Episode: 124; Tool: [-3.51167965 -2.51553607 -2.79629874 -1.61877441 -0.66267169  0.72370094
  0.40860963 -1.77468598  2.01751757  0.77412701]; Score: [-12.63475161]; Action: ([0.47, 0.35, 0.8, 0.23, 1.74], [0, 0, 1, 0, 2])
Episode: 125; Tool: [ 1.73713827 -0.77362788  2.58908153  3.48773336  0.83280647 -0.4900873
 -2.63263798 -2.66103697 -3.13858151  1.10730278]; Score: [-18.42269001]; Action: ([1.45, 1.35, 1.47, 0.24, 0.94], [2, 2, 2, 0, 1])
Episode: 126; Tool: [-6.61464596  5.73964882  5.34042692 -2.64589834  1.19193065  0.65578437
 -5.59267378 -1.7985096  -7.9638834  -7.04265356]; Score: [-15.44005193]; Action: ([0.51, 1.32, 1.45, 1.64, 1.2], [0, 1, 2, 2, 1])
Episode: 127; Tool: [-8.83810711 -9.9822998  -0.21648197 -3.40544438 -1.34140968 -3.30291915
 -1.31813717  0.49735516 -1.09766102 10.16081333]; Score: [-14.19847936]; Action: ([1.75, 1.79, 0.71, 0.5, 2.0], [2, 2, 1, 0, 2])
Episode: 128; Tool: [ 16.40101242  -3.88992858   9.9461565    8.89882946  -1.96452737
  -1.81986809  -7.46755266 -15.3019495  -15.93776321   1.64616644]; Score: [-27.69919196]; Action: ([1.39, 0.33, 1.66, 1.47, 1.65], [2, 0, 2, 2, 2])
Episode: 129; Tool: [-2.05663919 -1.66171145 -0.17812528  0.14173192  0.85755849 -0.48961326
 -0.95218611 -0.26990834  0.02814117  1.55527353]; Score: [-10.66991487]; Action: ([0.53, 0.6, 0.87, 1.21, 1.95], [0, 0, 1, 1, 2])
Episode: 130; Tool: [-1.02030420e+01 -4.90112811e-01 -1.93548048e+00 -5.39130259e+00
 -7.83671904e+00  3.98173094e-01  5.39558940e-04 -2.39878893e+00
  9.54674530e+00  3.40718365e+00]; Score: [-11.34252135]; Action: ([1.86, 1.41, 0.1, 1.09, 0.96], [2, 2, 0, 1, 1])
Episode: 131; Tool: [-10.13141346  -8.33841801   2.76044846  -3.73791289  -0.32319024
  -3.89554691  -3.76247597   0.66966218  -2.75843596   9.31571198]; Score: [-7.29015909]; Action: ([0.64, 1.24, 1.04, 1.06, 1.31], [0, 1, 1, 1, 1])
Episode: 132; Tool: [-11.9453373   -9.5934515  -11.92623997  -3.31497717   1.29438114
   5.83433485   6.10383654  -4.17556429  -2.85302997  -8.93681145]; Score: [-17.25708626]; Action: ([0.96, 1.37, 0.72, 0.31, 1.84], [1, 2, 1, 0, 2])
Episode: 133; Tool: [-6.10127068 -5.57998323 -4.5907073  -1.85730195  1.4006325   2.46570063
  1.87176073  0.47130609 -1.21728015 -3.70504951]; Score: [-14.4285585]; Action: ([1.63, 1.51, 2.0, 0.1, 1.38], [2, 2, 2, 0, 2])
Episode: 134; Tool: [ -0.11950782   1.49919248   7.72934532  -0.27370363   1.74065185
  -1.00563967  -7.5666585   -5.71994114 -11.41302872  -2.75091219]; Score: [-12.64894112]; Action: ([1.57, 1.65, 1.36, 1.66, 1.16], [2, 2, 2, 2, 1])
Episode: 135; Tool: [-1.15891552 -1.34200811  1.06528687  2.52362943  1.4286809  -0.20640042
 -1.66568959 -0.56278032 -1.79323506  0.09943879]; Score: [-16.71105294]; Action: ([1.44, 0.35, 0.92, 1.55, 0.74], [2, 0, 1, 2, 1])
Episode: 136; Tool: [-2.57118034 -0.55281591  0.39832908  0.27664396  1.15001285 -0.07341155
  0.05473157  1.42515075 -0.89574969 -0.71938944]; Score: [-14.6467509]; Action: ([1.11, 1.93, 0.11, 0.0, 1.46], [1, 2, 0, 0, 2])
Episode: 137; Tool: [-3.15957975 -2.5911119  -2.68808389 -0.45931023  0.94084537  0.98436832
  0.62580508 -0.53022552 -0.22166017 -1.15505934]; Score: [-16.13943488]; Action: ([1.66, 0.88, 1.62, 0.38, 1.16], [2, 1, 2, 0, 1])
Episode: 138; Tool: [-8.03192425 -0.89503479 -2.4951303  -3.885741   -5.41020823  0.65294504
 -0.14860426 -2.20619488  6.77527285  2.20036173]; Score: [-12.66889299]; Action: ([0.88, 0.33, 1.46, 1.66, 1.93], [1, 0, 2, 2, 2])
Episode: 139; Tool: [-0.82626057  1.29694891  5.27068043 -0.00783342  1.50202644 -0.76865345
 -5.0982933  -3.75671363 -7.47491503 -1.91930163]; Score: [-21.86647295]; Action: ([0.4, 1.24, 1.54, 0.41, 0.83], [0, 1, 2, 0, 1])
Episode: 140; Tool: [-5.77945328 -8.5505867  -2.16053939 -2.89282942 -2.18414187 -1.46360707
  0.02285155 -0.87871516  0.75802028  8.30794048]; Score: [-16.91807795]; Action: ([1.8, 1.79, 0.26, 0.11, 1.96], [2, 2, 0, 0, 2])
Episode: 141; Tool: [-4.25241995 -5.01541281 -4.99836636 -0.90638214  1.13901579  2.30375266
  1.14733016 -1.50175405  0.09122105 -1.83917129]; Score: [-15.36099355]; Action: ([0.8, 1.06, 1.84, 1.48, 1.29], [1, 1, 2, 2, 1])
Episode: 142; Tool: [ -9.92587852  11.87544537   5.82934189  -5.43558931  -4.84270334
   2.35427451  -6.98006821  -4.1358223   -6.60790968 -10.49403191]; Score: [-24.83630763]; Action: ([0.71, 1.67, 1.02, 0.84, 0.13], [1, 2, 1, 1, 0])
Episode: 143; Tool: [-9.12203598 -5.84840202 -8.85678101 -2.55993485  0.6862911   4.01716614
  5.12138891 -4.25272036 -2.82914186 -6.67343664]; Score: [-12.52841071]; Action: ([1.03, 0.87, 1.75, 1.51, 1.63], [1, 1, 2, 2, 2])
Episode: 144; Tool: [-6.04715538 -4.22673893 -2.50989628 -1.81082392  1.25754213  1.04006851
  1.04118133  1.77578533 -2.26257682 -2.10025215]; Score: [-10.15748441]; Action: ([1.14, 1.29, 1.82, 0.82, 1.58], [1, 1, 2, 1, 2])
Episode: 145; Tool: [-12.89356709  -2.67892575  -3.75299191  -6.31236649  -8.27008057
   1.46491313   0.04797842  -2.89992833  11.46448421   3.83558941]; Score: [-10.01063458]; Action: ([1.18, 1.85, 0.61, 0.78, 1.33], [1, 2, 0, 1, 1])
Episode: 146; Tool: [-5.23494816  3.3696754   3.25266314 -0.10042039  2.20674729  0.24033915
 -3.31226683 -0.45780957 -4.18109989 -3.71524811]; Score: [-20.2812362]; Action: ([0.95, 0.96, 1.1, 1.45, 0.0], [1, 1, 1, 2, 0])
Episode: 147; Tool: [-1.35227084 -0.93786669 -0.54489172  0.52914596  0.58416915 -0.24009386
 -0.16105939 -0.48960096 -1.20513463 -0.68840259]; Score: [-12.02364168]; Action: ([1.58, 1.87, 0.91, 1.74, 1.45], [2, 2, 1, 2, 2])
Episode: 148; Tool: [ -8.63856888 -10.77693272  -2.73679614  -2.44873238  -1.52132821
  -2.09168148  -0.65645093   0.95735383  -1.25237131   9.61797714]; Score: [-12.88763593]; Action: ([0.48, 1.76, 1.3, 1.71, 0.31], [0, 2, 1, 2, 0])
Episode: 149; Tool: [ 16.40101242  -3.88992858   9.9461565    8.89882946  -1.96452737
  -1.81986809  -7.46755266 -15.3019495  -15.93776321   1.64616644]; Score: [-18.85425736]; Action: ([0.74, 0.56, 0.73, 1.0, 1.53], [1, 0, 1, 1, 2])
Episode: 150; Tool: [-9.02735329 -6.40399551 -1.16424    -1.86818027  1.70592153  0.23936497
  0.66629356  6.94602442 -4.00203848 -0.75428426]; Score: [-14.51079204]; Action: ([1.54, 2.0, 0.4, 0.11, 0.59], [2, 2, 0, 0, 0])
Episode: 151; Tool: [-9.09681225 10.37712193  5.1388607  -5.20081663 -4.5429697   1.93018222
 -6.99099493 -3.29590797 -5.22499323 -8.78616905]; Score: [-16.61834336]; Action: ([0.88, 1.86, 1.56, 0.83, 1.61], [1, 2, 2, 1, 2])
Episode: 152; Tool: [-3.26254129 -1.0271697  -1.98182189 -0.73746973  0.4378978   0.61011654
  1.50713253 -0.96241379 -1.65454555 -2.08523083]; Score: [-21.09611543]; Action: ([0.96, 1.99, 0.74, 1.5, 0.22], [1, 2, 1, 2, 0])
Episode: 153; Tool: [-11.91311932  13.80950642   6.64721298  -6.04266739  -5.88090754
   2.80806637  -8.07347298  -4.66557646  -6.87687588 -11.63954735]; Score: [-20.87189891]; Action: ([0.8, 0.24, 0.84, 1.51, 0.54], [1, 0, 1, 2, 0])
Episode: 154; Tool: [-8.77004719 -0.49451753 -2.22176194 -4.43780518 -6.517735    0.43707538
 -0.52149534 -2.41282129  8.04309654  3.03868961]; Score: [-12.3938374]; Action: ([0.06, 1.34, 0.7, 1.07, 2.0], [0, 2, 1, 1, 2])
Episode: 155; Tool: [ -6.73438644 -10.75160599  -3.4857564   -4.35516119  -2.75758481
  -1.44181299   1.17658973  -1.69339168   1.09461331   9.55639267]; Score: [-16.54515701]; Action: ([1.96, 0.11, 1.61, 0.35, 0.04], [2, 0, 2, 0, 0])
Episode: 156; Tool: [-12.20518112  14.39036083   7.02271175  -6.40554857  -6.02323389
   2.92404652  -8.35806465  -4.94800568  -7.57393837 -12.40887547]; Score: [-18.85638454]; Action: ([1.14, 0.48, 0.76, 0.55, 1.56], [1, 0, 1, 0, 2])
Episode: 157; Tool: [-5.90753365  2.44531608  4.2607069  -1.76925969  0.26915047 -1.87725377
 -4.2677331  -0.21362418 -3.56880975 -1.80123389]; Score: [-25.34777189]; Action: ([0.0, 0.86, 0.75, 0.27, 1.41], [0, 1, 1, 0, 2])
Episode: 158; Tool: [-2.61862469 -1.29923546 -1.04641461  0.44320613  1.06919754  0.11744915
 -0.02205766 -0.06847965 -0.61796612 -0.69338524]; Score: [-12.5856495]; Action: ([1.67, 1.84, 1.41, 1.36, 1.8], [2, 2, 2, 2, 2])
Episode: 159; Tool: [ -6.64996147 -10.07500076  -3.10349321  -3.07081676  -2.36420798
  -1.27835226   0.08170153  -0.78095978   0.42778385   9.12824535]; Score: [-11.74388366]; Action: ([0.2, 0.82, 1.66, 1.2, 0.29], [0, 1, 2, 1, 0])
Episode: 160; Tool: [-5.63505459 -2.78880858 -4.71299839 -1.77363801  0.34502751  1.89594388
  3.15236568 -2.40233135 -2.33601761 -3.8802681 ]; Score: [-15.42851303]; Action: ([1.37, 0.67, 0.36, 0.94, 0.8], [2, 1, 0, 1, 1])
Episode: 161; Tool: [-7.8760376  -4.5074358  -4.60902548 -2.60910153 -2.21976352  2.18494177
 -0.18286435 -1.61870158  4.87729692  1.82597339]; Score: [-13.53883186]; Action: ([2.0, 0.85, 1.63, 1.93, 1.35], [2, 1, 2, 2, 2])
Episode: 162; Tool: [-5.75383568 -4.99540186 -0.81880826 -1.41164517  0.59500873 -0.9872247
 -0.93992007 -0.326493    0.16147223  3.95677471]; Score: [-16.42806437]; Action: ([0.42, 0.32, 1.72, 1.24, 1.61], [0, 0, 2, 1, 2])
Episode: 163; Tool: [ 16.40101242  -3.88992858   9.9461565    8.89882946  -1.96452737
  -1.81986809  -7.46755266 -15.3019495  -15.93776321   1.64616644]; Score: [-30.53320992]; Action: ([1.44, 1.6, 0.96, 1.3, 1.94], [2, 2, 1, 1, 2])
Episode: 164; Tool: [-7.81135368  8.62448692  4.69340467 -3.53202009 -2.13423181  1.82923722
 -5.30198574 -2.87418318 -5.53766918 -7.87271595]; Score: [-24.38787006]; Action: ([0.3, 1.43, 1.12, 0.39, 0.83], [0, 2, 1, 0, 1])
Episode: 165; Tool: [-10.13141346  -8.33841801   2.76044846  -3.73791289  -0.32319024
  -3.89554691  -3.76247597   0.66966218  -2.75843596   9.31571198]; Score: [-9.52693196]; Action: ([0.92, 1.32, 0.81, 0.42, 0.36], [1, 1, 1, 0, 0])
Episode: 166; Tool: [-4.82819462 -3.90581536 -4.85518837 -1.47937608  0.79532015  1.9872365
  1.88910198 -1.77970898 -0.79655844 -2.46441507]; Score: [-22.94206099]; Action: ([1.23, 1.25, 0.08, 0.63, 0.17], [1, 1, 0, 0, 0])
Episode: 167; Tool: [-7.16339111 -9.05917835 -3.16564107 -2.66706347 -0.6012404  -0.97671956
 -0.23900376 -0.28661251 -1.04414189  6.36153936]; Score: [-13.38696351]; Action: ([0.31, 0.09, 0.26, 0.9, 0.38], [0, 0, 0, 1, 0])
Episode: 168; Tool: [-6.15026522 -3.75057578 -6.14456081 -1.78153777  0.41162443  2.54447365
  3.52506065 -3.22203231 -2.0476346  -4.40062428]; Score: [-21.66959095]; Action: ([0.39, 1.68, 1.79, 0.55, 1.72], [0, 2, 2, 0, 2])
Episode: 169; Tool: [-3.43501759 -1.07160378 -0.6522947  -0.09489879  1.23045385 -0.07683
  0.0237328   0.40240666 -1.1551528  -0.69134945]; Score: [-22.91751977]; Action: ([1.03, 1.97, 0.0, 0.84, 0.75], [1, 2, 0, 1, 1])
Episode: 170; Tool: [-6.41385746 -7.25957918 -7.82842922 -1.87847042  1.46511364  3.43000054
  1.83939111 -2.38840437  0.55883652 -2.54329062]; Score: [-17.29530862]; Action: ([1.3, 1.53, 1.22, 0.63, 1.04], [1, 2, 1, 0, 1])
Episode: 171; Tool: [-4.02316332 -7.41959953 -3.26326919  0.86222309  0.96693635  3.35122728
 -2.58764887 -3.60600901 -2.24327922  1.41301239]; Score: [-15.57316737]; Action: ([0.67, 0.44, 1.26, 1.9, 0.59], [0, 0, 1, 2, 0])
Episode: 172; Tool: [-5.23245764 -3.1210463  -2.89628959 -1.53930831 -0.71015775  1.35232806
 -0.25704885 -0.30698752  2.02531648  0.74277055]; Score: [-10.49212557]; Action: ([0.84, 1.73, 1.4, 0.68, 1.57], [1, 2, 2, 1, 2])
Episode: 173; Tool: [-8.81524658 10.41520119  5.41230106 -5.33319044 -3.88402677  2.04548788
 -6.38241625 -3.56905389 -6.7218647  -9.72377968]; Score: [-9.08848859]; Action: ([1.83, 1.71, 1.73, 1.83, 1.66], [2, 2, 2, 2, 2])
Episode: 174; Tool: [-12.9509964   14.89795685   6.92003727  -6.51410866  -7.29123831
   2.7273643   -8.98600101  -4.86477852  -6.46466398 -11.9820137 ]; Score: [-18.26925328]; Action: ([0.34, 0.07, 1.06, 1.38, 1.95], [0, 0, 1, 2, 2])
Episode: 175; Tool: [-4.01965284 -3.66429043 -3.27495646 -1.43580914  0.94927943  0.79989672
  0.53369951 -1.12321305 -0.11384968 -0.17475575]; Score: [-14.28588958]; Action: ([0.97, 0.73, 1.24, 1.25, 0.89], [1, 1, 1, 1, 1])
Episode: 176; Tool: [-8.91479683 -4.18731546  1.93491101 -0.83855188  3.76839161  0.01256971
 -0.9261831   7.09641171 -3.42039609 -2.80394506]; Score: [-15.24776687]; Action: ([0.06, 1.7, 0.23, 0.09, 0.66], [0, 2, 0, 0, 0])
Episode: 177; Tool: [  0.38574073   1.04346704   7.48988104   0.13536996   1.37779629
  -1.32932389  -6.92012072  -5.97327328 -10.39376831  -1.76037443]; Score: [-21.89871897]; Action: ([1.4, 0.13, 0.91, 0.16, 1.17], [2, 0, 1, 0, 1])
Episode: 178; Tool: [-7.38345242 -6.26733685 -4.99695778 -1.3670094   2.26315236  2.21990681
  0.80765682  0.13697782 -0.73216325 -2.50300884]; Score: [-22.93271007]; Action: ([0.48, 0.31, 0.32, 0.94, 0.24], [0, 0, 0, 1, 0])
Episode: 179; Tool: [-7.32178307 -4.86723137 -0.41812    -1.61129832  0.94775295 -0.26073086
  1.03375018  6.9629221  -3.96519804 -0.93390512]; Score: [-9.08595944]; Action: ([1.41, 0.61, 1.11, 1.05, 1.68], [2, 0, 1, 1, 2])
Episode: 180; Tool: [-7.88987684  3.98061562  6.91500473 -4.19395638  0.38861224 -2.12297273
 -6.12608099 -1.43763828 -6.50030041 -3.59975195]; Score: [-29.65552681]; Action: ([0.34, 0.28, 0.32, 1.03, 0.08], [0, 0, 0, 1, 0])
Episode: 181; Tool: [-2.99635124 -2.42794347 -0.36681831 -0.06245774  0.71923125 -0.50823933
 -0.9245156  -0.23886722  0.04557058  2.16592836]; Score: [-9.52492756]; Action: ([1.92, 1.0, 0.85, 1.53, 1.08], [2, 1, 1, 2, 1])
Episode: 182; Tool: [-3.47872162 -1.53903508 -1.03122568  0.3291367   1.4024781   0.11682583
 -0.1006745   0.37700856 -0.68862611 -0.74850649]; Score: [-27.67751159]; Action: ([1.06, 1.89, 2.0, 0.28, 0.25], [1, 2, 2, 0, 0])
Episode: 183; Tool: [-6.56454945 -1.42022824 -2.15288925 -3.14440179 -4.00135088  0.60455638
 -0.06860243 -1.74233365  5.80944633  2.25060749]; Score: [-14.97861568]; Action: ([0.19, 1.73, 0.64, 1.69, 2.0], [0, 2, 0, 2, 2])
Episode: 184; Tool: [-13.77237225 -17.87487411  -1.77722883  -6.42561817  -4.0983448
  -4.90040207  -0.85526145   0.21308678  -1.12840915  17.93110275]; Score: [-11.73710797]; Action: ([0.43, 1.0, 0.19, 1.16, 1.91], [0, 1, 0, 1, 2])
Episode: 185; Tool: [-4.78716183e+00 -3.70559239e+00 -2.41157293e+00  1.33505464e-03
  1.97052932e+00  1.13183200e+00 -8.12010560e-03  6.82195246e-01
 -1.31247804e-01 -1.03896606e+00]; Score: [-13.80818739]; Action: ([0.53, 1.7, 1.7, 1.57, 1.95], [0, 2, 2, 2, 2])
Episode: 186; Tool: [-10.95102406  12.6747818    5.90603018  -5.56663036  -6.07983446
   2.28038979  -7.66509199  -4.15658283  -5.63485527 -10.25847435]; Score: [-19.82384057]; Action: ([0.5, 0.22, 2.0, 0.89, 0.78], [0, 0, 2, 1, 1])
Episode: 187; Tool: [-8.8736515  -5.21890259 -7.24496031 -3.09156728  0.69150829  3.19921732
  4.54792738 -2.83688354 -3.62701249 -6.36847734]; Score: [-27.48302492]; Action: ([0.14, 2.0, 0.09, 0.78, 0.7], [0, 2, 0, 1, 1])
Episode: 188; Tool: [-3.34964275 -2.64763927 -1.32152653  1.18663406  1.59462202  0.52318102
 -0.52370548 -0.39019698 -1.12654245 -1.04464471]; Score: [-29.29199999]; Action: ([0.0, 1.42, 0.32, 0.48, 0.82], [0, 2, 0, 0, 1])
Episode: 189; Tool: [-13.48684978  -2.51533723  -4.56336546  -6.29364634  -8.52455044
   1.67081249  -0.6687324   -3.58355284  11.74660492   4.10534573]; Score: [-12.42678659]; Action: ([1.61, 1.28, 0.4, 1.64, 0.28], [2, 1, 0, 2, 0])
Episode: 190; Tool: [-3.34554648 -1.5152694  -1.08577657  0.08963773  1.18775547  0.13547657
  0.09014335  0.09711228 -1.15518248 -1.06464231]; Score: [-17.96128973]; Action: ([0.2, 1.17, 1.2, 1.71, 0.82], [0, 1, 1, 2, 1])
Episode: 191; Tool: [-12.2071104   14.22890282   6.66408539  -6.37213135  -6.90183115
   2.56648135  -8.62653923  -4.72345829  -6.52582836 -11.70343208]; Score: [-17.67887793]; Action: ([1.42, 1.56, 0.19, 1.93, 1.07], [2, 2, 0, 2, 1])
Episode: 192; Tool: [-3.31018806 -4.43145514 -0.71453732 -2.47336817 -1.29762256 -1.25893676
  0.46844086 -0.71589988  0.25303036  4.45896769]; Score: [-8.56664837]; Action: ([1.39, 0.93, 0.67, 0.78, 0.5], [2, 1, 1, 1, 0])
Episode: 193; Tool: [-4.92457485 -5.10002041 -4.33959007 -1.10012293  1.41266823  2.32776761
  1.31049216  0.05563827 -0.06932169 -2.41492605]; Score: [-11.97495042]; Action: ([1.36, 0.74, 0.72, 1.06, 1.34], [2, 1, 1, 1, 2])
Episode: 194; Tool: [-12.9509964   14.89795685   6.92003727  -6.51410866  -7.29123831
   2.7273643   -8.98600101  -4.86477852  -6.46466398 -11.9820137 ]; Score: [-22.79541818]; Action: ([0.16, 1.74, 1.88, 1.17, 0.34], [0, 2, 2, 1, 0])
Episode: 195; Tool: [-2.51362562 -1.30832207  0.7224282   1.9159832   1.86880052 -0.04027264
 -1.47252846  0.62071872 -0.97676378 -0.22215134]; Score: [-22.56612014]; Action: ([0.13, 0.51, 0.0, 2.0, 1.55], [0, 0, 0, 2, 2])
Episode: 196; Tool: [-3.89003396 -0.86123312 -0.1609033   0.06026101  1.90555775  0.79509783
 -1.43112409  0.35297132 -1.08365285 -1.71579123]; Score: [-17.49700813]; Action: ([0.64, 0.62, 1.28, 1.17, 0.58], [0, 0, 1, 1, 0])
Episode: 197; Tool: [-6.1048336  -7.78207922 -1.25652611 -3.69828415 -2.66519642 -2.27030897
  0.91720271 -0.72786415  0.78073913  8.16630554]; Score: [-8.38823802]; Action: ([1.65, 1.17, 1.01, 1.15, 1.4], [2, 1, 1, 1, 2])
Episode: 198; Tool: [-4.33652449 -1.94591737 -0.41911638  0.06126009  1.54966533 -0.34224072
 -0.95441192  1.30666912 -1.11188662  0.16067518]; Score: [-10.37337459]; Action: ([0.89, 0.77, 0.23, 0.24, 0.81], [1, 1, 0, 0, 1])
Episode: 199; Tool: [-5.56371212 -3.42387676 -2.58670926 -1.36952734  1.03069174  0.71169955
  1.5682534   1.3570714  -2.45126247 -2.41270351]; Score: [-9.61054372]; Action: ([0.55, 0.5, 0.42, 0.68, 1.0], [0, 0, 0, 1, 1])
Episode: 200; Tool: [-6.0415144  -2.40156651  0.30281878  0.15735704  2.84875631  0.28971171
 -1.44762623  2.60275197 -1.57110941 -1.43254197]; Score: [-17.87486269]; Action: ([0.0, 0.19, 1.8, 0.0, 0.17], [0, 0, 2, 0, 0])
Episode: 201; Tool: [-3.43501759 -1.07160378 -0.6522947  -0.09489879  1.23045385 -0.07683
  0.0237328   0.40240666 -1.1551528  -0.69134945]; Score: [-14.31515434]; Action: ([0.29, 0.68, 1.23, 1.89, 1.21], [0, 1, 1, 2, 1])
Episode: 202; Tool: [-3.87893534 -2.50746608 -1.13638151 -0.22935626  1.57621574  0.49551302
 -0.06913898  1.26574671 -0.69566572 -0.99371016]; Score: [-19.74017976]; Action: ([0.34, 1.96, 0.38, 1.39, 1.52], [0, 2, 0, 2, 2])
Episode: 203; Tool: [-8.70622063 10.46496773  5.24033642 -4.73956966 -3.83168817  2.17120075
 -6.02426958 -3.70887065 -6.16035748 -9.39657116]; Score: [-15.21328911]; Action: ([1.71, 1.78, 1.09, 1.59, 0.82], [2, 2, 1, 2, 1])
Episode: 204; Tool: [-6.41394615 -5.992764   -5.21353722 -1.0347929   1.98606837  2.41659784
  0.9645921  -0.43229029 -0.12901275 -2.30733061]; Score: [-13.8168947]; Action: ([0.83, 0.81, 1.05, 0.91, 1.46], [1, 1, 1, 1, 2])
Episode: 205; Tool: [  1.0510335    0.83873534   7.17517328   0.50702375   1.37046719
  -1.16675413  -6.78572035  -5.99303246 -10.54273033  -1.68452621]; Score: [-23.85280998]; Action: ([1.84, 0.55, 0.63, 0.5, 0.08], [2, 0, 0, 0, 0])
Episode: 206; Tool: [-12.42059898  14.70727062   7.36847925  -7.1960535   -6.24597788
   2.89599705  -9.21177197  -4.96080589  -8.15428162 -13.03923225]; Score: [-22.48887394]; Action: ([0.2, 0.26, 1.1, 0.71, 1.33], [0, 0, 1, 1, 2])
Episode: 207; Tool: [-5.62663317 -3.17199993 -0.75941545 -1.00714755  1.90038276  0.52743638
 -0.07931545  2.60546446 -2.05278659 -1.91883051]; Score: [-10.34000907]; Action: ([0.91, 0.45, 0.3, 1.0, 1.69], [1, 0, 0, 1, 2])
Episode: 208; Tool: [-6.68410349 -1.1162765  -2.33282661 -2.94125438 -4.01935244  0.71152329
 -0.39484081 -1.76006746  5.65488291  1.99111056]; Score: [-11.31269669]; Action: ([0.28, 1.02, 1.84, 1.24, 0.45], [0, 1, 2, 1, 0])
Episode: 209; Tool: [-12.70473576  -4.29410362  -3.64184022  -4.43574619  -5.0167594
   2.14473724  -1.74971914  -0.63529593   7.87038803   2.28571224]; Score: [-11.38730202]; Action: ([0.47, 1.55, 1.14, 0.43, 1.69], [0, 2, 1, 0, 2])
Episode: 210; Tool: [-2.82544708 -0.11034623  0.46323305 -0.10027505  1.14027834 -0.2160065
 -1.08627582  0.37825346 -1.44682407 -0.38687497]; Score: [-13.16625675]; Action: ([1.89, 1.43, 0.79, 0.51, 1.91], [2, 2, 1, 0, 2])
Episode: 211; Tool: [-5.61967611 -3.56051111 -1.21462798 -1.54935813  1.83430505  1.04741681
  0.27301016  2.42695594 -2.064502   -2.74115849]; Score: [-13.21951412]; Action: ([0.74, 2.0, 0.34, 0.7, 0.22], [1, 2, 0, 1, 0])
Episode: 212; Tool: [-0.39450887  1.67866683  6.35636044 -0.03913766  1.52791512 -0.64220119
 -6.43306112 -4.70883751 -9.24332047 -2.566957  ]; Score: [-15.03923739]; Action: ([0.56, 0.01, 1.64, 1.5, 2.0], [0, 0, 2, 2, 2])
Episode: 213; Tool: [ 16.40101242  -3.88992858   9.9461565    8.89882946  -1.96452737
  -1.81986809  -7.46755266 -15.3019495  -15.93776321   1.64616644]; Score: [-31.07383346]; Action: ([0.54, 1.91, 1.34, 1.66, 1.78], [0, 2, 2, 2, 2])
Episode: 214; Tool: [-9.19619846 -4.97499466  0.68582577 -0.86525995  2.85616541 -0.78658628
  0.16399583  8.0593462  -4.35274696 -1.41393101]; Score: [-11.04252019]; Action: ([1.3, 1.21, 0.41, 1.16, 0.0], [1, 1, 0, 1, 0])
Episode: 215; Tool: [-13.22534943  14.86862755   6.57613611  -6.44358635  -8.32129383
   2.42446089  -9.46789837  -4.58867264  -5.0454607  -11.10702229]; Score: [-27.46882455]; Action: ([0.82, 2.0, 0.72, 0.0, 0.87], [1, 2, 1, 0, 1])
Episode: 216; Tool: [  1.81113338   0.39502236   7.36199141   1.27092719   1.39182711
  -1.3885504   -6.78849506  -6.64705086 -10.45050526  -0.89751303]; Score: [-15.63277267]; Action: ([0.58, 1.26, 1.8, 1.89, 0.65], [0, 1, 2, 2, 0])
Episode: 217; Tool: [-4.71055174 -1.67421341 -1.37326336 -0.53558642  1.73241436  1.39521301
 -0.44803327 -0.15025246 -1.42659116 -2.54213619]; Score: [-25.99065226]; Action: ([0.0, 1.26, 0.89, 0.93, 0.0], [0, 1, 1, 1, 0])
Episode: 218; Tool: [-6.37580395 -3.58116031 -4.60883236 -1.69647551  0.16810277  1.99082303
  3.94224739 -0.78897554 -2.81585217 -4.97461367]; Score: [-12.7730036]; Action: ([1.27, 0.4, 1.86, 1.18, 1.83], [1, 0, 2, 1, 2])
Episode: 219; Tool: [-4.51470852 -4.5803833  -0.76347321 -0.13811213  0.25919744 -0.79606676
 -1.62236762  0.14250299 -0.6270954   4.2362628 ]; Score: [-10.51132254]; Action: ([1.31, 0.95, 0.18, 1.4, 1.56], [1, 1, 0, 2, 2])
Episode: 220; Tool: [-7.67751408 -9.25809765 -0.6745134  -3.03777528 -1.023682   -2.2620616
 -1.97309601 -0.28036362 -0.69614965  8.95452118]; Score: [-14.26271093]; Action: ([1.6, 0.17, 1.35, 1.7, 1.91], [2, 0, 2, 2, 2])
Episode: 221; Tool: [-12.82190228  14.60053635   6.55338001  -6.4101305   -7.94670916
   2.40563297  -9.24084473  -4.56912279  -5.37123299 -11.17722321]; Score: [-9.86971994]; Action: ([1.05, 1.47, 2.0, 1.8, 1.79], [1, 2, 2, 2, 2])
Episode: 222; Tool: [-4.16187716 -2.20972228 -1.64599514 -1.2421453   1.1790638   1.24561477
  0.46503308  0.42117503 -1.5590142  -2.50251436]; Score: [-14.63393151]; Action: ([1.88, 2.0, 1.54, 0.81, 1.81], [2, 2, 2, 1, 2])
Episode: 223; Tool: [-8.44878197 -4.27448416  0.73569781 -0.99294454  1.93223417 -0.90680087
 -0.66605502  6.46381855 -4.11398792 -0.2637558 ]; Score: [-12.98426447]; Action: ([1.8, 1.73, 1.73, 1.11, 0.4], [2, 2, 2, 1, 0])
Episode: 224; Tool: [-6.34565735 -5.07239532 -5.59158134 -1.65299678  1.12123609  2.41725111
  2.28628993 -1.43858945 -1.52772486 -3.9241066 ]; Score: [-16.82901392]; Action: ([0.99, 0.23, 1.21, 0.57, 1.17], [1, 0, 1, 0, 1])
Episode: 225; Tool: [ 1.65363503 -0.59614778  2.93347526  3.95436311  0.87740207 -0.78014243
 -3.05496502 -2.78696585 -3.61851501  1.2157135 ]; Score: [-17.57888232]; Action: ([2.0, 1.1, 1.46, 0.0, 1.0], [2, 1, 2, 0, 1])
Episode: 226; Tool: [-4.92457485 -5.10002041 -4.33959007 -1.10012293  1.41266823  2.32776761
  1.31049216  0.05563827 -0.06932169 -2.41492605]; Score: [-18.27202975]; Action: ([0.4, 0.0, 1.44, 0.94, 1.46], [0, 0, 2, 1, 2])
Episode: 227; Tool: [ -8.15209484 -12.20290375  -3.11441422  -4.58792353  -3.36653376
  -2.34100127   0.87111926  -1.16119266   0.85903633  11.70699692]; Score: [-9.57781235]; Action: ([1.38, 0.41, 1.22, 0.99, 1.62], [2, 0, 1, 1, 2])
Episode: 228; Tool: [-15.63927269  -2.8255353   -4.12795639  -8.70455074 -11.15442371
   1.25008488   0.5432322   -4.18893909  14.88273048   5.62049055]; Score: [-15.19680406]; Action: ([1.88, 1.72, 1.56, 0.08, 0.39], [2, 2, 2, 0, 0])
Episode: 229; Tool: [-8.43172264 -4.86958027 -2.39218044 -3.14552951  1.55295372 -0.19896169
  0.87804806  0.13926107 -4.03116131 -1.08231819]; Score: [-12.5213002]; Action: ([1.57, 1.33, 1.62, 1.74, 1.62], [2, 1, 2, 2, 2])
Episode: 230; Tool: [-15.43515205  -1.80659056  -4.30554008  -7.54942322 -10.86930943
   1.43326175  -0.86928988  -3.9831214   13.90437508   4.89209414]; Score: [-11.00967723]; Action: ([1.89, 1.11, 0.67, 0.95, 1.83], [2, 1, 0, 1, 2])
Episode: 231; Tool: [-6.50313902  7.38982821  4.08320904 -3.10047364 -1.73169315  1.43532491
 -4.43838263 -2.54783392 -5.24677181 -7.03789234]; Score: [-17.29678955]; Action: ([0.87, 0.82, 1.54, 0.45, 1.35], [1, 1, 2, 0, 2])
Episode: 232; Tool: [-12.12679768  14.15436554   6.71430588  -6.55389977  -6.83820105
   2.56744576  -8.98318386  -4.61810541  -6.47238922 -11.66722107]; Score: [-18.33070331]; Action: ([1.35, 0.54, 1.14, 0.34, 1.28], [2, 0, 1, 0, 1])
Episode: 233; Tool: [-7.85552931 -3.24091887 -6.25759411 -1.95167613  0.12876114  3.02343678
  5.39289427 -3.36224461 -3.62192941 -6.86669874]; Score: [-22.03462568]; Action: ([0.89, 0.62, 0.0, 0.18, 0.86], [1, 0, 0, 0, 1])
Episode: 234; Tool: [  3.53555179  -0.19395187   7.87399101   2.05341554   1.03791416
  -1.45188236  -6.99447536  -7.88395596 -11.31807041  -0.3475951 ]; Score: [-22.08059873]; Action: ([0.14, 0.89, 1.91, 0.73, 0.49], [0, 1, 2, 1, 0])
Episode: 235; Tool: [-4.13605738  0.92181909  0.70086712  0.01753603  1.73549771  0.35407674
 -1.50007439 -0.48941982 -2.3781054  -2.38295841]; Score: [-15.05668439]; Action: ([0.82, 0.87, 1.23, 0.63, 1.69], [1, 1, 1, 0, 2])
Episode: 236; Tool: [  0.9538455    0.95350778   7.60738468   0.35504836   1.43322682
  -1.21085858  -7.21092796  -6.19866657 -11.27402496  -1.9647404 ]; Score: [-20.28686395]; Action: ([1.47, 0.76, 0.64, 0.13, 1.39], [2, 1, 0, 0, 2])
Episode: 237; Tool: [ 16.40101242  -3.88992858   9.9461565    8.89882946  -1.96452737
  -1.81986809  -7.46755266 -15.3019495  -15.93776321   1.64616644]; Score: [-24.90734618]; Action: ([1.31, 1.9, 1.05, 0.02, 1.43], [1, 2, 1, 0, 2])
Episode: 238; Tool: [-3.84869432 -5.21838045 -1.49202192 -1.86383462 -1.6078707  -1.49061942
  0.75089872  0.31834763 -0.52115101  5.13464928]; Score: [-8.56088081]; Action: ([1.69, 0.85, 0.89, 0.92, 0.59], [2, 1, 1, 1, 0])
Episode: 239; Tool: [-9.16141701 10.5282774   5.4417181  -4.92208242 -3.81709027  2.05317068
 -6.52283907 -3.51938462 -6.3121748  -9.48865604]; Score: [-10.97285674]; Action: ([1.68, 1.3, 0.87, 2.0, 1.58], [2, 1, 1, 2, 2])
Episode: 240; Tool: [  2.49717188   0.2417489    7.62315798   1.37723732   1.17234206
  -1.41982305  -6.90886354  -7.19328356 -11.01341915  -0.76089418]; Score: [-17.15101329]; Action: ([1.26, 1.75, 0.95, 0.65, 1.84], [1, 2, 1, 0, 2])
Episode: 241; Tool: [-9.78459072 -3.9976728  -0.04360537 -1.87511683 -1.28538644 -1.22208452
 -1.32051277  6.34594584 -4.04073095  1.58441114]; Score: [-10.68897961]; Action: ([0.68, 1.34, 0.81, 0.68, 0.0], [1, 2, 1, 1, 0])
Episode: 242; Tool: [-2.91435194 -3.11646557 -2.59871125 -0.2556048   1.08870292  1.43944812
  0.67147857  0.13365534  0.31984591 -1.17159748]; Score: [-17.60561147]; Action: ([1.79, 0.07, 0.57, 1.33, 0.04], [2, 0, 0, 1, 0])
Episode: 243; Tool: [-4.01897764 -4.64393997 -2.98254704 -3.58494782 -0.52677405  0.04486074
  1.8007021  -2.93743944  1.7587173   1.70179009]; Score: [-9.67079671]; Action: ([0.17, 0.84, 0.89, 0.66, 0.6], [0, 1, 1, 0, 0])
Episode: 244; Tool: [-10.47198391  11.5059824    5.55035639  -5.81055832  -5.7355876
   1.92927361  -7.85650587  -3.40406466  -5.12884521  -9.27654839]; Score: [-10.38057782]; Action: ([2.0, 1.68, 1.69, 1.05, 1.99], [2, 2, 2, 1, 2])
Episode: 245; Tool: [-7.40249109 -5.36362696  1.15988004 -2.16807246  1.87995434 -2.10577369
 -2.07268405  0.68879622 -3.02975869  3.98422861]; Score: [-12.51679337]; Action: ([1.6, 1.88, 1.39, 1.82, 0.91], [2, 2, 2, 2, 1])
Episode: 246; Tool: [-13.21054459  15.25646877   7.02187252  -6.80725002  -7.87497282
   2.62661195  -9.39410305  -4.94689941  -6.45299578 -12.22673702]; Score: [-14.55502931]; Action: ([0.75, 1.4, 1.55, 1.16, 1.58], [1, 2, 2, 1, 2])
Episode: 247; Tool: [-4.64285707 -1.79685736 -0.28928205 -0.36690581 -0.45459142 -0.19819734
 -0.27671912  3.22450876 -1.0456388  -0.04984662]; Score: [-12.27994895]; Action: ([0.93, 0.17, 1.7, 1.95, 0.96], [1, 0, 2, 2, 1])
Episode: 248; Tool: [-4.77594805 -4.68631649 -4.47729492 -1.13451624  0.15424934  2.02308059
  0.18162458 -0.96609885  0.68099487  0.1526663 ]; Score: [-12.05774782]; Action: ([1.31, 0.0, 0.76, 1.89, 1.11], [1, 0, 1, 2, 1])
Episode: 249; Tool: [-10.85930157  12.82765198   6.27121401  -6.02968693  -5.64462996
   2.4140327   -7.86275148  -4.31414127  -6.7370019  -11.07361889]; Score: [-13.19751367]; Action: ([1.82, 1.36, 0.57, 1.69, 1.49], [2, 2, 0, 2, 2])
Episode: 250; Tool: [-4.25241995 -5.01541281 -4.99836636 -0.90638214  1.13901579  2.30375266
  1.14733016 -1.50175405  0.09122105 -1.83917129]; Score: [-16.02625396]; Action: ([1.84, 1.0, 0.38, 0.44, 1.06], [2, 1, 0, 0, 1])
Episode: 251; Tool: [-14.43898582  16.73950195   8.03531933  -7.35259819  -7.39796591
   3.40205956  -9.81527519  -5.64013767  -8.16948986 -14.05816936]; Score: [-19.00523399]; Action: ([1.36, 1.64, 0.86, 0.92, 0.82], [2, 2, 1, 1, 1])
Episode: 252; Tool: [-6.68410349 -1.1162765  -2.33282661 -2.94125438 -4.01935244  0.71152329
 -0.39484081 -1.76006746  5.65488291  1.99111056]; Score: [-12.07808377]; Action: ([1.55, 1.93, 1.15, 0.18, 1.16], [2, 2, 1, 0, 1])
Episode: 253; Tool: [-8.33088017 -7.44584227 -6.63425255 -2.87385082  1.61446583  3.37747335
  2.71501708 -0.16308394 -1.87059343 -5.04298496]; Score: [-22.51222715]; Action: ([1.24, 1.17, 1.19, 0.4, 0.0], [1, 1, 1, 0, 0])
Episode: 254; Tool: [-2.96527791 -1.18493509 -0.33230677  0.16644703  1.51695621  0.07293831
 -1.67487812 -0.3533904  -0.84368461 -0.01207095]; Score: [-16.2109553]; Action: ([1.39, 1.64, 1.87, 1.74, 0.84], [2, 2, 2, 2, 1])
Episode: 255; Tool: [-6.7933569  -3.41281629 -3.08903003 -2.22978139 -2.50254464  1.39739513
 -0.75252527 -1.62901354  5.54302549  2.41825294]; Score: [-18.0970394]; Action: ([0.07, 2.0, 0.45, 1.99, 2.0], [0, 2, 0, 2, 2])
Episode: 256; Tool: [-4.47624731  4.6084199   4.50134087 -2.69097447 -0.59350896  0.52132249
 -5.26008987 -2.17854214 -6.48054886 -4.94560385]; Score: [-18.52546983]; Action: ([0.5, 1.83, 1.96, 0.51, 1.73], [0, 2, 2, 0, 2])
Episode: 257; Tool: [-5.2398243  -2.39628553 -2.81522632 -1.55026507  0.66805518  1.46631575
  2.55252743 -0.28181362 -2.63142657 -3.9052434 ]; Score: [-13.18062391]; Action: ([1.93, 0.92, 2.0, 1.75, 1.12], [2, 1, 2, 2, 1])
Episode: 258; Tool: [-8.91744518 -5.65548754 -8.01805592 -2.66510034  0.82559013  3.67568803
  4.64320374 -3.49687099 -2.97691321 -6.27148724]; Score: [-14.55217968]; Action: ([0.34, 0.87, 1.05, 1.01, 2.0], [0, 1, 1, 1, 2])
Episode: 259; Tool: [-5.65686274 -6.3455801  -6.51577854 -1.42953658  1.40734935  3.03014922
  1.65684366 -1.58136547  0.46903777 -2.46509171]; Score: [-13.62281713]; Action: ([1.03, 1.7, 1.19, 1.29, 1.87], [1, 2, 1, 1, 2])
Episode: 260; Tool: [-6.47320271 -5.13013506 -7.1340642  -2.21655083  0.66177243  2.80581784
  3.01455379 -3.3026433  -1.28782117 -3.79678726]; Score: [-10.98953645]; Action: ([0.81, 0.61, 1.13, 1.36, 1.96], [1, 0, 1, 2, 2])
Episode: 261; Tool: [-2.11013627 -3.14570379 -1.83395815 -0.8696366   0.34244928  0.29306728
 -0.12582314 -1.22374701  0.5902999   1.75393426]; Score: [-14.25740205]; Action: ([0.08, 0.08, 0.02, 0.93, 0.66], [0, 0, 0, 1, 0])
Episode: 262; Tool: [-8.81524658 10.41520119  5.41230106 -5.33319044 -3.88402677  2.04548788
 -6.38241625 -3.56905389 -6.7218647  -9.72377968]; Score: [-21.58674035]; Action: ([0.78, 1.53, 1.3, 1.25, 0.11], [1, 2, 1, 1, 0])
Episode: 263; Tool: [  2.16785479   0.41475686   7.49969196   1.41043639   1.26789057
  -1.33772182  -6.92194319  -6.91485739 -10.75312996  -0.91644204]; Score: [-19.54555669]; Action: ([1.81, 0.33, 2.0, 0.44, 0.21], [2, 0, 2, 0, 0])
Episode: 264; Tool: [-5.54099321 -4.62868023 -5.32770967 -2.37331438  0.27184972  2.00425196
  2.88001871 -2.14172339 -0.92605704 -3.33944273]; Score: [-19.87439214]; Action: ([0.16, 1.29, 0.82, 1.53, 0.62], [0, 1, 1, 2, 0])
Episode: 265; Tool: [-12.48948669  14.22152233   6.60716295  -6.63665676  -7.4099474
   2.42772579  -9.35904408  -4.42274523  -5.75063419 -11.2334795 ]; Score: [-15.88342493]; Action: ([1.57, 0.65, 1.27, 1.51, 0.39], [2, 0, 1, 2, 0])
Episode: 266; Tool: [-6.14757299 -3.93461013 -4.32813168 -0.71725947  1.68906558  1.42772579
  0.91809559 -1.4494766  -0.88958406 -1.75206637]; Score: [-12.49063354]; Action: ([1.88, 1.19, 0.87, 0.78, 1.35], [2, 1, 1, 1, 2])
Episode: 267; Tool: [ 16.40101242  -3.88992858   9.9461565    8.89882946  -1.96452737
  -1.81986809  -7.46755266 -15.3019495  -15.93776321   1.64616644]; Score: [-19.5919359]; Action: ([1.4, 1.45, 0.52, 0.3, 0.95], [2, 2, 0, 0, 1])
Episode: 268; Tool: [ 0.34274241  0.83411598  5.62285519  0.58096939  1.32152176 -0.88039255
 -5.52437115 -4.4422698  -8.18072224 -1.40200412]; Score: [-22.61941493]; Action: ([0.47, 1.21, 1.16, 0.59, 0.64], [0, 1, 1, 0, 0])
Episode: 269; Tool: [ 16.40101242  -3.88992858   9.9461565    8.89882946  -1.96452737
  -1.81986809  -7.46755266 -15.3019495  -15.93776321   1.64616644]; Score: [-16.82208323]; Action: ([1.72, 1.11, 0.2, 0.29, 0.37], [2, 1, 0, 0, 0])
Episode: 270; Tool: [ 16.40101242  -3.88992858   9.9461565    8.89882946  -1.96452737
  -1.81986809  -7.46755266 -15.3019495  -15.93776321   1.64616644]; Score: [-18.92348378]; Action: ([0.05, 2.0, 0.31, 1.05, 0.7], [0, 2, 0, 1, 1])
Episode: 271; Tool: [-4.22646475 -5.18376112  0.57346731 -3.49816728 -0.93149161 -2.07933688
 -0.18086024 -1.1972456   0.19892037  5.57154179]; Score: [-15.99722659]; Action: ([0.02, 0.73, 2.0, 2.0, 0.43], [0, 1, 2, 2, 0])
Episode: 272; Tool: [-7.36573839 -3.7757566  -4.58604527 -2.49935746  0.644122    2.04739213
  3.65709543 -0.77067989 -3.77591729 -5.24242544]; Score: [-12.19046536]; Action: ([0.89, 0.24, 0.87, 1.79, 1.29], [1, 0, 1, 2, 1])
Episode: 273; Tool: [-13.77237225 -17.87487411  -1.77722883  -6.42561817  -4.0983448
  -4.90040207  -0.85526145   0.21308678  -1.12840915  17.93110275]; Score: [-8.58693261]; Action: ([0.92, 0.69, 0.94, 1.29, 1.71], [1, 1, 1, 1, 2])
Episode: 274; Tool: [-4.80182552 -4.20725012 -3.30053425 -1.5570457   1.19201767  1.65081143
  1.22465241  0.56162113 -1.05021369 -2.44067812]; Score: [-11.63601105]; Action: ([1.85, 0.95, 1.32, 0.24, 1.51], [2, 1, 1, 0, 2])
Episode: 275; Tool: [-5.90102482 -3.41351819 -5.53594494 -1.53792     0.46289399  2.4201355
  3.41124916 -2.71714091 -2.05605245 -4.41308832]; Score: [-20.08155697]; Action: ([1.6, 1.9, 0.37, 1.77, 0.0], [2, 2, 0, 2, 0])
Episode: 276; Tool: [-10.43606567 -14.82381725  -3.11349177  -4.33382225  -3.92197728
  -2.98198843  -0.30659828  -0.24811739   0.03352001  14.58337784]; Score: [-10.60658902]; Action: ([0.65, 0.43, 1.09, 1.63, 1.58], [0, 0, 1, 2, 2])
Episode: 277; Tool: [-4.30083466 -1.06763029  0.21832283  0.83062613  2.23957849 -0.23948582
 -1.55086553  1.06457329 -0.92089999 -0.50488812]; Score: [-11.47945586]; Action: ([1.13, 0.03, 1.47, 1.64, 1.87], [1, 0, 2, 2, 2])
Episode: 278; Tool: [-5.1606822  -4.16123009 -5.76790667 -1.51860332  0.70930851  2.30368304
  2.28369856 -2.67918539 -0.74961513 -2.69402027]; Score: [-18.38876218]; Action: ([1.64, 1.31, 1.79, 0.8, 0.59], [2, 1, 2, 1, 0])
Episode: 279; Tool: [-12.31402969  13.85480118   6.85423565  -7.10426235  -6.59174156
   2.46278     -9.23246765  -4.29503822  -6.92285538 -11.71095371]; Score: [-12.39201019]; Action: ([0.88, 1.57, 1.55, 1.94, 1.53], [1, 2, 2, 2, 2])
Episode: 280; Tool: [-3.72784233 -1.48261285 -0.35856333  0.09468573  1.60469139 -0.00794129
 -1.57328355  0.07774866 -1.01735258  0.20440176]; Score: [-18.0023457]; Action: ([0.72, 1.23, 2.0, 1.28, 1.14], [1, 1, 2, 1, 1])
Episode: 281; Tool: [-8.72402382 -9.67878914 -8.00764847 -1.41503143  2.73308039  4.7934804
  1.55169845 -0.27820307  1.61902308 -2.62797356]; Score: [-16.00014871]; Action: ([1.24, 0.42, 0.55, 1.03, 0.69], [1, 0, 0, 1, 1])
Episode: 282; Tool: [-4.84991455 -3.57518148 -4.96561623 -1.28231454  0.64145678  2.09332538
  2.34879065 -2.13224316 -1.03978097 -3.00277042]; Score: [-11.13123264]; Action: ([1.92, 0.08, 0.66, 1.65, 1.04], [2, 0, 0, 2, 1])
Episode: 283; Tool: [-7.55947828  9.1172905   5.11886549 -5.14515066 -2.71539092  1.8396349
 -5.86599207 -3.19444084 -7.08769608 -9.27393341]; Score: [-21.8207855]; Action: ([1.69, 0.0, 1.74, 0.0, 0.65], [2, 0, 2, 0, 0])
Episode: 284; Tool: [-8.69191933 -4.45709372 -5.29864025 -4.88419724 -3.801265    1.47500932
  1.10383666 -3.93579483  6.39288282  2.35394287]; Score: [-12.92594147]; Action: ([1.75, 0.06, 1.15, 0.12, 0.88], [2, 0, 1, 0, 1])
Episode: 285; Tool: [-6.55308008 -5.50377607 -3.98151326 -0.81127     2.30951452  1.91182232
  0.41553071  0.54547149 -0.33453739 -1.77789402]; Score: [-20.98565959]; Action: ([1.16, 2.0, 0.0, 0.88, 1.09], [1, 2, 0, 1, 1])
Episode: 286; Tool: [ 2.3319788   0.25468084  6.6379137   1.91880083  1.05671728 -1.26463199
 -6.18873501 -6.27088213 -9.54367352 -0.52362442]; Score: [-19.60887411]; Action: ([0.28, 1.1, 0.71, 1.01, 1.65], [0, 1, 1, 1, 2])
Episode: 287; Tool: [-6.06893444 -3.45033503 -5.43648624 -1.7320807   0.55673814  2.29062462
  3.19543219 -2.6740737  -2.17204738 -4.16388845]; Score: [-14.31180671]; Action: ([0.32, 1.29, 1.04, 2.0, 1.45], [0, 1, 1, 2, 2])
Episode: 288; Tool: [-13.55575466  15.20313358   6.60701895  -6.59222412  -8.94350338
   2.3290441   -9.83834076  -4.59634304  -4.69987011 -11.08098888]; Score: [-15.76244809]; Action: ([1.29, 0.45, 1.65, 0.59, 1.32], [1, 0, 2, 0, 1])
Episode: 289; Tool: [-3.12028265 -1.03174841 -0.06539685  0.64507717  1.74749291  0.46585464
 -1.11068046  0.68134946 -0.5568071  -0.98632395]; Score: [-19.52505154]; Action: ([0.73, 0.57, 1.72, 0.99, 0.51], [1, 0, 2, 1, 0])
Episode: 290; Tool: [-10.0371294   -4.67145205   0.41812402  -2.06073856   0.31464133
  -0.97452068  -0.90995228   7.21756268  -4.59528637   0.32835835]; Score: [-10.79833359]; Action: ([0.51, 1.48, 0.7, 1.31, 0.27], [0, 2, 1, 1, 0])
Episode: 291; Tool: [-11.10441017  13.21390629   6.43604136  -6.09865189  -5.72118044
   2.58371472  -8.11430931  -4.49579144  -6.83202076 -11.38589096]; Score: [-22.68780374]; Action: ([1.03, 0.17, 0.36, 1.93, 0.29], [1, 0, 0, 2, 0])
Episode: 292; Tool: [-4.03478003 -1.55157697 -0.79753584  0.64421362  1.67888927  0.07534091
 -0.15539221  0.68608212 -0.86904615 -0.96308029]; Score: [-14.01726261]; Action: ([1.6, 1.3, 1.61, 1.83, 0.66], [2, 1, 2, 2, 0])
Episode: 293; Tool: [ 0.57802391  0.86786675  6.43438959  1.26613355  1.57470965 -1.10566831
 -6.33482647 -5.18946314 -9.00263786 -1.31661546]; Score: [-20.19576451]; Action: ([0.72, 0.75, 0.09, 1.19, 1.69], [1, 1, 0, 1, 2])
Episode: 294; Tool: [-4.71126223 -3.4052608  -4.96950054 -1.44388556  0.55158359  1.92771053
  2.23226595 -2.3460784  -1.14051056 -2.81580305]; Score: [-19.5962461]; Action: ([0.0, 0.81, 1.43, 1.32, 0.89], [0, 1, 2, 1, 1])
Episode: 295; Tool: [ -9.97926521 -12.82353115  -2.71922779  -3.97110105  -3.13264298
  -2.44655585  -0.29834625  -0.43880284   0.57020527  12.3834362 ]; Score: [-10.72669933]; Action: ([0.47, 1.5, 0.98, 1.73, 0.55], [0, 2, 1, 2, 0])
Episode: 296; Tool: [-2.19128132 -0.57297778 -0.01372637  0.61569285  0.83922207 -0.05380118
 -0.39894491  0.95828706 -0.00231705 -0.30849922]; Score: [-19.77569925]; Action: ([1.24, 1.91, 1.18, 0.17, 1.69], [1, 2, 1, 0, 2])
Episode: 297; Tool: [-13.70541286  16.0704689    7.55899334  -7.33415365  -7.96376181
   2.88028908  -9.98186302  -5.29326773  -7.28120899 -13.23336983]; Score: [-18.87556707]; Action: ([0.39, 0.78, 0.64, 1.12, 1.79], [0, 1, 0, 1, 2])
Episode: 298; Tool: [-12.70473576  -4.29410362  -3.64184022  -4.43574619  -5.0167594
   2.14473724  -1.74971914  -0.63529593   7.87038803   2.28571224]; Score: [-11.71295203]; Action: ([1.32, 1.67, 0.99, 1.62, 1.88], [1, 2, 1, 2, 2])
Episode: 299; Tool: [-6.32526064 -2.3965559  -2.40738726 -3.47781634 -3.38032985  0.6888597
  0.80353045 -1.87068677  5.76408291  2.38087988]; Score: [-8.81618275]; Action: ([0.97, 1.8, 0.77, 1.22, 0.77], [1, 2, 1, 1, 1])
Episode: 300; Tool: [-13.90747261 -17.612957    -1.28642964  -8.00937176  -4.61904907
  -5.17196417  -0.42807695  -0.94307834  -0.11415577  18.00434113]; Score: [-12.45726159]; Action: ([1.39, 1.59, 0.25, 1.41, 0.29], [2, 2, 0, 2, 0])
