Episode: 1; Tool: [ 16.40101242  -3.88992858   9.9461565    8.89882946  -1.96452737
  -1.81986809  -7.46755266 -15.3019495  -15.93776321   1.64616644]; Score: [-22.9724387]; Action: ([0.3, 1.3, 1.54, 1.85, 0.19], [0, 1, 2, 2, 0])
Episode: 2; Tool: [-6.85124636 -5.26956224 -6.80177593 -2.20241165  0.87885952  2.87078118
  3.00981045 -2.69610119 -1.58645082 -4.09275007]; Score: [-13.8741275]; Action: ([0.51, 0.3, 0.99, 1.86, 1.13], [0, 0, 1, 2, 1])
Episode: 3; Tool: [-6.16014624 -7.56909847 -0.94184238 -3.27544713 -1.21429467 -1.82638323
 -0.66409791 -0.82130527  0.41152063  7.3968482 ]; Score: [-10.42779286]; Action: ([1.16, 1.0, 1.61, 1.38, 0.11], [1, 1, 2, 2, 0])
Episode: 4; Tool: [-1.30896211 -1.10924113  2.29090714  1.81944942  2.07209444 -0.65594888
 -2.51260853 -1.44271183 -2.64757466  0.34919879]; Score: [-28.32900058]; Action: ([0.0, 0.98, 1.73, 0.23, 0.0], [0, 1, 2, 0, 0])
Episode: 5; Tool: [-10.86896896  -1.84853208  -3.72897458  -4.96706486  -6.87168932
   1.27359128  -0.71008039  -2.95075512   9.38027382   3.33965063]; Score: [-13.73802167]; Action: ([0.24, 0.79, 1.24, 0.09, 0.0], [0, 1, 1, 0, 0])
Episode: 6; Tool: [ 1.77172136  0.29218373  6.61535931  1.23012233  1.18610597 -1.33941627
 -6.04871893 -6.07713127 -9.40057468 -0.68352664]; Score: [-14.0217665]; Action: ([2.0, 1.64, 0.61, 1.4, 1.57], [2, 2, 0, 2, 2])
Episode: 7; Tool: [-6.31828117 -4.36851406 -2.91690922 -1.21836782  1.83834183  1.53457654
  1.02512515  1.10801518 -1.6225667  -2.8384366 ]; Score: [-16.11437611]; Action: ([0.86, 0.73, 0.99, 2.0, 0.11], [1, 1, 1, 2, 0])
Episode: 8; Tool: [ 16.40101242  -3.88992858   9.9461565    8.89882946  -1.96452737
  -1.81986809  -7.46755266 -15.3019495  -15.93776321   1.64616644]; Score: [-29.44331076]; Action: ([0.6, 0.92, 1.7, 1.63, 2.0], [0, 1, 2, 2, 2])
Episode: 9; Tool: [-4.01965284 -3.66429043 -3.27495646 -1.43580914  0.94927943  0.79989672
  0.53369951 -1.12321305 -0.11384968 -0.17475575]; Score: [-16.45284472]; Action: ([0.77, 1.33, 1.42, 0.85, 1.55], [1, 1, 2, 1, 2])
Episode: 10; Tool: [-0.40223554  1.30812073  6.18397903  0.4587391   1.63896775 -0.92431128
 -6.26362991 -4.40354109 -8.86797714 -2.08078432]; Score: [-15.6574011]; Action: ([0.79, 1.14, 1.38, 1.14, 1.16], [1, 1, 2, 1, 1])
Episode: 11; Tool: [-8.83810711 -9.9822998  -0.21648197 -3.40544438 -1.34140968 -3.30291915
 -1.31813717  0.49735516 -1.09766102 10.16081333]; Score: [-9.13989051]; Action: ([1.48, 0.65, 1.52, 1.02, 0.66], [2, 0, 2, 1, 0])
Episode: 12; Tool: [-13.12812042  14.72074604   6.53543568  -6.21930552  -7.98394346
   2.45971036  -8.94669437  -4.60482407  -5.29989481 -11.1168108 ]; Score: [-12.38855661]; Action: ([1.69, 0.84, 0.3, 2.0, 1.97], [2, 1, 0, 2, 2])
Episode: 13; Tool: [-2.20499492 -0.76197314 -0.00304691  1.2591114   1.22823906 -0.25447214
 -0.58270919 -0.03869622 -0.95640665 -0.319886  ]; Score: [-18.98945548]; Action: ([0.26, 1.05, 1.71, 0.49, 1.44], [0, 1, 2, 0, 2])
Episode: 14; Tool: [ 2.71234959e-01  7.70679951e-01  5.73677063e+00  4.21923399e-03
  1.25410223e+00 -9.59144235e-01 -5.48515368e+00 -4.47848940e+00
 -8.59252739e+00 -1.56733882e+00]; Score: [-15.34933785]; Action: ([1.24, 0.5, 0.61, 1.57, 1.5], [1, 0, 0, 2, 2])
Episode: 15; Tool: [-6.11476803 -4.15213346 -3.36945128 -1.43402123  1.23267651  2.25499725
  2.56109524  0.87292928 -2.17497587 -4.65711737]; Score: [-10.94564018]; Action: ([1.79, 0.93, 0.04, 0.73, 1.07], [2, 1, 0, 1, 1])
Episode: 16; Tool: [-6.41385746 -7.25957918 -7.82842922 -1.87847042  1.46511364  3.43000054
  1.83939111 -2.38840437  0.55883652 -2.54329062]; Score: [-19.30790268]; Action: ([0.17, 1.61, 0.19, 1.31, 1.8], [0, 2, 0, 1, 2])
Episode: 17; Tool: [-4.0169816  -1.62102211 -1.26621473 -0.16112119  1.34279513  0.13498734
  0.16977073  0.13171166 -1.17372489 -0.95622003]; Score: [-14.70331083]; Action: ([1.68, 0.48, 1.93, 0.67, 1.45], [2, 0, 2, 1, 2])
Episode: 18; Tool: [ 16.40101242  -3.88992858   9.9461565    8.89882946  -1.96452737
  -1.81986809  -7.46755266 -15.3019495  -15.93776321   1.64616644]; Score: [-18.4367962]; Action: ([0.19, 0.9, 1.04, 1.75, 0.3], [0, 1, 1, 2, 0])
Episode: 19; Tool: [-11.82737064  13.61509705   6.23149109  -6.0410428   -7.0283637
   2.334867    -8.59246254  -4.3391614   -5.44902182 -10.69481754]; Score: [-25.02902566]; Action: ([1.8, 1.08, 0.78, 0.0, 0.08], [2, 1, 1, 0, 0])
Episode: 20; Tool: [-10.47198391  11.5059824    5.55035639  -5.81055832  -5.7355876
   1.92927361  -7.85650587  -3.40406466  -5.12884521  -9.27654839]; Score: [-23.79245745]; Action: ([0.37, 0.28, 0.0, 1.83, 1.12], [0, 0, 0, 2, 1])
Episode: 21; Tool: [-7.65862656  8.45401096  4.56807566 -3.45695782 -2.10051751  1.81722617
 -5.14840078 -2.82687473 -5.38969278 -7.69394541]; Score: [-16.38269328]; Action: ([1.81, 0.17, 1.64, 0.8, 0.78], [2, 0, 2, 1, 1])
Episode: 22; Tool: [-6.12038946 -6.81809378 -7.65830851 -2.04309058  1.16922867  3.16842222
  1.99454725 -2.53072119  0.0580778  -2.93223858]; Score: [-11.5939897]; Action: ([1.15, 0.81, 1.39, 1.48, 1.38], [1, 1, 2, 2, 2])
Episode: 23; Tool: [-0.18565515  1.14104104  6.34673882 -0.30661851  1.32341754 -1.05474448
 -6.00922537 -4.77366161 -9.078372   -1.96155131]; Score: [-21.45695702]; Action: ([0.49, 0.87, 1.17, 0.95, 0.48], [0, 1, 1, 1, 0])
Episode: 24; Tool: [-4.17390203 -3.4994576  -1.47876191 -0.27856287  1.79054153  1.29916751
  0.28543726  1.93621409 -0.2116767  -1.3586762 ]; Score: [-16.01615549]; Action: ([0.0, 1.71, 1.49, 0.0, 1.7], [0, 2, 2, 0, 2])
Episode: 25; Tool: [-6.24424458 -1.94906449 -0.50160617 -0.02275136  2.46008658  0.05707689
 -0.9619953   1.11708248 -1.94730353 -1.28379691]; Score: [-14.08407869]; Action: ([1.33, 0.95, 0.81, 0.48, 1.63], [1, 1, 1, 0, 2])
Episode: 26; Tool: [-11.7786026   -4.23903799  -7.635952    -3.83071709  -1.5236249
   3.59626865   9.1091404   -4.18330097  -3.84533978  -8.72985744]; Score: [-19.4544074]; Action: ([0.82, 1.51, 0.55, 0.2, 1.84], [1, 2, 0, 0, 2])
Episode: 27; Tool: [-4.45785284 -2.0001626  -1.80954611 -0.52447635  1.32335663  0.45659661
  0.48346654 -0.09580346 -1.31926692 -1.27650058]; Score: [-15.99744637]; Action: ([0.56, 0.63, 1.48, 1.12, 1.2], [0, 0, 2, 1, 1])
Episode: 28; Tool: [  1.4881382    0.73533154   7.26136351   0.96685284   1.25830412
  -1.2286483   -6.7837472   -6.3649683  -10.35718155  -1.31061018]; Score: [-25.02065595]; Action: ([0.31, 1.8, 1.68, 0.32, 0.62], [0, 2, 2, 0, 0])
Episode: 29; Tool: [-4.91806793  0.16332459  1.59785843  0.21435215  2.31839705 -0.49941516
 -1.84048128  1.48520482 -2.36994958 -1.24466074]; Score: [-20.33606344]; Action: ([0.31, 1.51, 0.71, 0.73, 1.29], [0, 2, 1, 1, 1])
Episode: 30; Tool: [ 16.40101242  -3.88992858   9.9461565    8.89882946  -1.96452737
  -1.81986809  -7.46755266 -15.3019495  -15.93776321   1.64616644]; Score: [-19.44067187]; Action: ([1.15, 0.17, 1.19, 0.29, 1.65], [1, 0, 1, 0, 2])
Episode: 31; Tool: [-3.97780085 -1.78927922 -1.733199   -3.06556153 -2.11846495 -0.09400819
  1.75446892 -2.2639215   3.01791596  1.44854331]; Score: [-12.76697145]; Action: ([2.0, 0.5, 1.12, 1.93, 0.75], [2, 0, 1, 2, 1])
Episode: 32; Tool: [-5.12776899 -0.49661264  0.59747666  0.50733173  2.34083462 -0.34257513
 -1.67242932  0.81181759 -2.01877928 -1.25779593]; Score: [-18.0503987]; Action: ([0.64, 1.22, 0.79, 0.66, 1.23], [0, 1, 1, 0, 1])
Episode: 33; Tool: [-4.4771924  -2.26152658  0.43075353 -0.3728278   1.6854378  -0.11509956
 -0.34227905  3.26355982 -1.72087395 -0.90597737]; Score: [-11.67553799]; Action: ([1.84, 0.61, 0.09, 1.26, 0.93], [2, 0, 0, 1, 1])
Episode: 34; Tool: [-2.4456439  -1.5722301  -0.77905679  0.59549791  1.16743267  0.18111987
 -0.25992832  0.25952691 -0.62228996 -0.66520733]; Score: [-17.28628218]; Action: ([1.68, 0.93, 0.12, 0.72, 0.71], [2, 1, 0, 1, 1])
Episode: 35; Tool: [-9.02730942 -5.91039038 -7.80195856 -3.19174218 -0.1788995   3.59694076
  5.61469746 -3.3058219  -2.01253247 -6.63265419]; Score: [-15.26667819]; Action: ([1.57, 0.48, 0.95, 0.24, 1.25], [2, 0, 1, 0, 1])
Episode: 36; Tool: [-6.27531767 -3.09699178 -0.95797354  0.31630364  2.98895693  1.1886915
 -1.45665193  1.51092875 -0.835513   -1.64744937]; Score: [-22.40201782]; Action: ([0.0, 0.67, 0.36, 0.8, 0.8], [0, 0, 0, 1, 1])
Episode: 37; Tool: [-13.1505146   -2.65419793  -4.48981762  -5.82748032  -7.957376
   1.80339837  -0.67442656  -3.11494446  11.15053749   3.6324935 ]; Score: [-14.21237118]; Action: ([0.82, 0.0, 1.71, 1.51, 0.1], [1, 0, 2, 2, 0])
Episode: 38; Tool: [-9.35970497 11.14547157  5.47611284 -5.25302267 -4.6191926   2.22279382
 -7.0837326  -3.80582666 -5.85483122 -9.67982101]; Score: [-18.04197749]; Action: ([0.78, 1.8, 1.73, 0.48, 1.61], [1, 2, 2, 0, 2])
Episode: 39; Tool: [-2.63554692 -1.81021631 -1.27822781  0.66387987  1.09143066  0.41252911
 -0.0319104  -0.50053197 -0.92194349 -0.95403075]; Score: [-20.36738074]; Action: ([0.36, 1.14, 1.31, 0.97, 0.67], [0, 1, 1, 1, 1])
Episode: 40; Tool: [-12.42059898  14.70727062   7.36847925  -7.1960535   -6.24597788
   2.89599705  -9.21177197  -4.96080589  -8.15428162 -13.03923225]; Score: [-20.5036089]; Action: ([0.38, 1.09, 0.65, 0.64, 1.82], [0, 1, 0, 0, 2])
Episode: 41; Tool: [ 16.40101242  -3.88992858   9.9461565    8.89882946  -1.96452737
  -1.81986809  -7.46755266 -15.3019495  -15.93776321   1.64616644]; Score: [-19.9519331]; Action: ([0.1, 1.34, 1.28, 1.23, 0.76], [0, 2, 1, 1, 1])
Episode: 42; Tool: [-5.41164446 -3.3963511  -1.02668989  0.07137474  1.74997354  1.23456669
 -0.31706616  2.67579436  0.04134728 -1.47209036]; Score: [-11.23107169]; Action: ([0.98, 1.9, 0.88, 0.2, 1.45], [1, 2, 1, 0, 2])
Episode: 43; Tool: [-10.51351643 -10.79667854  -1.3942647   -4.53699207  -2.04303622
  -2.42494774  -2.02649021  -0.43238515   0.27675077  10.4191618 ]; Score: [-10.7089697]; Action: ([0.22, 0.63, 1.47, 1.06, 0.46], [0, 0, 2, 1, 0])
Episode: 44; Tool: [-3.73230529 -2.46307898 -1.800372   -0.95481616  0.87985635  0.57670993
  0.77449238  0.52135885 -0.98899573 -1.45915222]; Score: [-15.80892916]; Action: ([0.83, 0.93, 1.21, 0.71, 1.32], [1, 1, 1, 1, 1])
Episode: 45; Tool: [-7.40249109 -5.36362696  1.15988004 -2.16807246  1.87995434 -2.10577369
 -2.07268405  0.68879622 -3.02975869  3.98422861]; Score: [-10.56150059]; Action: ([1.18, 0.54, 1.64, 1.07, 0.21], [1, 0, 2, 1, 0])
Episode: 46; Tool: [-2.14137173 -1.83990991 -0.46524435  1.44505644  1.26880336  0.12999137
 -0.84609461 -0.70645636 -1.40519834 -0.54491037]; Score: [-19.27570464]; Action: ([1.62, 0.58, 0.95, 0.3, 1.03], [2, 0, 1, 0, 1])
Episode: 47; Tool: [-4.87555981 -2.77439213 -2.70598173 -0.42281264  1.36299884  1.11986482
  1.01914573 -0.31103453 -1.09858024 -2.00531054]; Score: [-21.04760179]; Action: ([0.52, 0.61, 0.29, 0.48, 0.87], [0, 0, 0, 0, 1])
Episode: 48; Tool: [-7.0561347  -4.36583948 -0.78225845 -1.54009843  1.28077817  0.15831049
 -0.79539943  3.79813862 -3.0214448   0.17796701]; Score: [-13.32859585]; Action: ([1.94, 1.39, 1.29, 0.06, 1.49], [2, 2, 1, 0, 2])
Episode: 49; Tool: [ 16.40101242  -3.88992858   9.9461565    8.89882946  -1.96452737
  -1.81986809  -7.46755266 -15.3019495  -15.93776321   1.64616644]; Score: [-22.22357129]; Action: ([1.61, 1.03, 0.08, 1.22, 1.27], [2, 1, 0, 1, 1])
Episode: 50; Tool: [-5.31609917 -1.45214403 -2.17474365 -1.65762925 -2.26731467  0.96428716
 -0.42312768 -0.83652848  3.81446767  0.90228295]; Score: [-11.97781386]; Action: ([0.63, 1.16, 0.5, 0.41, 0.01], [0, 1, 0, 0, 0])
Episode: 51; Tool: [ 1.05971432  0.80427539  6.85475349  0.6905691   1.36842251 -1.11128449
 -6.5106225  -5.80864429 -9.93106842 -1.4938097 ]; Score: [-12.08088246]; Action: ([1.78, 1.03, 1.13, 0.96, 1.63], [2, 1, 1, 1, 2])
Episode: 52; Tool: [-12.01940632  13.87873745   6.46451664  -6.08408546  -6.71900797
   2.52580738  -8.38712406  -4.54150438  -6.10527325 -11.20556641]; Score: [-16.69322948]; Action: ([0.88, 1.44, 2.0, 0.34, 1.58], [1, 2, 2, 0, 2])
Episode: 53; Tool: [-5.77679968 -4.11428547 -4.83642292 -1.86644435  0.84571195  2.15307212
  2.4315846  -1.35908449 -1.74139035 -3.6007781 ]; Score: [-11.82919294]; Action: ([0.42, 0.29, 1.37, 0.54, 0.45], [0, 0, 2, 0, 0])
Episode: 54; Tool: [ 16.40101242  -3.88992858   9.9461565    8.89882946  -1.96452737
  -1.81986809  -7.46755266 -15.3019495  -15.93776321   1.64616644]; Score: [-26.44969569]; Action: ([0.73, 1.76, 1.94, 1.32, 0.34], [1, 2, 2, 1, 0])
Episode: 55; Tool: [-5.81552076 -1.15848172  0.2287109  -3.51898265 -3.71197414 -0.92579031
 -1.15301168 -1.0589869   3.80580759  3.1127286 ]; Score: [-16.05983199]; Action: ([1.87, 0.01, 1.35, 1.7, 1.98], [2, 0, 2, 2, 2])
Episode: 56; Tool: [-13.7756834   15.83234215   7.26158476  -7.23152399  -8.46030998
   2.69103765 -10.34782219  -4.97083187  -6.11387587 -12.37248707]; Score: [-21.87720829]; Action: ([0.6, 0.92, 0.22, 0.63, 1.72], [0, 1, 0, 0, 2])
Episode: 57; Tool: [-6.3836236  -5.51316929 -5.39413452 -1.55605745  0.30215445  2.73315096
  0.69213301 -1.32939041  2.84723568 -0.32553577]; Score: [-13.46650756]; Action: ([1.84, 1.22, 1.87, 1.71, 0.53], [2, 1, 2, 2, 0])
Episode: 58; Tool: [-9.04020596 -5.68994188 -7.98890209 -2.53786874  0.86744153  3.56501293
  4.56957436 -3.40263081 -3.12072277 -6.48461962]; Score: [-25.54279217]; Action: ([0.96, 1.91, 1.66, 0.03, 0.8], [1, 2, 2, 0, 1])
Episode: 59; Tool: [-7.81135368  8.62448692  4.69340467 -3.53202009 -2.13423181  1.82923722
 -5.30198574 -2.87418318 -5.53766918 -7.87271595]; Score: [-25.92979022]; Action: ([0.09, 0.84, 0.86, 0.58, 0.62], [0, 1, 1, 0, 0])
Episode: 60; Tool: [-5.6492033  -2.3451972  -0.91669482 -0.73244071  1.27457428  0.04569931
  0.61102414  1.90278804 -2.71364856 -1.82301545]; Score: [-13.56439738]; Action: ([1.94, 1.55, 1.93, 1.11, 1.56], [2, 2, 2, 1, 2])
Episode: 61; Tool: [-6.0980978  -4.09678364 -2.79669428 -1.1473093   1.92679203  0.98300242
  0.3037419   0.73043889 -1.37551022 -1.82635295]; Score: [-13.59120011]; Action: ([1.65, 1.55, 1.23, 0.83, 1.59], [2, 2, 1, 1, 2])
Episode: 62; Tool: [-8.68744755 -2.63462448 -3.66091371 -2.89444947 -3.82947612  1.76992917
 -0.6618042  -1.5271939   6.41477394  1.58163416]; Score: [-10.87992657]; Action: ([1.67, 1.84, 1.2, 1.33, 0.78], [2, 2, 1, 1, 1])
Episode: 63; Tool: [-4.78635883 -2.6411097  -2.28964233 -1.76002026  0.81170166  0.41545153
  1.72146165 -0.04633554 -2.47719073 -2.07174301]; Score: [-8.21387812]; Action: ([0.81, 0.71, 0.42, 0.87, 0.82], [1, 1, 0, 1, 1])
Episode: 64; Tool: [-9.50678158 -5.98175335 -0.60927522 -1.61830807  0.84041214 -0.72830862
  0.97941434  8.68359947 -4.96559572 -0.31524849]; Score: [-11.41781266]; Action: ([0.43, 1.14, 1.43, 1.62, 1.73], [0, 1, 2, 2, 2])
Episode: 65; Tool: [  0.38574073   1.04346704   7.48988104   0.13536996   1.37779629
  -1.32932389  -6.92012072  -5.97327328 -10.39376831  -1.76037443]; Score: [-16.0026737]; Action: ([1.08, 0.76, 1.9, 1.41, 0.35], [1, 1, 2, 2, 0])
Episode: 66; Tool: [-13.08835602  14.88289928   6.69687843  -6.42368221  -7.97723722
   2.46965265  -9.04938221  -4.72751713  -5.73679161 -11.50580788]; Score: [-17.14081262]; Action: ([0.96, 0.93, 0.63, 0.89, 1.66], [1, 1, 0, 1, 2])
Episode: 67; Tool: [-5.88707542 -5.62388182 -6.48584032 -1.54133248  1.14472365  2.92911243
  2.22024179 -2.13306737 -0.25186917 -3.02198458]; Score: [-11.80626284]; Action: ([1.38, 0.34, 1.02, 1.61, 0.9], [2, 0, 1, 2, 1])
Episode: 68; Tool: [-10.54815865  12.34266567   6.34352636  -6.2496419   -4.84987354
   2.48450708  -7.78923082  -4.14400101  -7.36800528 -11.20168972]; Score: [-20.87112963]; Action: ([1.94, 0.01, 0.38, 1.0, 0.77], [2, 0, 0, 1, 1])
Episode: 69; Tool: [ -8.51002026 -11.69350147  -3.68022799  -4.28522778  -3.42906237
  -2.04037094   1.35675192  -0.64140755   0.92243594  10.89111328]; Score: [-11.92789948]; Action: ([0.9, 0.02, 1.49, 0.25, 1.23], [1, 0, 2, 0, 1])
Episode: 70; Tool: [-7.90830612 -8.73631191 -9.01416016 -2.19348598  1.63432121  4.28305197
  2.78079057 -2.09406209 -0.03610638 -4.47180843]; Score: [-18.02143289]; Action: ([1.86, 0.62, 1.11, 0.0, 0.68], [2, 0, 1, 0, 1])
Episode: 71; Tool: [ 16.40101242  -3.88992858   9.9461565    8.89882946  -1.96452737
  -1.81986809  -7.46755266 -15.3019495  -15.93776321   1.64616644]; Score: [-28.33854188]; Action: ([0.66, 1.92, 1.22, 2.0, 0.77], [0, 2, 1, 2, 1])
Episode: 72; Tool: [-7.8760376  -4.5074358  -4.60902548 -2.60910153 -2.21976352  2.18494177
 -0.18286435 -1.61870158  4.87729692  1.82597339]; Score: [-12.21019468]; Action: ([1.33, 0.7, 0.59, 1.94, 0.27], [1, 1, 0, 2, 0])
Episode: 73; Tool: [-4.54828787 -5.17716646 -1.52221692 -2.33471918 -1.6167686  -0.86699361
 -0.46144181 -0.77544814  0.92450947  5.16147089]; Score: [-14.09860948]; Action: ([1.84, 0.13, 0.05, 0.98, 0.46], [2, 0, 0, 1, 0])
Episode: 74; Tool: [ -8.84440041  -9.9733839  -10.42755127  -2.6616497    1.77294683
   4.83285952   2.89789772  -2.71596932   0.19161963  -4.60088968]; Score: [-18.7879559]; Action: ([1.2, 0.47, 1.31, 0.28, 0.77], [1, 0, 1, 0, 1])
Episode: 75; Tool: [-14.32056618  16.42978096   7.46304655  -7.31711388  -8.85525322
   2.76529026 -10.35110283  -5.22028732  -6.37732935 -12.82888603]; Score: [-19.14283752]; Action: ([1.19, 0.62, 0.88, 0.79, 0.85], [1, 0, 1, 1, 1])
Episode: 76; Tool: [ 16.40101242  -3.88992858   9.9461565    8.89882946  -1.96452737
  -1.81986809  -7.46755266 -15.3019495  -15.93776321   1.64616644]; Score: [-15.99790531]; Action: ([0.06, 0.42, 1.37, 0.96, 0.84], [0, 0, 2, 1, 1])
Episode: 77; Tool: [-12.01940632  13.87873745   6.46451664  -6.08408546  -6.71900797
   2.52580738  -8.38712406  -4.54150438  -6.10527325 -11.20556641]; Score: [-18.78051615]; Action: ([1.67, 1.58, 0.61, 1.46, 0.47], [2, 2, 0, 2, 0])
Episode: 78; Tool: [-6.33533907 -2.91029978  0.86155301 -0.09181386  2.79925632 -0.05202852
 -0.89048564  4.26885033 -1.86917806 -1.44384503]; Score: [-8.76933198]; Action: ([1.12, 1.8, 0.8, 0.77, 1.16], [1, 2, 1, 1, 1])
Episode: 79; Tool: [-9.79830933 11.59387207  5.59702349 -5.34919405 -5.07363415  2.20423698
 -7.14221478 -3.93472767 -5.93124676 -9.93932915]; Score: [-18.80596014]; Action: ([1.04, 0.51, 0.0, 1.84, 1.45], [1, 0, 0, 2, 2])
Episode: 80; Tool: [ 16.40101242  -3.88992858   9.9461565    8.89882946  -1.96452737
  -1.81986809  -7.46755266 -15.3019495  -15.93776321   1.64616644]; Score: [-20.12245436]; Action: ([0.57, 1.21, 1.55, 1.21, 0.17], [0, 1, 2, 1, 0])
Episode: 81; Tool: [ 16.40101242  -3.88992858   9.9461565    8.89882946  -1.96452737
  -1.81986809  -7.46755266 -15.3019495  -15.93776321   1.64616644]; Score: [-27.89912533]; Action: ([1.67, 0.99, 1.86, 1.6, 0.37], [2, 1, 2, 2, 0])
Episode: 82; Tool: [-6.74526978 -2.84706187 -5.06450987 -2.68061566 -0.75742364  2.03298616
  4.63026094 -3.55081987 -1.05135834 -3.67845392]; Score: [-11.3967817]; Action: ([1.86, 1.26, 1.04, 0.87, 1.61], [2, 1, 1, 1, 2])
Episode: 83; Tool: [-7.31964159 -6.53793955 -6.16907501 -1.59848452  1.09569907  3.75389981
  0.1234988  -1.20612276  1.17818499 -1.68679047]; Score: [-25.00316714]; Action: ([1.55, 1.43, 0.4, 0.0, 0.13], [2, 2, 0, 0, 0])
Episode: 84; Tool: [  2.19809389   0.42864451   7.40163898   1.46456456   1.26212454
  -1.32612252  -6.83227158  -6.90462255 -10.53166962  -0.87052119]; Score: [-7.46897142]; Action: ([1.86, 0.98, 1.68, 1.52, 1.91], [2, 1, 2, 2, 2])
Episode: 85; Tool: [ 16.40101242  -3.88992858   9.9461565    8.89882946  -1.96452737
  -1.81986809  -7.46755266 -15.3019495  -15.93776321   1.64616644]; Score: [-25.98413029]; Action: ([0.7, 1.36, 0.42, 1.62, 1.94], [1, 2, 0, 2, 2])
Episode: 86; Tool: [ 16.40101242  -3.88992858   9.9461565    8.89882946  -1.96452737
  -1.81986809  -7.46755266 -15.3019495  -15.93776321   1.64616644]; Score: [-27.20560187]; Action: ([0.14, 1.04, 1.21, 1.81, 2.0], [0, 1, 1, 2, 2])
Episode: 87; Tool: [-6.62696457 -3.44106603 -5.78009701 -2.40940857 -0.27974841  2.31659126
  4.23010015 -3.49856853 -1.55250382 -4.13639784]; Score: [-15.45923787]; Action: ([0.51, 1.61, 1.63, 1.65, 1.97], [0, 2, 2, 2, 2])
Episode: 88; Tool: [-13.15297508  14.96470261   6.82466221  -6.55528259  -7.74251795
   2.64495826  -9.33433533  -4.77250004  -5.88677216 -11.69413662]; Score: [-12.43001572]; Action: ([0.78, 0.64, 1.55, 1.88, 1.48], [1, 0, 2, 2, 2])
Episode: 89; Tool: [ -8.55837631 -11.2335043   -2.93005109  -3.227458    -1.84572053
  -1.88116717  -0.21230327  -0.48232514   0.20828363  10.08076191]; Score: [-7.65802356]; Action: ([1.33, 1.42, 0.87, 0.93, 0.8], [2, 2, 1, 1, 1])
Episode: 90; Tool: [-4.54577255 -2.36878777 -0.9980666  -0.26296067  2.13668728  1.23450255
 -1.05520308  0.83462405 -0.57339317 -1.29803145]; Score: [-19.22923622]; Action: ([0.0, 0.66, 0.24, 1.55, 1.0], [0, 0, 0, 2, 1])
Episode: 91; Tool: [-2.99517179 -1.41260242 -0.3733598   0.24343693  1.51981199  0.10732059
 -0.74287647  0.84803832 -0.41504988 -0.18880731]; Score: [-22.40113057]; Action: ([0.49, 0.35, 0.89, 0.75, 0.16], [0, 0, 1, 1, 0])
Episode: 92; Tool: [-3.22109175 -1.5035001  -0.37451857  0.16270769  1.47419631  0.06962307
 -0.32628113  1.19886732 -0.60477871 -0.45135427]; Score: [-20.77847862]; Action: ([0.84, 0.42, 1.75, 0.0, 1.43], [1, 0, 2, 0, 2])
Episode: 93; Tool: [-9.16141701 10.5282774   5.4417181  -4.92208242 -3.81709027  2.05317068
 -6.52283907 -3.51938462 -6.3121748  -9.48865604]; Score: [-16.24152489]; Action: ([1.54, 1.37, 0.49, 1.87, 0.84], [2, 2, 0, 2, 1])
Episode: 94; Tool: [ 16.40101242  -3.88992858   9.9461565    8.89882946  -1.96452737
  -1.81986809  -7.46755266 -15.3019495  -15.93776321   1.64616644]; Score: [-17.8457858]; Action: ([0.96, 0.84, 0.86, 0.83, 0.94], [1, 1, 1, 1, 1])
Episode: 95; Tool: [-5.88849449 -4.04043388 -1.29330003 -1.61225152  0.92763805  0.33661103
  1.59872699  4.57278061 -3.17752171 -2.07174921]; Score: [-10.56899148]; Action: ([1.68, 1.58, 0.94, 1.13, 1.68], [2, 2, 1, 1, 2])
Episode: 96; Tool: [-3.97976637 -2.89883876 -1.42503762  0.99512124  1.93443453  0.60057962
 -0.57629168  0.32301843 -0.52217692 -0.72212642]; Score: [-18.14822772]; Action: ([2.0, 0.87, 1.16, 0.0, 1.13], [2, 1, 1, 0, 1])
Episode: 97; Tool: [-6.77012348 -3.23500896 -5.89451075 -1.90739536  0.34186074  2.55122972
  4.11591053 -3.26661325 -2.90405631 -5.16227293]; Score: [-21.26456207]; Action: ([1.21, 0.47, 1.35, 0.43, 0.14], [1, 0, 2, 0, 0])
Episode: 98; Tool: [ 16.40101242  -3.88992858   9.9461565    8.89882946  -1.96452737
  -1.81986809  -7.46755266 -15.3019495  -15.93776321   1.64616644]; Score: [-19.48915658]; Action: ([1.7, 1.44, 1.0, 0.1, 0.03], [2, 2, 1, 0, 0])
Episode: 99; Tool: [-5.20334244 -1.4757098  -1.90845537 -2.52963805 -2.85325527  0.52081406
  0.213627   -1.42451203  4.5511899   1.79267216]; Score: [-10.94227892]; Action: ([0.62, 1.87, 1.11, 0.82, 0.29], [0, 2, 1, 1, 0])
Episode: 100; Tool: [-13.11358261  14.99114323   6.80495596  -6.56355381  -7.90110731
   2.54979706  -9.21526337  -4.80841494  -5.96345806 -11.74127865]; Score: [-16.3542285]; Action: ([0.82, 0.58, 0.93, 1.29, 1.46], [1, 0, 1, 1, 2])
Episode: 101; Tool: [-13.8086195   -7.93085337   0.89507478  -2.01028156   4.76124382
   0.10306601  -0.24058603  10.84586716  -5.57916069  -3.08743572]; Score: [-11.90580027]; Action: ([1.74, 1.51, 0.29, 1.17, 0.48], [2, 2, 0, 1, 0])
Episode: 102; Tool: [ 16.40101242  -3.88992858   9.9461565    8.89882946  -1.96452737
  -1.81986809  -7.46755266 -15.3019495  -15.93776321   1.64616644]; Score: [-25.23533353]; Action: ([1.65, 1.57, 1.54, 0.67, 0.54], [2, 2, 2, 0, 0])
Episode: 103; Tool: [-11.74360371  13.71864414   6.68056965  -6.00060225  -5.62692547
   2.8354919   -7.87419176  -4.70221233  -7.16106892 -11.75892639]; Score: [-19.84693043]; Action: ([0.98, 1.5, 0.46, 1.43, 0.85], [1, 2, 0, 2, 1])
Episode: 104; Tool: [-5.95451069 -6.34290838  0.89760441 -2.53581977 -0.24506047 -2.54569721
 -1.62540209  0.13102096 -1.20112574  6.61402082]; Score: [-9.90810265]; Action: ([1.11, 0.95, 1.55, 0.34, 1.55], [1, 1, 2, 0, 2])
Episode: 105; Tool: [-2.61862469 -1.29923546 -1.04641461  0.44320613  1.06919754  0.11744915
 -0.02205766 -0.06847965 -0.61796612 -0.69338524]; Score: [-12.63954092]; Action: ([0.48, 1.24, 0.96, 2.0, 1.68], [0, 1, 1, 2, 2])
Episode: 106; Tool: [-5.65685225 -6.48568916 -5.95911884 -0.93634707  1.82372773  3.16399479
  1.27926767 -0.8498137   1.0213424  -1.86297655]; Score: [-14.69922843]; Action: ([1.4, 0.54, 0.4, 0.62, 1.37], [2, 0, 0, 0, 2])
Episode: 107; Tool: [-10.85930157  12.82765198   6.27121401  -6.02968693  -5.64462996
   2.4140327   -7.86275148  -4.31414127  -6.7370019  -11.07361889]; Score: [-14.44761323]; Action: ([0.42, 0.91, 1.76, 1.95, 1.01], [0, 1, 2, 2, 1])
Episode: 108; Tool: [-8.79771233 10.49941921  5.45336485 -4.87606812 -3.06125808  2.59295249
 -6.33605385 -3.76276636 -6.53886127 -9.73756123]; Score: [-23.31075064]; Action: ([0.22, 1.87, 1.53, 1.48, 0.24], [0, 2, 2, 2, 0])
Episode: 109; Tool: [-6.61004686 -1.66661048 -2.33825779 -2.88501048 -3.59812236  0.85305047
  0.00715162 -1.41619992  5.50627995  1.78660023]; Score: [-10.78973067]; Action: ([1.19, 1.56, 0.09, 1.08, 0.55], [1, 2, 0, 1, 0])
Episode: 110; Tool: [-4.71126223 -3.4052608  -4.96950054 -1.44388556  0.55158359  1.92771053
  2.23226595 -2.3460784  -1.14051056 -2.81580305]; Score: [-20.06729114]; Action: ([1.48, 1.45, 0.88, 0.88, 0.03], [2, 2, 1, 1, 0])
Episode: 111; Tool: [-2.57118034 -0.55281591  0.39832908  0.27664396  1.15001285 -0.07341155
  0.05473157  1.42515075 -0.89574969 -0.71938944]; Score: [-10.80793565]; Action: ([1.25, 1.17, 2.0, 1.03, 0.32], [1, 1, 2, 1, 0])
Episode: 112; Tool: [  1.32571316   0.76346576   7.75323296   0.56855816   1.44402623
  -1.28598309  -7.23717499  -6.59958601 -11.31555939  -1.63849163]; Score: [-17.76642482]; Action: ([0.43, 1.67, 1.24, 1.8, 1.03], [0, 2, 1, 2, 1])
Episode: 113; Tool: [ 2.36424422 -0.08927944  4.30322886  3.25986791  0.85516226 -0.99552411
 -4.20496941 -4.60515118 -5.59562683  0.74518764]; Score: [-22.70452042]; Action: ([0.96, 0.58, 0.0, 0.65, 1.59], [1, 0, 0, 0, 2])
Episode: 114; Tool: [-4.87555981 -2.77439213 -2.70598173 -0.42281264  1.36299884  1.11986482
  1.01914573 -0.31103453 -1.09858024 -2.00531054]; Score: [-17.67989641]; Action: ([0.91, 0.53, 0.94, 0.06, 1.51], [1, 0, 1, 0, 2])
Episode: 115; Tool: [-9.73088169 -2.93753314 -2.91203475 -4.69942141 -5.53113747  1.29485321
  0.69570017 -1.71590483  8.47600365  2.62450171]; Score: [-12.95507751]; Action: ([0.71, 1.88, 0.14, 0.71, 0.38], [1, 2, 0, 1, 0])
Episode: 116; Tool: [-7.25753403 -4.38649511 -5.9346385  -2.28536749  0.75488687  2.69368577
  3.58835745 -2.23075414 -2.67026472 -4.99925184]; Score: [-16.29719731]; Action: ([1.74, 1.53, 1.75, 1.04, 0.92], [2, 2, 2, 1, 1])
Episode: 117; Tool: [-3.26254129 -1.0271697  -1.98182189 -0.73746973  0.4378978   0.61011654
  1.50713253 -0.96241379 -1.65454555 -2.08523083]; Score: [-24.07157257]; Action: ([1.02, 1.42, 0.88, 0.36, 0.02], [1, 2, 1, 0, 0])
Episode: 118; Tool: [-12.53721046  13.95156002   6.07438231  -5.94821119  -7.96787214
   2.22316265  -8.95910168  -4.20670414  -4.31984138 -10.13158989]; Score: [-24.79337503]; Action: ([0.78, 0.26, 0.4, 0.12, 1.67], [1, 0, 0, 0, 2])
Episode: 119; Tool: [-6.85871983  8.08227825  4.51807022 -4.75609112 -2.44144726  1.6428082
 -5.37466812 -2.75530672 -6.23487568 -8.18764782]; Score: [-19.7880523]; Action: ([1.0, 0.59, 0.98, 1.83, 0.11], [1, 0, 1, 2, 0])
Episode: 120; Tool: [-5.42045116 -2.02544188 -0.42042571  0.06090801  2.46904635  0.2031063
 -1.4699955   1.17053866 -1.27559328 -0.92533922]; Score: [-22.61577046]; Action: ([0.89, 1.74, 0.32, 0.0, 1.57], [1, 2, 0, 0, 2])
Episode: 121; Tool: [-7.50807905 -3.2310431  -5.01135492 -2.15967345  0.17165057  2.55591011
  4.70686722 -2.1055932  -3.00994158 -5.8426671 ]; Score: [-18.56868682]; Action: ([0.87, 0.67, 1.31, 0.56, 0.69], [1, 0, 1, 0, 1])
Episode: 122; Tool: [-13.15297508  14.96470261   6.82466221  -6.55528259  -7.74251795
   2.64495826  -9.33433533  -4.77250004  -5.88677216 -11.69413662]; Score: [-17.37018766]; Action: ([1.14, 0.72, 0.98, 0.37, 1.88], [1, 1, 1, 0, 2])
Episode: 123; Tool: [-5.44323444 -3.63774371 -0.42514926 -1.58518052  0.10703656 -0.33185908
  0.41460869  4.66348505 -3.28756452  0.15823913]; Score: [-11.72951686]; Action: ([0.9, 0.76, 1.72, 1.75, 0.28], [1, 1, 2, 2, 0])
Episode: 124; Tool: [-6.94010544 -8.34773922 -1.6855216  -3.37530899 -2.56997871 -1.72830629
 -0.40825677 -0.6461646   0.97046703  8.52998257]; Score: [-13.19507744]; Action: ([1.98, 0.06, 1.15, 0.46, 1.35], [2, 0, 1, 0, 2])
Episode: 125; Tool: [-11.82737064  13.61509705   6.23149109  -6.0410428   -7.0283637
   2.334867    -8.59246254  -4.3391614   -5.44902182 -10.69481754]; Score: [-16.43267966]; Action: ([0.62, 0.97, 1.23, 1.68, 0.8], [0, 1, 1, 2, 1])
Episode: 126; Tool: [-8.70769787 10.14079857  5.1743722  -5.21772003 -3.99921298  1.97491789
 -6.52596998 -3.38144088 -6.07366323 -9.22038269]; Score: [-26.20953853]; Action: ([1.38, 0.14, 0.11, 0.4, 0.77], [2, 0, 0, 0, 1])
Episode: 127; Tool: [-3.43204355 -2.49913311 -1.67596829 -0.46456909  1.31235659  0.62000269
  0.05118494  0.52683234 -0.39014751 -0.66627628]; Score: [-12.64121638]; Action: ([1.55, 0.16, 0.5, 0.77, 1.97], [2, 0, 0, 1, 2])
Episode: 128; Tool: [-14.88966656  -9.12328434  -0.93955302  -2.55205536   0.23695275
  -1.5296607    0.83751976  12.72045517  -8.10428715   1.17465723]; Score: [-13.63059712]; Action: ([1.55, 1.88, 2.0, 0.51, 0.79], [2, 2, 2, 0, 1])
Episode: 129; Tool: [-13.70541286  16.0704689    7.55899334  -7.33415365  -7.96376181
   2.88028908  -9.98186302  -5.29326773  -7.28120899 -13.23336983]; Score: [-21.73845286]; Action: ([1.03, 1.84, 0.34, 1.34, 0.85], [1, 2, 0, 2, 1])
Episode: 130; Tool: [-4.71002293 -3.08791494 -4.90967417 -1.40925145  0.376643    1.89301896
  2.5965848  -2.48282599 -1.5000391  -3.26174068]; Score: [-14.68933603]; Action: ([1.55, 0.05, 1.53, 1.81, 0.51], [2, 0, 2, 2, 0])
Episode: 131; Tool: [-7.15922356 -4.52175522 -4.61719799 -2.13954878  1.4762342   1.50349832
  1.53280663 -0.99960023 -2.23524833 -2.97428226]; Score: [-15.84704385]; Action: ([1.72, 1.39, 0.95, 0.76, 0.74], [2, 2, 1, 1, 1])
Episode: 132; Tool: [ 1.05971432  0.80427539  6.85475349  0.6905691   1.36842251 -1.11128449
 -6.5106225  -5.80864429 -9.93106842 -1.4938097 ]; Score: [-13.1745643]; Action: ([1.61, 1.04, 0.83, 1.37, 1.33], [2, 1, 1, 2, 1])
Episode: 133; Tool: [-11.17119312  12.77651024   5.83523607  -5.55528355  -6.47350168
   2.21257949  -7.88086939  -4.07796669  -5.15359545 -10.0097208 ]; Score: [-26.3731019]; Action: ([0.79, 0.83, 0.15, 0.83, 0.3], [1, 1, 0, 1, 0])
Episode: 134; Tool: [-9.04020596 -5.68994188 -7.98890209 -2.53786874  0.86744153  3.56501293
  4.56957436 -3.40263081 -3.12072277 -6.48461962]; Score: [-15.42161767]; Action: ([1.52, 0.98, 1.53, 1.06, 0.67], [2, 1, 2, 1, 1])
Episode: 135; Tool: [-3.19656563  2.06170201  3.90250039  0.1672534   1.64551365 -0.47181427
 -4.12470293 -1.59233499 -3.96266198 -1.87617946]; Score: [-11.42103403]; Action: ([1.78, 0.93, 1.6, 0.96, 1.36], [2, 1, 2, 1, 2])
Episode: 136; Tool: [-8.56001663 -9.30587101 -0.57761961 -2.46974277 -1.13476992 -2.88313818
 -1.53586376  1.08740294 -1.58354974  9.27772427]; Score: [-10.59126794]; Action: ([2.0, 1.09, 0.6, 1.49, 1.11], [2, 1, 0, 2, 1])
Episode: 137; Tool: [  1.3481369    0.64561558   7.240098     0.70489115   1.11997664
  -1.39977694  -6.54962206  -6.32313728 -10.11329269  -1.15867805]; Score: [-11.12415484]; Action: ([1.53, 1.87, 1.72, 2.0, 1.33], [2, 2, 2, 2, 1])
Episode: 138; Tool: [-0.26665118 -1.13434553  1.8676517   3.05578947  1.31697524 -0.25696242
 -1.9873054  -0.73282593 -2.23050666  0.25339049]; Score: [-25.18988125]; Action: ([1.0, 0.92, 0.94, 0.26, 0.12], [1, 1, 1, 0, 0])
Episode: 139; Tool: [-5.88849449 -4.04043388 -1.29330003 -1.61225152  0.92763805  0.33661103
  1.59872699  4.57278061 -3.17752171 -2.07174921]; Score: [-10.51777732]; Action: ([1.36, 0.87, 1.94, 0.82, 0.5], [2, 1, 2, 1, 0])
Episode: 140; Tool: [-9.04433441 -1.38719726 -2.57161856 -4.80239058 -6.30217695  0.62681615
  0.03369524 -2.55725026  8.40696144  3.26213455]; Score: [-7.73997604]; Action: ([0.72, 0.98, 1.18, 0.54, 0.75], [1, 1, 1, 0, 1])
Episode: 141; Tool: [ 0.51119089  0.49573621  4.61789656  0.93103153  1.2014581  -0.88334686
 -4.49093199 -3.91130877 -6.4620285  -0.68300498]; Score: [-14.37770689]; Action: ([1.18, 2.0, 1.46, 1.68, 1.28], [1, 2, 2, 2, 1])
Episode: 142; Tool: [ 0.62542939  0.52982163  4.98223972  1.81757259  1.4024415  -0.99272102
 -4.9925046  -4.18223286 -6.66730118 -0.50985634]; Score: [-18.44578853]; Action: ([1.73, 1.57, 0.94, 1.85, 0.03], [2, 2, 1, 2, 0])
Episode: 143; Tool: [-7.36231375 -7.95883417 -1.23610413 -4.52699804 -2.59476757 -1.43449867
 -0.79996604 -1.66380274  1.57152581  7.91377354]; Score: [-11.6962295]; Action: ([0.86, 1.69, 1.56, 0.16, 1.31], [1, 2, 2, 0, 1])
Episode: 144; Tool: [-6.33533907 -2.91029978  0.86155301 -0.09181386  2.79925632 -0.05202852
 -0.89048564  4.26885033 -1.86917806 -1.44384503]; Score: [-9.33341465]; Action: ([0.68, 2.0, 1.07, 0.8, 0.99], [1, 2, 1, 1, 1])
Episode: 145; Tool: [-4.54828787 -5.17716646 -1.52221692 -2.33471918 -1.6167686  -0.86699361
 -0.46144181 -0.77544814  0.92450947  5.16147089]; Score: [-11.31033295]; Action: ([1.48, 1.57, 1.46, 0.24, 0.81], [2, 2, 2, 0, 1])
Episode: 146; Tool: [-4.30083466 -1.06763029  0.21832283  0.83062613  2.23957849 -0.23948582
 -1.55086553  1.06457329 -0.92089999 -0.50488812]; Score: [-11.36023145]; Action: ([1.61, 0.44, 0.9, 0.94, 1.43], [2, 0, 1, 1, 2])
Episode: 147; Tool: [-12.29788399 -13.38565922   1.28872991  -7.80215979  -3.31384206
  -5.45991087  -1.07338989  -0.83319813  -0.51206082  14.60198021]; Score: [-14.19804402]; Action: ([1.65, 1.84, 0.12, 0.4, 0.59], [2, 2, 0, 0, 0])
Episode: 148; Tool: [-9.92602444 -0.0958038  -1.59440434 -5.46375084 -8.15997791  0.15779354
 -0.15907358 -2.3300426   9.59882164  3.47630835]; Score: [-13.96421747]; Action: ([1.22, 0.28, 1.85, 1.72, 1.77], [1, 0, 2, 2, 2])
Episode: 149; Tool: [-8.91744518 -5.65548754 -8.01805592 -2.66510034  0.82559013  3.67568803
  4.64320374 -3.49687099 -2.97691321 -6.27148724]; Score: [-17.54736024]; Action: ([1.66, 0.95, 0.2, 1.25, 0.21], [2, 1, 0, 1, 0])
Episode: 150; Tool: [-6.11476803 -4.15213346 -3.36945128 -1.43402123  1.23267651  2.25499725
  2.56109524  0.87292928 -2.17497587 -4.65711737]; Score: [-12.1229909]; Action: ([1.63, 0.63, 1.93, 1.6, 0.86], [2, 0, 2, 2, 1])
Episode: 151; Tool: [ 2.42444468 -0.06708708  6.29643393  1.66803885  0.91388142 -1.33540678
 -5.69598818 -6.02746677 -9.22133541 -0.27753186]; Score: [-23.18385419]; Action: ([0.17, 0.95, 1.76, 0.52, 0.48], [0, 1, 2, 0, 0])
Episode: 152; Tool: [  2.4551487    0.14327785   7.29173803   1.52629876   1.15576398
  -1.40346134  -6.6138525   -6.89933109 -10.48424816  -0.60694921]; Score: [-30.81906547]; Action: ([0.02, 0.35, 0.51, 0.36, 0.54], [0, 0, 0, 0, 0])
Episode: 153; Tool: [-13.42581081  -6.66169786   0.30463141  -1.42686653   0.51277781
  -2.87315083  -1.94717062   9.09684181  -7.35247231   3.82543755]; Score: [-12.66076331]; Action: ([0.93, 1.75, 1.51, 0.3, 0.18], [1, 2, 2, 0, 0])
Episode: 154; Tool: [-10.26271343 -11.64473629  -8.47193241  -1.43759012   3.42547774
   6.90795803  -0.3631039   -2.29340458  -0.21663159  -3.68000507]; Score: [-20.61124028]; Action: ([0.51, 0.42, 1.5, 1.73, 0.0], [0, 0, 2, 2, 0])
Episode: 155; Tool: [  1.20168304   0.78611743   7.24468088   0.56119078   1.36198795
  -1.19948709  -6.80609369  -6.15626335 -10.60127068  -1.60183632]; Score: [-10.99146372]; Action: ([1.75, 1.59, 1.52, 1.23, 1.75], [2, 2, 2, 1, 2])
Episode: 156; Tool: [-8.90399933 10.74662495  5.49240541 -5.19160748 -3.86249852  2.29496002
 -6.6951251  -3.75650406 -6.39749241 -9.77575111]; Score: [-21.75064819]; Action: ([0.45, 1.0, 0.81, 1.76, 0.19], [0, 1, 1, 2, 0])
Episode: 157; Tool: [-7.85257339 -8.20115376 -0.22126894 -4.98987389 -1.94615769 -2.34002066
 -0.96093374 -1.2850796   0.82993335  8.37565422]; Score: [-15.50323587]; Action: ([0.24, 1.75, 0.15, 1.68, 1.75], [0, 2, 0, 2, 2])
Episode: 158; Tool: [-5.42754221 -2.94481802 -1.84950471 -0.4743768   2.21897078  1.2340728
 -0.86366636  0.36554518 -0.9136672  -1.69043791]; Score: [-26.87442677]; Action: ([0.22, 1.58, 1.64, 0.75, 0.22], [0, 2, 2, 1, 0])
Episode: 159; Tool: [-10.88008022  12.90977287   6.23521042  -5.88786602  -5.70993996
   2.47044182  -7.90264511  -4.35909986  -6.46143293 -10.95663452]; Score: [-26.51836915]; Action: ([0.47, 0.27, 1.83, 0.4, 0.0], [0, 0, 2, 0, 0])
Episode: 160; Tool: [-4.6494422  -2.20431876 -0.76129347 -0.09173688  2.08956933  0.21189018
 -0.98871934  1.05873847 -0.8354373  -0.45014274]; Score: [-14.71645938]; Action: ([1.92, 1.17, 1.42, 0.22, 1.76], [2, 1, 2, 0, 2])
Episode: 161; Tool: [-7.49575138 -1.69575799 -2.71449113 -2.81750941 -3.89941239  1.16359758
 -0.46523413 -1.37946486  5.87243462  1.61077607]; Score: [-9.45034214]; Action: ([1.05, 0.97, 1.53, 0.6, 1.73], [1, 1, 2, 0, 2])
Episode: 162; Tool: [-4.68255615 -4.8936739  -4.34429073 -0.49568051  1.54768407  2.25438213
  1.03238297 -0.29596609  0.41947547 -1.93158329]; Score: [-17.48694103]; Action: ([0.85, 1.76, 0.69, 2.0, 0.59], [1, 2, 1, 2, 0])
Episode: 163; Tool: [-4.88743305 -2.1853807  -0.55404145  0.94048029  2.36085463 -0.16027257
 -0.99607623  1.39864898 -0.66543341 -0.42438245]; Score: [-20.08646458]; Action: ([0.14, 1.2, 0.27, 0.81, 1.67], [0, 1, 0, 1, 2])
Episode: 164; Tool: [-9.33630371 -0.68843806 -2.44604754 -4.30122471 -6.5352459   0.7281971
 -0.71262789 -2.18295789  8.21285248  2.75112915]; Score: [-11.20834874]; Action: ([1.63, 0.66, 1.3, 1.23, 1.89], [2, 0, 1, 1, 2])
Episode: 165; Tool: [-12.48948669  14.22152233   6.60716295  -6.63665676  -7.4099474
   2.42772579  -9.35904408  -4.42274523  -5.75063419 -11.2334795 ]; Score: [-20.10343749]; Action: ([1.69, 0.01, 0.0, 1.19, 1.53], [2, 0, 0, 1, 2])
Episode: 166; Tool: [-11.52305794 -16.43471527  -4.3185606   -5.87373638  -5.5933733
  -3.57736397   1.76909375  -0.1195262    0.46834135  16.22499657]; Score: [-10.63826562]; Action: ([0.04, 1.35, 0.77, 1.19, 0.56], [0, 2, 1, 1, 0])
Episode: 167; Tool: [-10.35185051  -3.52177382  -4.49918079  -3.91590905  -4.66062498
   2.10867572  -0.35024056  -2.15219903   8.02199841   2.26150799]; Score: [-12.484684]; Action: ([0.02, 1.38, 1.24, 0.86, 0.04], [0, 2, 1, 1, 0])
Episode: 168; Tool: [-13.25835896  -2.39105582  -3.44987082  -7.29567909  -9.3650713
   1.04129791   0.5378232   -3.37229109  12.5656395    4.65201569]; Score: [-8.36208707]; Action: ([1.06, 1.53, 1.51, 1.25, 1.02], [1, 2, 2, 1, 1])
Episode: 169; Tool: [-1.86156976e+00 -1.72700572e+00  5.02134383e-01  2.23039651e+00
  1.62146902e+00  2.05000490e-02 -1.43116128e+00 -2.09536254e-01
 -1.29826605e+00  2.21759081e-03]; Score: [-21.56936509]; Action: ([1.74, 0.27, 0.64, 1.05, 0.24], [2, 0, 0, 1, 0])
Episode: 170; Tool: [-10.08206654  11.69041538   5.53232241  -5.15007687  -5.23920774
   2.22068548  -7.03787518  -3.89110661  -5.51476097  -9.65181828]; Score: [-11.05943395]; Action: ([1.09, 1.39, 1.68, 1.84, 1.45], [1, 2, 2, 2, 2])
Episode: 171; Tool: [-11.08151817  13.00359344   6.36070538  -5.78854561  -5.24948215
   2.69620991  -7.58980989  -4.47370434  -6.9154253  -11.25070572]; Score: [-17.17530479]; Action: ([1.38, 1.83, 0.79, 1.08, 1.38], [2, 2, 1, 1, 2])
Episode: 172; Tool: [-8.99968529 -8.5513382  -8.66811848 -1.94551492  1.20623815  4.63112068
  1.4391582  -1.70186365  1.63557947 -3.37025452]; Score: [-22.06174988]; Action: ([0.81, 0.95, 1.67, 0.9, 0.1], [1, 1, 2, 1, 0])
Episode: 173; Tool: [-11.62172699 -14.76559353  -2.54474092  -4.13009882  -2.98090768
  -3.60096264  -0.8556596    1.18289959  -1.56633067  14.24438858]; Score: [-10.24879086]; Action: ([1.66, 0.77, 1.36, 1.11, 0.3], [2, 1, 2, 1, 0])
Episode: 174; Tool: [-6.46091366 -2.8906672  -5.3361702  -2.23180056 -0.34560624  2.19996476
  4.42791557 -3.27624512 -2.07372403 -4.66625404]; Score: [-15.56706073]; Action: ([1.2, 0.9, 1.51, 1.3, 0.62], [1, 1, 2, 1, 0])
Episode: 175; Tool: [-4.78635883 -2.6411097  -2.28964233 -1.76002026  0.81170166  0.41545153
  1.72146165 -0.04633554 -2.47719073 -2.07174301]; Score: [-11.39593945]; Action: ([1.07, 0.55, 1.92, 1.08, 1.81], [1, 0, 2, 1, 2])
Episode: 176; Tool: [-7.77014637 -4.03746176 -6.00187445 -2.09494805  0.66185141  2.94185925
  4.38293552 -2.41854024 -3.22385168 -5.99196863]; Score: [-17.7526153]; Action: ([0.33, 0.18, 0.54, 1.64, 0.9], [0, 0, 0, 2, 1])
Episode: 177; Tool: [-4.02316332 -7.41959953 -3.26326919  0.86222309  0.96693635  3.35122728
 -2.58764887 -3.60600901 -2.24327922  1.41301239]; Score: [-14.458118]; Action: ([1.0, 1.02, 1.67, 0.96, 1.69], [1, 1, 2, 1, 2])
Episode: 178; Tool: [-5.49902248 -2.53346944 -3.19065356 -1.87374425 -1.50957203  1.25427532
 -0.28249845 -1.39509535  3.6087954   1.28314054]; Score: [-13.10344191]; Action: ([0.39, 1.13, 0.55, 0.0, 0.23], [0, 1, 0, 0, 0])
Episode: 179; Tool: [-2.51168442 -1.3922075  -1.02485681 -0.18409947  1.08905864  0.61331916
 -0.21199045  0.19809243 -0.34651044 -0.81327206]; Score: [-21.44755789]; Action: ([0.65, 1.85, 1.77, 0.91, 1.08], [0, 2, 2, 1, 1])
Episode: 180; Tool: [ 0.37393031 -0.66960609  2.11252809  3.27665687  1.08277547 -0.71298534
 -2.48369408 -1.98083019 -2.89330792  0.81365269]; Score: [-20.33151885]; Action: ([0.43, 1.76, 0.28, 1.6, 1.87], [0, 2, 0, 2, 2])
Episode: 181; Tool: [-1.16959882 -0.20952559  0.03504318  0.43925333  0.72064424 -0.57198489
 -0.44926369  0.24289909 -0.41943276  0.1323579 ]; Score: [-12.17359861]; Action: ([1.45, 1.19, 1.63, 0.12, 1.57], [2, 1, 2, 0, 2])
Episode: 182; Tool: [-4.54828787 -5.17716646 -1.52221692 -2.33471918 -1.6167686  -0.86699361
 -0.46144181 -0.77544814  0.92450947  5.16147089]; Score: [-12.50122415]; Action: ([1.43, 1.33, 1.89, 0.23, 1.4], [2, 2, 2, 0, 2])
Episode: 183; Tool: [-2.6347394   0.50567639  3.38901782 -1.22206593  1.29408765 -1.33620429
 -3.08782005 -1.26522076 -3.3285358  -0.69223815]; Score: [-17.15013496]; Action: ([1.29, 1.88, 1.36, 0.73, 1.31], [1, 2, 2, 1, 1])
Episode: 184; Tool: [  0.04591128   1.68882418   7.48172855  -0.32406312   1.59697151
  -0.84785932  -7.23047256  -5.78472519 -11.09407806  -2.9093461 ]; Score: [-14.33788729]; Action: ([1.52, 1.61, 1.68, 0.83, 1.24], [2, 2, 2, 1, 1])
Episode: 185; Tool: [-4.95966482 -4.11405373 -5.27595425 -1.3272686   0.77608848  2.26120019
  2.18006539 -2.04906344 -0.72083122 -2.87346649]; Score: [-16.80965012]; Action: ([0.3, 0.27, 0.27, 1.3, 1.71], [0, 0, 0, 1, 2])
Episode: 186; Tool: [  0.6478014    1.06066597   7.14061165   0.41948098   1.51000047
  -1.01888752  -6.89487171  -5.76798439 -10.39282036  -1.90622056]; Score: [-18.66716592]; Action: ([0.17, 0.05, 1.46, 1.61, 1.41], [0, 0, 2, 2, 2])
Episode: 187; Tool: [-4.24782562 -1.68247581  0.26760286  0.34298873  2.01485252 -0.17213303
 -0.67375034  2.13909554 -1.01515162 -0.52706259]; Score: [-9.33309933]; Action: ([1.02, 0.52, 0.8, 0.54, 1.58], [1, 0, 1, 0, 2])
Episode: 188; Tool: [  0.9538455    0.95350778   7.60738468   0.35504836   1.43322682
  -1.21085858  -7.21092796  -6.19866657 -11.27402496  -1.9647404 ]; Score: [-23.7034106]; Action: ([0.32, 0.48, 1.0, 0.49, 1.02], [0, 0, 1, 0, 1])
Episode: 189; Tool: [-7.67751408 -9.25809765 -0.6745134  -3.03777528 -1.023682   -2.2620616
 -1.97309601 -0.28036362 -0.69614965  8.95452118]; Score: [-10.63481744]; Action: ([1.92, 1.48, 0.62, 1.27, 1.11], [2, 2, 0, 1, 1])
Episode: 190; Tool: [-6.1123209  -1.87223148 -2.5274055  -2.86551452 -3.20707083  0.79418254
  0.14722921 -1.73140407  5.21284962  2.00773001]; Score: [-11.29090985]; Action: ([0.17, 1.66, 1.29, 1.1, 1.51], [0, 2, 1, 1, 2])
Episode: 191; Tool: [-2.93956995 -2.00090814 -1.44964993 -0.69570833  1.1485008   1.37091184
 -0.06574709  0.28404459 -0.50818312 -1.74919736]; Score: [-10.1172322]; Action: ([1.9, 1.12, 0.95, 0.97, 1.73], [2, 1, 1, 1, 2])
Episode: 192; Tool: [-8.37575054 -4.16721869 -6.29398155 -2.40180707  0.59375417  3.07657146
  4.80466557 -2.54670644 -3.7574389  -6.64824247]; Score: [-20.79450846]; Action: ([1.41, 1.75, 0.25, 0.5, 0.84], [2, 2, 0, 0, 1])
Episode: 193; Tool: [-6.64106226 -6.18870211 -5.05950737 -1.40869522  1.50735795  1.41559649
  0.14156605 -1.1029911  -0.43627289  0.34164071]; Score: [-13.28071477]; Action: ([1.41, 1.29, 0.26, 1.88, 1.03], [2, 1, 0, 2, 1])
Episode: 194; Tool: [ 16.40101242  -3.88992858   9.9461565    8.89882946  -1.96452737
  -1.81986809  -7.46755266 -15.3019495  -15.93776321   1.64616644]; Score: [-26.28458147]; Action: ([0.65, 1.85, 1.41, 0.56, 1.68], [0, 2, 2, 0, 2])
Episode: 195; Tool: [-2.38441515 -0.18529412 -1.26981997 -0.40027255  0.02648397  0.49540341
  1.73049021 -0.97190696 -0.87879616 -1.54870129]; Score: [-19.0349602]; Action: ([1.07, 0.53, 0.07, 1.87, 0.0], [1, 0, 0, 2, 0])
Episode: 196; Tool: [-7.89506578 -3.20195651  0.53055626 -1.00016713  0.93132937 -1.20343292
 -0.85485953  5.40869379 -3.58998466  0.48023748]; Score: [-14.1901986]; Action: ([1.2, 1.55, 1.83, 2.0, 0.26], [1, 2, 2, 2, 0])
Episode: 197; Tool: [-4.47548962 -2.80131721 -1.8399992  -0.23490921  1.6307503   0.6859287
  0.15343682  0.64897364 -0.79415655 -1.27343631]; Score: [-19.60502319]; Action: ([0.15, 0.34, 1.97, 1.36, 1.22], [0, 0, 2, 2, 1])
Episode: 198; Tool: [-10.81326389  -6.0070672    0.84762007  -2.67736959  -0.89141726
  -3.34265471  -1.19040132   5.31891108  -4.91426516   5.529984  ]; Score: [-11.22354043]; Action: ([1.69, 0.78, 0.42, 1.72, 0.82], [2, 1, 0, 2, 1])
Episode: 199; Tool: [-7.94082165 -4.6651001  -4.86249256 -2.61605239  1.44852448  1.65505564
  2.23844934 -1.35175538 -2.99141121 -3.70409393]; Score: [-16.56552861]; Action: ([1.48, 0.72, 2.0, 0.28, 1.68], [2, 1, 2, 0, 2])
Episode: 200; Tool: [-7.61224842 -3.46300745  1.63658261 -0.39369273  3.32184124 -0.03966337
 -0.84658062  6.01328802 -2.74718595 -2.34522057]; Score: [-8.36996872]; Action: ([0.96, 1.48, 0.91, 0.58, 1.37], [1, 2, 1, 0, 2])
Episode: 201; Tool: [-6.47955942 -7.33931494 -6.95934963 -1.35919476  1.7457906   3.59770322
  1.91279185 -1.07020593  0.52093643 -3.14071512]; Score: [-10.55428429]; Action: ([1.44, 0.71, 1.04, 1.1, 1.47], [2, 1, 1, 1, 2])
Episode: 202; Tool: [-3.70542192 -3.99033904 -4.6421814  -0.78008556  0.69847453  1.92622066
  1.18663371 -2.87501192 -0.85360974 -1.68011534]; Score: [-17.09028819]; Action: ([0.5, 0.01, 1.62, 1.35, 1.34], [0, 0, 2, 2, 2])
Episode: 203; Tool: [-7.0561347  -4.36583948 -0.78225845 -1.54009843  1.28077817  0.15831049
 -0.79539943  3.79813862 -3.0214448   0.17796701]; Score: [-12.20546795]; Action: ([0.81, 1.53, 0.67, 1.86, 1.79], [1, 2, 1, 2, 2])
Episode: 204; Tool: [-5.77395296 -4.43907213 -3.02252245 -0.20214528  2.20237684  1.35474026
  0.12302689  0.68599725 -0.35762161 -1.50872171]; Score: [-22.60545749]; Action: ([0.64, 1.24, 1.74, 0.71, 0.49], [0, 1, 2, 1, 0])
Episode: 205; Tool: [-6.06768608 -4.28352833 -1.61787283 -1.54073691  2.24447179 -0.53604275
 -0.46804968 -0.35095865 -1.76996303  0.55633461]; Score: [-11.01091474]; Action: ([1.66, 1.25, 0.94, 1.13, 1.55], [2, 1, 1, 1, 2])
Episode: 206; Tool: [  0.4880757    1.14822996   7.825737     0.04590195   1.61099744
  -1.14332116  -7.49529696  -6.11335564 -11.56221581  -2.27779865]; Score: [-13.04911427]; Action: ([1.26, 1.36, 0.92, 2.0, 1.3], [1, 2, 1, 2, 1])
Episode: 207; Tool: [-6.27531767 -3.09699178 -0.95797354  0.31630364  2.98895693  1.1886915
 -1.45665193  1.51092875 -0.835513   -1.64744937]; Score: [-17.21103745]; Action: ([0.36, 2.0, 0.54, 1.89, 1.78], [0, 2, 0, 2, 2])
Episode: 208; Tool: [-7.55942726 -9.14696884 -1.65360296 -3.2481637  -2.24380088 -2.43713808
  0.08405931  0.4489525  -0.46598619  9.02521706]; Score: [-13.90918024]; Action: ([0.37, 1.23, 0.53, 0.0, 0.11], [0, 1, 0, 0, 0])
Episode: 209; Tool: [-5.0423007  -2.3218236  -0.80677825  0.39853311  2.40606546  0.74206787
 -1.17506599  1.05752742 -0.75890827 -1.31380939]; Score: [-16.60868659]; Action: ([0.92, 1.07, 0.0, 1.01, 1.46], [1, 1, 0, 1, 2])
Episode: 210; Tool: [-9.20962715 -4.79536772  0.38058132 -0.89193457  1.06506228 -1.35539412
 -1.01025486  6.67878914 -4.69017124  1.26809144]; Score: [-10.47060042]; Action: ([1.45, 0.28, 1.38, 1.02, 0.44], [2, 0, 2, 1, 0])
Episode: 211; Tool: [-3.70542192 -3.99033904 -4.6421814  -0.78008556  0.69847453  1.92622066
  1.18663371 -2.87501192 -0.85360974 -1.68011534]; Score: [-19.52766122]; Action: ([1.42, 1.83, 0.63, 1.14, 0.35], [2, 2, 0, 1, 0])
Episode: 212; Tool: [-5.65686274 -6.3455801  -6.51577854 -1.42953658  1.40734935  3.03014922
  1.65684366 -1.58136547  0.46903777 -2.46509171]; Score: [-27.63150016]; Action: ([0.38, 1.15, 1.15, 0.13, 0.0], [0, 1, 1, 0, 0])
Episode: 213; Tool: [-7.06414604 -5.48270702 -4.30817747 -1.56915259  1.28848004  3.75427771
 -0.89230376 -0.33107233  0.35524911 -1.79419398]; Score: [-23.24466763]; Action: ([0.16, 1.08, 1.19, 0.03, 1.28], [0, 1, 1, 0, 1])
Episode: 214; Tool: [-3.87893534 -2.50746608 -1.13638151 -0.22935626  1.57621574  0.49551302
 -0.06913898  1.26574671 -0.69566572 -0.99371016]; Score: [-19.8861656]; Action: ([0.94, 0.31, 0.22, 0.83, 0.57], [1, 0, 0, 1, 0])
Episode: 215; Tool: [-2.91990161 -2.37205791 -2.36767697 -0.71595055  0.83233511  0.77011418
  0.51117885 -0.35718685 -0.38125271 -0.97984433]; Score: [-22.48696911]; Action: ([0.56, 0.51, 1.91, 0.0, 1.41], [0, 0, 2, 0, 2])
Episode: 216; Tool: [ -0.68681145   2.11040568   7.08033848  -0.63452488   0.97829759
  -0.64825881  -7.37061357  -4.88371229 -10.65697098  -3.18151093]; Score: [-20.40756192]; Action: ([1.28, 2.0, 1.33, 0.58, 0.81], [1, 2, 1, 0, 1])
Episode: 217; Tool: [-5.40176582 -5.51997709 -0.94726735 -2.47411203 -1.60691619 -1.73177791
 -0.26988259  0.2583909  -0.32853401  5.64693213]; Score: [-10.15061098]; Action: ([1.15, 1.7, 1.14, 0.99, 0.1], [1, 2, 1, 1, 0])
Episode: 218; Tool: [  2.61293936  -0.06576529   7.15607834   1.66696644   1.16215646
  -1.38215816  -6.43217421  -6.86797476 -10.21216393  -0.43930042]; Score: [-22.88038715]; Action: ([0.79, 1.54, 0.39, 0.99, 0.81], [1, 2, 0, 1, 1])
Episode: 219; Tool: [-7.94082165 -4.6651001  -4.86249256 -2.61605239  1.44852448  1.65505564
  2.23844934 -1.35175538 -2.99141121 -3.70409393]; Score: [-17.02090214]; Action: ([0.77, 0.64, 1.1, 1.57, 0.22], [1, 0, 1, 2, 0])
Episode: 220; Tool: [-7.89180088 -7.28832293 -8.42622089 -2.08424115  1.38101351  3.98221016
  3.19820881 -2.75957847 -0.65906769 -4.51703835]; Score: [-19.43967442]; Action: ([1.53, 1.08, 1.53, 0.0, 1.01], [2, 1, 2, 0, 1])
Episode: 221; Tool: [-2.99635124 -2.42794347 -0.36681831 -0.06245774  0.71923125 -0.50823933
 -0.9245156  -0.23886722  0.04557058  2.16592836]; Score: [-9.53946043]; Action: ([1.1, 1.29, 0.38, 0.45, 0.72], [1, 1, 0, 0, 1])
Episode: 222; Tool: [-8.98548603 10.71287823  5.39941025 -4.86911726 -3.7316215   2.35686707
 -6.26573992 -3.78634357 -6.30589867 -9.6482811 ]; Score: [-15.81598472]; Action: ([1.98, 0.17, 1.03, 1.14, 0.98], [2, 0, 1, 1, 1])
Episode: 223; Tool: [-1.97425675 -1.78334999 -0.51317024  1.25868869  1.20848405  0.27032673
 -0.65762961 -0.40422475 -1.00040114 -0.48609394]; Score: [-15.62813954]; Action: ([0.85, 1.2, 0.24, 0.87, 1.98], [1, 1, 0, 1, 2])
Episode: 224; Tool: [-5.02632046 -2.31915331 -0.8970626  -0.28770468  2.22966194  0.62269586
 -1.15813184  0.90032482 -1.00110018 -0.99806094]; Score: [-18.03838539]; Action: ([1.29, 0.13, 1.51, 0.47, 0.98], [1, 0, 2, 0, 1])
Episode: 225; Tool: [-12.55374336  14.69047165   7.07699156  -6.49254179  -6.42232943
   2.91233301  -8.58778858  -4.98577499  -7.37243223 -12.43899155]; Score: [-16.51551496]; Action: ([1.26, 0.45, 1.36, 0.8, 1.12], [1, 0, 2, 1, 1])
Episode: 226; Tool: [-6.75213909 -9.81801414 -2.21779919 -3.46989894 -2.18819213 -2.01898503
  0.13559087 -0.39735478 -0.3739481   9.17251492]; Score: [-10.98648153]; Action: ([0.73, 0.56, 0.98, 1.9, 1.62], [1, 0, 1, 2, 2])
Episode: 227; Tool: [-9.09681225 10.37712193  5.1388607  -5.20081663 -4.5429697   1.93018222
 -6.99099493 -3.29590797 -5.22499323 -8.78616905]; Score: [-24.71266267]; Action: ([1.2, 0.36, 0.65, 0.17, 0.71], [1, 0, 0, 0, 1])
Episode: 228; Tool: [-13.22534943  14.86862755   6.57613611  -6.44358635  -8.32129383
   2.42446089  -9.46789837  -4.58867264  -5.0454607  -11.10702229]; Score: [-30.9951669]; Action: ([0.41, 1.83, 0.62, 0.21, 0.27], [0, 2, 0, 0, 0])
Episode: 229; Tool: [-7.15922356 -4.52175522 -4.61719799 -2.13954878  1.4762342   1.50349832
  1.53280663 -0.99960023 -2.23524833 -2.97428226]; Score: [-19.73192504]; Action: ([0.03, 0.72, 0.21, 1.5, 0.91], [0, 1, 0, 2, 1])
Episode: 230; Tool: [ 16.40101242  -3.88992858   9.9461565    8.89882946  -1.96452737
  -1.81986809  -7.46755266 -15.3019495  -15.93776321   1.64616644]; Score: [-25.80564485]; Action: ([1.13, 0.84, 0.19, 1.85, 1.89], [1, 1, 0, 2, 2])
Episode: 231; Tool: [-6.30256987 -0.87628663 -2.04231262 -2.82745433 -3.96415019  0.54716921
 -0.36923334 -1.62766957  5.39536858  1.94702709]; Score: [-12.45374212]; Action: ([0.82, 0.66, 1.74, 0.04, 0.45], [1, 0, 2, 0, 0])
Episode: 232; Tool: [-12.91492271  14.46915436   6.429564    -6.21056175  -7.86260653
   2.44928598  -9.09155655  -4.48565578  -5.06172466 -10.87735558]; Score: [-18.57650068]; Action: ([1.31, 0.16, 0.12, 1.59, 1.57], [1, 0, 0, 2, 2])
Episode: 233; Tool: [-9.28824806 -5.44261789  0.76113886 -1.58892655  3.23316598  0.90422451
 -0.05089581  7.43397331 -3.23738837 -3.33000803]; Score: [-14.25678278]; Action: ([1.63, 1.79, 1.6, 1.83, 1.58], [2, 2, 2, 2, 2])
Episode: 234; Tool: [-4.79630804 -3.05600071 -3.10675859 -0.62640601  1.41343284  1.45849466
  0.66896844 -0.6722163  -0.8212381  -2.05537701]; Score: [-20.85071966]; Action: ([0.01, 1.5, 1.01, 1.14, 0.99], [0, 2, 1, 1, 1])
Episode: 235; Tool: [-2.93956995 -2.00090814 -1.44964993 -0.69570833  1.1485008   1.37091184
 -0.06574709  0.28404459 -0.50818312 -1.74919736]; Score: [-23.52794936]; Action: ([0.18, 1.58, 0.5, 0.25, 1.55], [0, 2, 0, 0, 2])
Episode: 236; Tool: [-3.4675386  -2.02640772 -2.21316051 -1.54314637 -0.30388227  0.77144015
  2.08425093 -1.25519025  0.45668977 -0.95652556]; Score: [-16.00399852]; Action: ([1.25, 0.01, 1.24, 1.11, 0.74], [1, 0, 1, 1, 1])
Episode: 237; Tool: [-5.08628941 -3.46111822 -3.34800816 -1.13090658  1.43982601  0.86807203
  0.36900413 -0.68042415 -0.92278349 -1.1711973 ]; Score: [-23.61214691]; Action: ([0.11, 1.4, 1.71, 1.3, 0.46], [0, 2, 2, 1, 0])
Episode: 238; Tool: [  1.32571316   0.76346576   7.75323296   0.56855816   1.44402623
  -1.28598309  -7.23717499  -6.59958601 -11.31555939  -1.63849163]; Score: [-24.70100729]; Action: ([1.44, 0.77, 0.23, 0.23, 0.67], [2, 1, 0, 0, 1])
Episode: 239; Tool: [-11.60370922  13.66806793   6.60347509  -6.21723843  -6.00061846
   2.69868469  -8.39693165  -4.60323095  -6.75256252 -11.56076908]; Score: [-19.36818907]; Action: ([1.44, 0.88, 0.41, 1.26, 0.55], [2, 1, 0, 1, 0])
Episode: 240; Tool: [-8.12974453  9.54930782  4.81619453 -4.47157812 -3.46454787  1.96809125
 -5.6820612  -3.27494025 -5.63563776 -8.55357933]; Score: [-13.61879402]; Action: ([1.76, 1.13, 1.22, 0.52, 1.78], [2, 1, 1, 0, 2])
Episode: 241; Tool: [-8.70622063 10.46496773  5.24033642 -4.73956966 -3.83168817  2.17120075
 -6.02426958 -3.70887065 -6.16035748 -9.39657116]; Score: [-23.76914117]; Action: ([1.09, 0.8, 0.24, 1.3, 0.14], [1, 1, 0, 1, 0])
Episode: 242; Tool: [  1.91469097   0.51639509   7.24413395   1.64887881   1.3647902
  -1.23677576  -6.82325411  -6.5870347  -10.20602226  -0.88031304]; Score: [-22.47254392]; Action: ([0.29, 1.6, 0.29, 1.14, 1.65], [0, 2, 0, 1, 2])
Episode: 243; Tool: [-1.3518151  -1.81514215 -1.55404735 -0.04450959  0.34308961  0.55084956
 -0.02196295 -0.74594748 -0.25203881  0.10333702]; Score: [-15.46552794]; Action: ([1.92, 0.57, 0.22, 0.39, 2.0], [2, 0, 0, 0, 2])
Episode: 244; Tool: [ 0.08461246 -0.45299551  1.2848618   2.13374639  0.79665327 -0.41661704
 -1.43722725 -1.07977605 -1.80860829  0.39156264]; Score: [-22.83031424]; Action: ([0.78, 1.96, 0.85, 0.57, 1.12], [1, 2, 1, 0, 1])
Episode: 245; Tool: [-3.4775064  -2.36371446 -1.92065465 -0.53372103  1.21544957  0.60316318
  0.05401788  0.06267313 -0.58621705 -0.93486333]; Score: [-25.81573572]; Action: ([0.47, 1.62, 0.27, 0.07, 1.0], [0, 2, 0, 0, 1])
Episode: 246; Tool: [-7.95029974 -3.28304839 -5.70379543 -2.68803334 -0.60210216  1.96999359
  5.43798494 -2.7285645  -3.21910548 -4.89274168]; Score: [-14.66624639]; Action: ([0.0, 0.83, 0.79, 1.93, 1.7], [0, 1, 1, 2, 2])
Episode: 247; Tool: [-7.06840372 -4.21697187 -5.91061258 -2.43628573  0.30118722  2.54152536
  4.06508255 -2.81032753 -2.24521923 -4.84855413]; Score: [-18.30983302]; Action: ([0.83, 1.13, 0.08, 1.29, 0.79], [1, 1, 0, 1, 1])
Episode: 248; Tool: [-12.53721046  13.95156002   6.07438231  -5.94821119  -7.96787214
   2.22316265  -8.95910168  -4.20670414  -4.31984138 -10.13158989]; Score: [-15.08463588]; Action: ([1.57, 1.67, 1.33, 0.68, 1.56], [2, 2, 1, 1, 2])
Episode: 249; Tool: [-14.6197958   16.71083641   7.53169298  -7.40280199  -9.17984676
   2.76331592 -10.54591751  -5.26415157  -6.25899649 -12.90014458]; Score: [-21.59696328]; Action: ([0.24, 1.28, 0.92, 0.9, 1.11], [0, 1, 1, 1, 1])
Episode: 250; Tool: [-7.85792351 -3.25099397 -1.12077105 -2.43739533  1.22269773 -0.71638805
  0.70754659  0.91749424 -4.56229782 -1.23641288]; Score: [-23.20761215]; Action: ([0.32, 1.58, 0.46, 0.23, 1.47], [0, 2, 0, 0, 2])
Episode: 251; Tool: [-3.15617514 -4.56982994 -1.37780452 -1.59836817 -0.61984587 -0.10896139
 -0.58975327 -1.01419568  0.35134059  3.720541  ]; Score: [-10.84418564]; Action: ([1.63, 1.65, 0.95, 0.55, 0.5], [2, 2, 1, 0, 0])
Episode: 252; Tool: [-2.28881621  2.55742002  0.35186452 -0.67323107 -3.1668489  -0.77666211
 -0.70478517 -0.69878769 -0.11848849 -1.2039305 ]; Score: [-18.04601353]; Action: ([1.1, 0.81, 1.34, 0.4, 1.12], [1, 1, 2, 0, 1])
Episode: 253; Tool: [-1.05047035 -1.19266486  1.75654078  3.22278762  1.5851264  -0.54438174
 -2.25848532 -0.9314478  -2.56064534  0.18883395]; Score: [-11.03120337]; Action: ([1.88, 0.63, 1.58, 1.19, 1.38], [2, 0, 2, 1, 2])
Episode: 254; Tool: [-5.24301624 -4.17815685 -4.59511518 -1.29092717  1.12868106  1.94255495
  1.60207605 -1.2352047  -0.79606622 -2.46157265]; Score: [-20.03156454]; Action: ([1.24, 1.3, 0.41, 0.96, 0.24], [1, 1, 0, 1, 0])
Episode: 255; Tool: [-5.90102482 -3.41351819 -5.53594494 -1.53792     0.46289399  2.4201355
  3.41124916 -2.71714091 -2.05605245 -4.41308832]; Score: [-10.67527135]; Action: ([1.01, 0.6, 1.74, 1.85, 1.9], [1, 0, 2, 2, 2])
Episode: 256; Tool: [ 1.54440629 -0.65937698  3.07789636  4.11653423  0.96552682 -0.8866601
 -3.20282006 -2.75229597 -3.8172369   1.1852566 ]; Score: [-14.62531308]; Action: ([1.91, 0.1, 1.02, 1.01, 1.59], [2, 0, 1, 1, 2])
Episode: 257; Tool: [-10.81715488  -6.62735939  -0.07031138  -0.96078044   2.23280334
  -1.00337958   0.72361159   9.86318111  -5.49104404  -0.624762  ]; Score: [-14.4103046]; Action: ([0.02, 0.32, 1.51, 0.27, 0.45], [0, 0, 2, 0, 0])
Episode: 258; Tool: [-4.01897764 -4.64393997 -2.98254704 -3.58494782 -0.52677405  0.04486074
  1.8007021  -2.93743944  1.7587173   1.70179009]; Score: [-11.51970328]; Action: ([0.49, 0.2, 0.41, 1.13, 1.48], [0, 0, 0, 1, 2])
Episode: 259; Tool: [-3.73066258 -2.13709283 -1.02359664  0.56720567  1.72502196  0.17955242
 -0.51198739  0.65646231 -0.54761368 -0.56917912]; Score: [-18.25941771]; Action: ([0.91, 0.8, 1.71, 0.15, 1.73], [1, 1, 2, 0, 2])
Episode: 260; Tool: [-4.53439617 -2.45839071 -0.07379016  0.16586253  2.13931775  0.22241445
 -0.55170768  2.50565934 -0.88335973 -0.85041803]; Score: [-23.75298056]; Action: ([0.44, 1.7, 0.34, 1.06, 0.44], [0, 2, 0, 1, 0])
Episode: 261; Tool: [ 0.73565924 -0.75036561  2.20952535  3.20995975  0.97576547 -0.47791678
 -2.29082823 -1.66220713 -2.6888001   0.6943363 ]; Score: [-14.79815555]; Action: ([1.37, 0.49, 0.59, 1.61, 1.56], [2, 0, 0, 2, 2])
Episode: 262; Tool: [ 3.60284662 -2.52181172  2.39605904  2.75513601 -0.69327903 -0.79080653
 -2.34703636 -3.95048332 -6.5147438  -0.69236028]; Score: [-21.3358303]; Action: ([0.11, 0.82, 0.43, 1.05, 0.68], [0, 1, 0, 1, 1])
Episode: 263; Tool: [-6.23389482 -1.34081876 -1.02686501 -1.94021797 -3.15184236  0.9005897
  0.15514149  0.62052363  4.5558815   0.29156661]; Score: [-10.42232148]; Action: ([1.19, 1.05, 1.11, 0.06, 0.29], [1, 1, 1, 0, 0])
Episode: 264; Tool: [-4.07757473  0.78623652  1.34385264 -0.27604997  2.02742386  0.16055788
 -2.49473667  0.15228608 -2.35088158 -1.89920521]; Score: [-18.08697888]; Action: ([0.81, 0.2, 1.92, 1.73, 0.59], [1, 0, 2, 2, 0])
Episode: 265; Tool: [-12.61740303  14.71775723   7.07834291  -6.54222584  -6.4642067
   2.94614935  -8.79283714  -4.95058012  -7.2034831  -12.37136745]; Score: [-14.66013088]; Action: ([1.38, 1.03, 1.49, 1.23, 0.64], [2, 1, 2, 1, 0])
Episode: 266; Tool: [ 1.03439093 -0.2551606   5.08620548  2.22154903  1.51307392 -1.24957585
 -4.83238506 -4.34925461 -6.71951532  0.07666838]; Score: [-16.72119163]; Action: ([0.06, 0.41, 1.53, 1.86, 1.54], [0, 0, 2, 2, 2])
Episode: 267; Tool: [-14.18078709  -3.41604185  -4.49053764  -7.10706663  -8.89854336
   1.7439189    0.26972654  -3.45799923  12.71721268   4.4168396 ]; Score: [-11.71660636]; Action: ([1.25, 0.71, 1.53, 2.0, 1.47], [1, 1, 2, 2, 2])
Episode: 268; Tool: [ 16.40101242  -3.88992858   9.9461565    8.89882946  -1.96452737
  -1.81986809  -7.46755266 -15.3019495  -15.93776321   1.64616644]; Score: [-16.36626179]; Action: ([0.52, 0.88, 0.94, 0.88, 0.8], [0, 1, 1, 1, 1])
Episode: 269; Tool: [-5.62663317 -3.17199993 -0.75941545 -1.00714755  1.90038276  0.52743638
 -0.07931545  2.60546446 -2.05278659 -1.91883051]; Score: [-9.05381593]; Action: ([0.83, 0.32, 1.07, 0.63, 0.64], [1, 0, 1, 0, 0])
Episode: 270; Tool: [-13.25835896  -2.39105582  -3.44987082  -7.29567909  -9.3650713
   1.04129791   0.5378232   -3.37229109  12.5656395    4.65201569]; Score: [-10.55739469]; Action: ([0.86, 0.39, 0.76, 1.53, 1.68], [1, 0, 1, 2, 2])
Episode: 271; Tool: [-10.53588486  12.24945831   5.80148172  -5.51063204  -5.58998871
   2.3309145   -7.61608219  -4.05083752  -5.67473412 -10.10285282]; Score: [-19.27737701]; Action: ([1.47, 0.94, 0.26, 0.68, 1.3], [2, 1, 0, 1, 1])
Episode: 272; Tool: [-12.02939606  14.15434933   6.78367376  -6.39938354  -6.39983892
   2.69982314  -8.46715546  -4.80813599  -7.07280064 -12.01544189]; Score: [-16.78306857]; Action: ([0.59, 0.07, 1.04, 1.44, 2.0], [0, 0, 1, 2, 2])
Episode: 273; Tool: [-1.3442378   1.83855307  6.7535634  -0.05537087  2.01341653 -0.70852143
 -6.93023968 -4.3549509  -9.7276516  -2.87291479]; Score: [-18.93786861]; Action: ([1.05, 0.08, 1.4, 0.35, 1.64], [1, 0, 2, 0, 2])
Episode: 274; Tool: [-1.05749547 -1.15690708  0.22131227  1.56191468  0.9920969  -0.07878442
 -0.96583408 -0.67458504 -1.32594883 -0.12079427]; Score: [-19.84063057]; Action: ([0.76, 0.86, 1.38, 0.16, 1.32], [1, 1, 2, 0, 1])
Episode: 275; Tool: [-6.99564171 -3.54623437  0.87132436 -0.19600844  2.89649057 -0.02318534
 -0.50851548  5.4044199  -2.42342067 -1.78681219]; Score: [-13.56293995]; Action: ([1.98, 0.64, 1.73, 0.3, 1.38], [2, 0, 2, 0, 2])
Episode: 276; Tool: [-5.5509963  -1.85798812 -0.18272328 -0.61135393  2.08033013  0.04486905
 -1.89896882  0.6876092  -2.04795241 -0.20497638]; Score: [-20.80471063]; Action: ([1.07, 1.24, 0.44, 0.98, 0.14], [1, 1, 0, 1, 0])
Episode: 277; Tool: [-3.26254129 -1.0271697  -1.98182189 -0.73746973  0.4378978   0.61011654
  1.50713253 -0.96241379 -1.65454555 -2.08523083]; Score: [-13.28405504]; Action: ([0.52, 1.2, 1.08, 1.46, 1.88], [0, 1, 1, 2, 2])
Episode: 278; Tool: [-2.91990161 -2.37205791 -2.36767697 -0.71595055  0.83233511  0.77011418
  0.51117885 -0.35718685 -0.38125271 -0.97984433]; Score: [-13.81854647]; Action: ([0.61, 0.47, 1.85, 1.71, 1.74], [0, 0, 2, 2, 2])
Episode: 279; Tool: [-7.82751608 -4.43400669  0.25602818 -1.20222855  1.7155211  -0.56975192
 -0.11452533  6.26835489 -3.8395555  -0.52615237]; Score: [-8.9692946]; Action: ([0.9, 0.72, 0.22, 0.83, 0.75], [1, 1, 0, 1, 1])
Episode: 280; Tool: [-7.13735867 -4.5532546  -6.58356476 -2.2967658   0.06739229  2.82289743
  4.42708874 -2.77018118 -2.2829392  -5.6122756 ]; Score: [-21.78498328]; Action: ([1.56, 1.97, 1.34, 0.18, 0.84], [2, 2, 2, 0, 1])
Episode: 281; Tool: [ -9.683815    11.52191353   5.72589445  -5.18722439  -4.36846256
   2.41742206  -6.72023344  -4.02618265  -6.47396421 -10.17390633]; Score: [-11.06233744]; Action: ([1.91, 0.69, 0.69, 1.88, 1.75], [2, 1, 1, 2, 2])
Episode: 282; Tool: [ 16.40101242  -3.88992858   9.9461565    8.89882946  -1.96452737
  -1.81986809  -7.46755266 -15.3019495  -15.93776321   1.64616644]; Score: [-31.85334272]; Action: ([1.94, 1.43, 1.24, 1.12, 1.8], [2, 2, 1, 1, 2])
Episode: 283; Tool: [ 16.40101242  -3.88992858   9.9461565    8.89882946  -1.96452737
  -1.81986809  -7.46755266 -15.3019495  -15.93776321   1.64616644]; Score: [-22.60505488]; Action: ([1.04, 1.22, 0.49, 0.89, 1.78], [1, 1, 0, 1, 2])
Episode: 284; Tool: [-13.26048279  14.76683998   6.40152073  -6.29980803  -8.5897789
   2.3053453   -9.44665241  -4.45091581  -4.51759577 -10.69843292]; Score: [-13.28932361]; Action: ([1.72, 0.23, 1.41, 1.73, 0.91], [2, 0, 2, 2, 1])
Episode: 285; Tool: [-5.48254347 -4.29559469 -3.79147124 -0.75422174  1.90814996  2.33369517
  0.12760061 -0.5430972  -0.36833557 -2.57860422]; Score: [-16.16768477]; Action: ([1.46, 0.46, 1.45, 0.05, 1.77], [2, 0, 2, 0, 2])
Episode: 286; Tool: [-7.7341094  -6.46141005 -8.82900238 -2.54771185  0.85464764  3.58979869
  3.55362821 -4.12564516 -1.35977149 -4.47909594]; Score: [-11.54262131]; Action: ([1.31, 0.38, 1.21, 1.68, 1.05], [1, 0, 1, 2, 1])
Episode: 287; Tool: [-5.08563566 -3.14861727 -3.76508379 -1.13887739  0.87058139  1.8225224
  2.20989799 -0.95359212 -1.54749823 -3.24548292]; Score: [-12.12073304]; Action: ([1.29, 0.96, 1.51, 1.84, 1.03], [1, 1, 2, 2, 1])
Episode: 288; Tool: [-3.8920207  -1.98518014 -0.58433986 -0.8190518   0.95932615  0.34351647
 -0.55817556  1.60971332 -1.56308055 -0.43774331]; Score: [-23.49021367]; Action: ([0.87, 1.79, 0.44, 0.34, 0.77], [1, 2, 0, 0, 1])
Episode: 289; Tool: [-0.79734957 -1.03093195  1.65064859  2.98088479  1.44033718 -0.52584434
 -2.11792421 -0.92170829 -2.27917647  0.36004469]; Score: [-19.67072513]; Action: ([1.4, 1.33, 0.19, 1.67, 0.62], [2, 1, 0, 2, 0])
Episode: 290; Tool: [-3.7515049   0.13578686  4.02767372 -1.57658696  1.50224638 -2.03558564
 -3.33738971 -1.09739852 -3.71145535  0.01038027]; Score: [-16.35493962]; Action: ([1.61, 1.7, 0.07, 1.93, 1.66], [2, 2, 0, 2, 2])
Episode: 291; Tool: [-5.65685225 -6.48568916 -5.95911884 -0.93634707  1.82372773  3.16399479
  1.27926767 -0.8498137   1.0213424  -1.86297655]; Score: [-14.67153382]; Action: ([1.29, 1.13, 1.0, 1.08, 0.78], [1, 1, 1, 1, 1])
Episode: 292; Tool: [  0.6006484    1.23066497   7.67838907  -0.01761919   1.4558599
  -1.03288209  -7.39056921  -6.00886202 -11.52902031  -2.39879656]; Score: [-15.20909428]; Action: ([1.01, 0.03, 1.29, 1.27, 1.8], [1, 0, 1, 1, 2])
Episode: 293; Tool: [-8.49059677 -7.5335474  -5.98538589 -1.47585654  2.40269423  4.71357059
  0.31987229  0.10265432  0.98289591 -3.53818035]; Score: [-20.06986658]; Action: ([1.17, 1.89, 0.8, 0.26, 1.32], [1, 2, 1, 0, 1])
Episode: 294; Tool: [-4.97726488 -0.97487485  1.33206403  0.32130891  2.50952077 -0.30591798
 -1.76380515  2.45192099 -1.82932878 -1.18731761]; Score: [-11.8874555]; Action: ([1.51, 0.17, 1.46, 0.29, 1.09], [2, 0, 2, 0, 1])
Episode: 295; Tool: [ 3.29879498 -0.39753976  5.67083788  2.97502947  0.84842813 -1.10122752
 -5.1866107  -6.06019688 -7.84183073  0.31663382]; Score: [-17.45092918]; Action: ([2.0, 0.49, 0.24, 1.93, 0.67], [2, 0, 0, 2, 1])
Episode: 296; Tool: [-3.26254129 -1.0271697  -1.98182189 -0.73746973  0.4378978   0.61011654
  1.50713253 -0.96241379 -1.65454555 -2.08523083]; Score: [-24.09143916]; Action: ([0.18, 0.22, 1.72, 0.23, 1.14], [0, 0, 2, 0, 1])
Episode: 297; Tool: [-13.63746548  15.46259308   6.86284924  -6.79006338  -8.72491169
   2.47985077  -9.92569351  -4.77410793  -5.31383705 -11.62288475]; Score: [-13.2729393]; Action: ([1.07, 1.77, 1.46, 1.41, 1.76], [1, 2, 2, 2, 2])
Episode: 298; Tool: [-5.77360916 -2.48696041  0.76012027 -0.25444883  2.04447842 -0.7849279
 -0.63725293  4.25863791 -2.50307345 -0.49082696]; Score: [-13.92561835]; Action: ([1.03, 0.33, 1.66, 0.0, 1.82], [1, 0, 2, 0, 2])
Episode: 299; Tool: [ 1.14006495  0.64178574  6.36157465  1.32800627  1.41532445 -1.10687613
 -6.10579824 -5.52625179 -8.8864975  -0.98120368]; Score: [-23.5704724]; Action: ([1.35, 0.55, 0.16, 0.8, 0.59], [2, 0, 0, 1, 0])
Episode: 300; Tool: [-0.89114654 -1.30121732  1.10832441  2.52560925  1.31310928 -0.20149821
 -1.66727638 -0.76370853 -1.9234916   0.10623246]; Score: [-16.70837955]; Action: ([1.37, 0.48, 1.31, 1.66, 0.34], [2, 0, 1, 2, 0])
