Episode: 0; Score: -3.013141107338015; Action: ([2.0, 1.0, 1.01, 0.0, 2.0], [2, 1, 1, 0, 2])
Episode: 1; Score: -1.15835539996624; Action: ([1.98, 1.14, 0.0, 2.0, 2.0], [2, 1, 0, 2, 2])
Episode: 2; Score: -6.20015212893486; Action: ([1.07, 0.0, 1.95, 2.0, 1.17], [1, 0, 2, 2, 1])
Episode: 3; Score: -5.084207606036216; Action: ([0.0, 1.0, 0.88, 1.04, 0.0], [0, 1, 1, 1, 0])
Episode: 4; Score: -2.308724634349346; Action: ([2.0, 0.84, 0.9, 0.0, 1.95], [2, 1, 1, 0, 2])
Episode: 5; Score: -1.236853364855051; Action: ([2.0, 0.95, 0.0, 1.99, 1.82], [2, 1, 0, 2, 2])
Episode: 6; Score: -2.707832890795544; Action: ([0.94, 0.12, 1.84, 1.94, 1.0], [1, 0, 2, 2, 1])
Episode: 7; Score: -5.116068176925182; Action: ([0.0, 0.93, 1.17, 1.06, 0.07], [0, 1, 1, 1, 0])
Episode: 8; Score: -2.1566086364910007; Action: ([2.0, 0.85, 0.99, 0.0, 2.0], [2, 1, 1, 0, 2])
Episode: 9; Score: -1.4512813687324524; Action: ([1.84, 1.21, 0.01, 1.91, 2.0], [2, 1, 0, 2, 2])
Episode: 10; Score: -3.13493075966835; Action: ([0.97, 0.0, 2.0, 2.0, 1.11], [1, 0, 2, 2, 1])
Episode: 11; Score: -5.139622516930103; Action: ([0.0, 1.04, 0.85, 0.82, 0.23], [0, 1, 1, 1, 0])
Episode: 12; Score: -5.400164598599076; Action: ([1.75, 0.98, 0.82, 0.04, 1.82], [2, 1, 1, 0, 2])
Episode: 13; Score: -7.1070394814014435; Action: ([1.89, 1.27, 0.0, 2.0, 1.95], [2, 1, 0, 2, 2])
Episode: 14; Score: -2.8994476357474923; Action: ([0.99, 0.03, 1.86, 1.99, 1.06], [1, 0, 2, 2, 1])
Episode: 15; Score: -5.221425442956388; Action: ([0.03, 1.13, 0.99, 0.88, 0.0], [0, 1, 1, 1, 0])
Episode: 16; Score: -1.980167762376368; Action: ([2.0, 0.99, 0.97, 0.06, 2.0], [2, 1, 1, 0, 2])
Episode: 17; Score: -3.838421940803528; Action: ([2.0, 1.05, 0.0, 1.95, 1.84], [2, 1, 0, 2, 2])
Episode: 18; Score: -4.004373289644718; Action: ([1.04, 0.07, 1.99, 2.0, 0.87], [1, 0, 2, 2, 1])
Episode: 19; Score: -4.97659071162343; Action: ([0.12, 1.12, 1.0, 1.03, 0.0], [0, 1, 1, 1, 0])
Episode: 20; Score: -3.2573792468756437; Action: ([1.84, 1.01, 0.99, 0.02, 1.9], [2, 1, 1, 0, 2])
Episode: 21; Score: -3.6917550563812256; Action: ([1.93, 1.16, 0.1, 1.87, 1.83], [2, 1, 0, 2, 2])
Episode: 22; Score: -3.7681190744042397; Action: ([1.1, 0.0, 1.92, 2.0, 1.05], [1, 0, 2, 2, 1])
Episode: 23; Score: -2.908905176445842; Action: ([0.0, 0.86, 0.98, 1.07, 0.0], [0, 1, 1, 1, 0])
Episode: 24; Score: -2.2011305391788483; Action: ([1.91, 0.85, 1.02, 0.07, 2.0], [2, 1, 1, 0, 2])
Episode: 25; Score: -3.903539925813675; Action: ([2.0, 0.92, 0.09, 1.99, 1.92], [2, 1, 0, 2, 2])
Episode: 26; Score: -4.081915434449911; Action: ([1.05, 0.0, 2.0, 2.0, 0.87], [1, 0, 2, 2, 1])
Episode: 27; Score: -2.815287698060274; Action: ([0.0, 0.92, 0.91, 0.99, 0.0], [0, 1, 1, 1, 0])
Episode: 28; Score: -2.2353993989527225; Action: ([2.0, 0.86, 0.99, 0.0, 1.91], [2, 1, 1, 0, 2])
Episode: 29; Score: -0.9859678894281387; Action: ([1.94, 0.96, 0.11, 2.0, 2.0], [2, 1, 0, 2, 2])
Episode: 30; Score: -3.7114741262048483; Action: ([0.98, 0.13, 1.94, 2.0, 1.11], [1, 0, 2, 2, 1])
Episode: 31; Score: -3.095182480290532; Action: ([0.0, 1.15, 1.02, 0.84, 0.09], [0, 1, 1, 1, 0])
Episode: 32; Score: -6.209260247647762; Action: ([1.96, 1.08, 1.17, 0.0, 2.0], [2, 1, 1, 0, 2])
Episode: 33; Score: -2.076214976608753; Action: ([2.0, 0.96, 0.0, 2.0, 1.96], [2, 1, 0, 2, 2])
Episode: 34; Score: -5.874006573110819; Action: ([0.9, 0.07, 2.0, 1.96, 0.95], [1, 0, 2, 2, 1])
Episode: 35; Score: -5.9721899456344545; Action: ([0.0, 0.93, 1.01, 1.09, 0.0], [0, 1, 1, 1, 0])
Episode: 36; Score: -3.0727329924702644; Action: ([1.84, 1.05, 1.1, 0.1, 1.94], [2, 1, 1, 0, 2])
Episode: 37; Score: -1.1660342700779438; Action: ([2.0, 0.94, 0.05, 2.0, 1.85], [2, 1, 0, 2, 2])
Episode: 38; Score: -5.542734511196613; Action: ([0.74, 0.01, 1.94, 1.92, 0.93], [1, 0, 2, 2, 1])
Episode: 39; Score: -5.8981151059269905; Action: ([0.0, 1.07, 1.11, 0.84, 0.23], [0, 1, 1, 1, 0])
Episode: 40; Score: -5.979795495048165; Action: ([2.0, 0.96, 1.02, 0.0, 2.0], [2, 1, 1, 0, 2])
Episode: 41; Score: -2.151845470070839; Action: ([1.96, 1.11, 0.0, 2.0, 2.0], [2, 1, 0, 2, 2])
Episode: 42; Score: -2.8817070368677378; Action: ([1.14, 0.0, 2.0, 2.0, 0.97], [1, 0, 2, 2, 1])
Episode: 43; Score: -2.2888353392481804; Action: ([0.04, 0.92, 0.91, 0.84, 0.0], [0, 1, 1, 1, 0])
Episode: 44; Score: -3.1384680829942226; Action: ([2.0, 0.96, 0.9, 0.0, 2.0], [2, 1, 1, 0, 2])
Episode: 45; Score: -1.3113128393888474; Action: ([1.98, 1.2, 0.09, 1.82, 2.0], [2, 1, 0, 2, 2])
Episode: 46; Score: -6.146048475056887; Action: ([1.05, 0.0, 2.0, 2.0, 1.09], [1, 0, 2, 2, 1])
Episode: 47; Score: -4.779452191665769; Action: ([0.15, 0.95, 0.97, 1.12, 0.04], [0, 1, 1, 1, 0])
Episode: 48; Score: -2.1982512772083282; Action: ([1.97, 0.89, 1.07, 0.0, 2.0], [2, 1, 1, 0, 2])
Episode: 49; Score: -6.709213055670261; Action: ([2.0, 0.94, 0.0, 1.89, 1.88], [2, 1, 0, 2, 2])
Episode: 50; Score: -4.062978258356452; Action: ([0.73, 0.08, 1.89, 2.0, 1.02], [1, 0, 2, 2, 1])
Episode: 51; Score: -2.8130802288651466; Action: ([0.0, 1.07, 0.78, 0.85, 0.11], [0, 1, 1, 1, 0])
Episode: 52; Score: -2.9168900174554437; Action: ([1.96, 0.96, 1.0, 0.0, 1.91], [2, 1, 1, 0, 2])
Episode: 53; Score: -2.081232510507107; Action: ([2.0, 0.93, 0.0, 1.99, 2.0], [2, 1, 0, 2, 2])
Episode: 54; Score: -3.036388136446476; Action: ([0.85, 0.0, 1.96, 1.89, 0.97], [1, 0, 2, 2, 1])
Episode: 55; Score: -3.0841629952192307; Action: ([0.0, 1.02, 1.05, 0.94, 0.07], [0, 1, 1, 1, 0])
Episode: 56; Score: -6.039444599300623; Action: ([1.99, 0.99, 1.05, 0.02, 2.0], [2, 1, 1, 0, 2])
Episode: 57; Score: -6.932410575449467; Action: ([2.0, 0.93, 0.0, 2.0, 2.0], [2, 1, 0, 2, 2])
Episode: 58; Score: -4.125716822221875; Action: ([1.02, 0.0, 1.92, 1.91, 0.86], [1, 0, 2, 2, 1])
Episode: 59; Score: -3.035601943731308; Action: ([0.0, 1.01, 1.11, 0.91, 0.0], [0, 1, 1, 1, 0])
Episode: 60; Score: -3.1809103712439537; Action: ([2.0, 1.08, 0.9, 0.0, 2.0], [2, 1, 1, 0, 2])
Episode: 61; Score: -1.139857903122902; Action: ([1.98, 1.15, 0.03, 2.0, 2.0], [2, 1, 0, 2, 2])
Episode: 62; Score: -2.8951758556067944; Action: ([1.13, 0.03, 2.0, 1.92, 1.02], [1, 0, 2, 2, 1])
Episode: 63; Score: -5.643927939236164; Action: ([0.12, 0.88, 1.19, 1.09, 0.07], [0, 1, 1, 1, 0])
Episode: 64; Score: -3.0591267198324203; Action: ([1.98, 1.02, 0.93, 0.0, 1.99], [2, 1, 1, 0, 2])
Episode: 65; Score: -3.7791425436735153; Action: ([1.95, 0.86, 0.17, 1.85, 2.0], [2, 1, 0, 2, 2])
Episode: 66; Score: -3.8531922632828355; Action: ([0.99, 0.09, 1.94, 2.0, 1.01], [1, 0, 2, 2, 1])
Episode: 67; Score: -3.008574206382036; Action: ([0.0, 0.96, 0.92, 1.11, 0.02], [0, 1, 1, 1, 0])
Episode: 68; Score: -3.0288083776831627; Action: ([1.84, 1.07, 1.18, 0.02, 1.96], [2, 1, 1, 0, 2])
Episode: 69; Score: -1.1298168152570724; Action: ([2.0, 1.17, 0.04, 2.0, 2.0], [2, 1, 0, 2, 2])
Episode: 70; Score: -3.8527938537299633; Action: ([1.05, 0.0, 2.0, 1.96, 1.14], [1, 0, 2, 2, 1])
Episode: 71; Score: -5.106220494955778; Action: ([0.07, 0.85, 0.94, 1.03, 0.0], [0, 1, 1, 1, 0])
Episode: 72; Score: -2.9644485600292683; Action: ([2.0, 1.13, 0.96, 0.11, 1.91], [2, 1, 1, 0, 2])
Episode: 73; Score: -1.1417247541248798; Action: ([1.93, 0.94, 0.15, 2.0, 1.83], [2, 1, 0, 2, 2])
Episode: 74; Score: -5.592042461037636; Action: ([0.71, 0.09, 1.96, 1.97, 0.87], [1, 0, 2, 2, 1])
Episode: 75; Score: -3.1627744156867266; Action: ([0.0, 1.04, 1.03, 1.03, 0.06], [0, 1, 1, 1, 0])
Episode: 76; Score: -5.981593100354075; Action: ([1.99, 1.02, 1.07, 0.0, 1.9], [2, 1, 1, 0, 2])
Episode: 77; Score: -6.946444842964411; Action: ([2.0, 0.95, 0.0, 2.0, 2.0], [2, 1, 0, 2, 2])
Episode: 78; Score: -4.239619702100754; Action: ([0.92, 0.0, 2.0, 2.0, 0.85], [1, 0, 2, 2, 1])
Episode: 79; Score: -3.022817624383606; Action: ([0.06, 1.0, 1.04, 0.92, 0.0], [0, 1, 1, 1, 0])
Episode: 80; Score: -3.129847005009651; Action: ([1.99, 1.2, 1.12, 0.0, 1.82], [2, 1, 1, 0, 2])
Episode: 81; Score: -6.732302144169807; Action: ([2.0, 0.83, 0.0, 2.0, 1.91], [2, 1, 0, 2, 2])
Episode: 82; Score: -3.1667244769632816; Action: ([1.04, 0.0, 2.0, 2.0, 1.12], [1, 0, 2, 2, 1])
Episode: 83; Score: -3.2767694424837828; Action: ([0.12, 1.09, 1.03, 1.04, 0.0], [0, 1, 1, 1, 0])
Episode: 84; Score: -2.2878535464406013; Action: ([1.88, 0.95, 0.86, 0.03, 2.0], [2, 1, 1, 0, 2])
Episode: 85; Score: -1.0950360111892223; Action: ([2.0, 1.01, 0.0, 1.92, 2.0], [2, 1, 0, 2, 2])
Episode: 86; Score: -3.768333515152335; Action: ([0.96, 0.06, 1.8, 2.0, 1.01], [1, 0, 2, 2, 1])
Episode: 87; Score: -4.889067258220166; Action: ([0.0, 1.06, 1.0, 1.04, 0.12], [0, 1, 1, 1, 0])
Episode: 88; Score: -6.0368556417524815; Action: ([2.0, 0.98, 1.04, 0.02, 2.0], [2, 1, 1, 0, 2])
Episode: 89; Score: -3.922664374113083; Action: ([2.0, 0.84, 0.0, 1.87, 1.9], [2, 1, 0, 2, 2])
Episode: 90; Score: -2.758827306330204; Action: ([1.15, 0.17, 1.99, 2.0, 0.93], [1, 0, 2, 2, 1])
Episode: 91; Score: -5.068233773112297; Action: ([0.02, 1.11, 1.07, 1.09, 0.0], [0, 1, 1, 1, 0])
Episode: 92; Score: -3.0953624173998833; Action: ([1.88, 0.9, 1.2, 0.04, 1.96], [2, 1, 1, 0, 2])
Episode: 93; Score: -1.3008783608675003; Action: ([1.91, 0.92, 0.0, 1.91, 1.95], [2, 1, 0, 2, 2])
Episode: 94; Score: -5.7222543358802795; Action: ([0.88, 0.0, 2.0, 2.0, 0.84], [1, 0, 2, 2, 1])
Episode: 95; Score: -2.7911034282296896; Action: ([0.0, 1.03, 0.84, 0.92, 0.0], [0, 1, 1, 1, 0])
Episode: 96; Score: -2.1423916667699814; Action: ([2.0, 1.04, 0.9, 0.0, 2.0], [2, 1, 1, 0, 2])
Episode: 97; Score: -6.9444929510355; Action: ([2.0, 1.03, 0.04, 1.88, 2.0], [2, 1, 0, 2, 2])
Episode: 98; Score: -3.079813420306891; Action: ([1.0, 0.0, 1.96, 1.94, 1.03], [1, 0, 2, 2, 1])
Episode: 99; Score: -2.2954562082886696; Action: ([0.06, 1.16, 1.04, 0.84, 0.0], [0, 1, 1, 1, 0])
Episode: 100; Score: -5.893549695611; Action: ([1.84, 1.08, 0.97, 0.08, 1.92], [2, 1, 1, 0, 2])
Episode: 101; Score: -2.009135094471276; Action: ([2.0, 0.99, 0.0, 2.0, 2.0], [2, 1, 0, 2, 2])
Episode: 102; Score: -2.864141419529915; Action: ([1.09, 0.0, 2.0, 1.93, 1.12], [1, 0, 2, 2, 1])
Episode: 103; Score: -5.0640162862837315; Action: ([0.05, 0.94, 1.01, 0.86, 0.09], [0, 1, 1, 1, 0])
Episode: 104; Score: -2.2523835971951485; Action: ([2.0, 0.86, 1.11, 0.0, 2.0], [2, 1, 1, 0, 2])
Episode: 105; Score: -7.194969058036804; Action: ([2.0, 1.19, 0.0, 2.0, 2.0], [2, 1, 0, 2, 2])
Episode: 106; Score: -3.0677495151758194; Action: ([1.24, 0.17, 2.0, 1.93, 1.07], [1, 0, 2, 2, 1])
Episode: 107; Score: -1.9766015345230699; Action: ([0.14, 1.04, 1.0, 1.07, 0.0], [0, 1, 1, 1, 0])
Episode: 108; Score: -6.0091332867741585; Action: ([1.97, 1.07, 0.96, 0.0, 2.0], [2, 1, 1, 0, 2])
Episode: 109; Score: -1.0530816204845905; Action: ([2.0, 1.06, 0.01, 2.0, 2.0], [2, 1, 0, 2, 2])
Episode: 110; Score: -5.845603354275227; Action: ([0.9, 0.03, 1.97, 2.0, 0.95], [1, 0, 2, 2, 1])
Episode: 111; Score: -4.921840150374919; Action: ([0.0, 1.01, 1.03, 1.07, 0.04], [0, 1, 1, 1, 0])
Episode: 112; Score: -2.8799421349540353; Action: ([1.85, 1.01, 0.96, 0.0, 1.98], [2, 1, 1, 0, 2])
Episode: 113; Score: -3.874084838666022; Action: ([2.0, 1.01, 0.0, 1.91, 1.96], [2, 1, 0, 2, 2])
Episode: 114; Score: -3.845931045943871; Action: ([1.01, 0.0, 1.85, 2.0, 1.0], [1, 0, 2, 2, 1])
Episode: 115; Score: -2.2204105854034424; Action: ([0.0, 1.09, 1.05, 1.08, 0.0], [0, 1, 1, 1, 0])
Episode: 116; Score: -2.0785366259515285; Action: ([2.0, 1.01, 0.9, 0.04, 2.0], [2, 1, 1, 0, 2])
Episode: 117; Score: -1.0960352756083012; Action: ([1.98, 1.06, 0.02, 1.96, 2.0], [2, 1, 0, 2, 2])
Episode: 118; Score: -4.0501948595047; Action: ([0.88, 0.0, 2.0, 1.97, 1.1], [1, 0, 2, 2, 1])
Episode: 119; Score: -3.201515657827258; Action: ([0.0, 1.06, 1.13, 1.01, 0.0], [0, 1, 1, 1, 0])
Episode: 120; Score: -3.1561304964125156; Action: ([1.96, 0.8, 1.05, 0.04, 2.0], [2, 1, 1, 0, 2])
Episode: 121; Score: -7.082600481808186; Action: ([2.0, 0.94, 0.15, 2.0, 2.0], [2, 1, 0, 2, 2])
Episode: 122; Score: -6.1029223427176476; Action: ([1.04, 0.14, 1.96, 2.0, 0.96], [1, 0, 2, 2, 1])
Episode: 123; Score: -5.4078252501785755; Action: ([0.0, 1.05, 1.26, 0.91, 0.0], [0, 1, 1, 1, 0])
Episode: 124; Score: -2.8267970111919567; Action: ([1.75, 1.1, 1.0, 0.0, 1.97], [2, 1, 1, 0, 2])
Episode: 125; Score: -4.014459006488323; Action: ([1.94, 1.1, 0.02, 2.0, 2.0], [2, 1, 0, 2, 2])
Episode: 126; Score: -6.139978755265474; Action: ([1.1, 0.07, 1.92, 2.0, 1.04], [1, 0, 2, 2, 1])
Episode: 127; Score: -2.962889116257429; Action: ([0.0, 0.99, 1.03, 0.94, 0.0], [0, 1, 1, 1, 0])
Episode: 128; Score: -2.0994153609499335; Action: ([1.96, 0.98, 0.99, 0.0, 1.97], [2, 1, 1, 0, 2])
Episode: 129; Score: -6.980498339980841; Action: ([1.96, 0.94, 0.07, 2.0, 2.0], [2, 1, 0, 2, 2])
Episode: 130; Score: -4.1387255089357495; Action: ([0.96, 0.0, 2.0, 1.89, 1.01], [1, 0, 2, 2, 1])
Episode: 131; Score: -6.039194785058498; Action: ([0.06, 1.08, 0.9, 1.08, 0.0], [0, 1, 1, 1, 0])
Episode: 132; Score: -5.980573773384094; Action: ([1.87, 0.92, 1.19, 0.0, 2.0], [2, 1, 1, 0, 2])
Episode: 133; Score: -7.031411960721016; Action: ([1.92, 1.13, 0.12, 1.91, 1.95], [2, 1, 0, 2, 2])
Episode: 134; Score: -4.284803479909897; Action: ([0.69, 0.07, 2.0, 1.98, 0.98], [1, 0, 2, 2, 1])
Episode: 135; Score: -2.445048088207841; Action: ([0.0, 0.69, 1.02, 0.89, 0.0], [0, 1, 1, 1, 0])
Episode: 136; Score: -3.1444178335368633; Action: ([1.84, 1.05, 1.12, 0.02, 1.94], [2, 1, 1, 0, 2])
Episode: 137; Score: -0.9509182646870613; Action: ([2.0, 0.96, 0.13, 1.96, 2.0], [2, 1, 0, 2, 2])
Episode: 138; Score: -3.433378204703331; Action: ([0.9, 0.0, 1.95, 1.91, 0.8], [1, 0, 2, 2, 1])
Episode: 139; Score: -2.019998848438263; Action: ([0.08, 1.06, 0.9, 0.93, 0.14], [0, 1, 1, 1, 0])
Episode: 140; Score: -2.111760638654232; Action: ([1.98, 0.94, 0.86, 0.11, 2.0], [2, 1, 1, 0, 2])
Episode: 141; Score: -1.238348264247179; Action: ([1.92, 0.96, 0.02, 2.0, 1.86], [2, 1, 0, 2, 2])
Episode: 142; Score: -2.9963365010917187; Action: ([0.95, 0.0, 2.0, 1.89, 1.05], [1, 0, 2, 2, 1])
Episode: 143; Score: -1.9579559452831745; Action: ([0.0, 1.04, 1.03, 0.97, 0.14], [0, 1, 1, 1, 0])
Episode: 144; Score: -3.1427029465558007; Action: ([2.0, 0.86, 1.0, 0.0, 2.0], [2, 1, 1, 0, 2])
Episode: 145; Score: -3.706297915428877; Action: ([2.0, 0.96, 0.0, 1.93, 1.73], [2, 1, 0, 2, 2])
Episode: 146; Score: -2.9607220012694597; Action: ([1.13, 0.05, 2.0, 1.87, 0.98], [1, 0, 2, 2, 1])
Episode: 147; Score: -2.228781282901764; Action: ([0.12, 0.83, 1.15, 1.03, 0.0], [0, 1, 1, 1, 0])
Episode: 148; Score: -2.463469497859478; Action: ([1.87, 1.09, 1.21, 0.0, 1.97], [2, 1, 1, 0, 2])
Episode: 149; Score: -1.1237548924982548; Action: ([1.91, 1.04, 0.0, 2.0, 2.0], [2, 1, 0, 2, 2])
Episode: 150; Score: -5.8775539211928844; Action: ([0.99, 0.07, 2.0, 2.0, 0.82], [1, 0, 2, 2, 1])
Episode: 151; Score: -5.187667194753885; Action: ([0.07, 1.03, 0.85, 0.83, 0.09], [0, 1, 1, 1, 0])
Episode: 152; Score: -5.824068643152714; Action: ([1.97, 0.95, 0.89, 0.12, 1.89], [2, 1, 1, 0, 2])
Episode: 153; Score: -4.097366839647293; Action: ([1.96, 1.2, 0.02, 1.96, 2.0], [2, 1, 0, 2, 2])
Episode: 154; Score: -2.874389559030533; Action: ([1.23, 0.0, 2.0, 2.0, 0.89], [1, 0, 2, 2, 1])
Episode: 155; Score: -2.1658452413976192; Action: ([0.0, 0.95, 0.96, 0.92, 0.0], [0, 1, 1, 1, 0])
Episode: 156; Score: -2.273383852210827; Action: ([1.81, 0.93, 1.0, 0.0, 1.98], [2, 1, 1, 0, 2])
Episode: 157; Score: -6.634951263666153; Action: ([2.0, 0.87, 0.0, 1.88, 1.89], [2, 1, 0, 2, 2])
Episode: 158; Score: -3.005361956078559; Action: ([1.0, 0.0, 2.0, 1.92, 0.92], [1, 0, 2, 2, 1])
Episode: 159; Score: -2.1361242583952844; Action: ([0.01, 1.01, 0.95, 1.09, 0.0], [0, 1, 1, 1, 0])
Episode: 160; Score: -2.9692906364798546; Action: ([1.97, 0.99, 1.07, 0.02, 1.93], [2, 1, 1, 0, 2])
Episode: 161; Score: -2.1642083525657654; Action: ([2.0, 1.16, 0.0, 2.0, 2.0], [2, 1, 0, 2, 2])
Episode: 162; Score: -4.098773092031479; Action: ([0.91, 0.0, 2.0, 2.0, 0.99], [1, 0, 2, 2, 1])
Episode: 163; Score: -3.0808863174170256; Action: ([0.01, 0.93, 1.02, 1.06, 0.05], [0, 1, 1, 1, 0])
Episode: 164; Score: -5.925922017544508; Action: ([2.0, 0.95, 0.97, 0.0, 2.0], [2, 1, 1, 0, 2])
Episode: 165; Score: -1.291034996509552; Action: ([1.92, 0.86, 0.0, 2.0, 1.92], [2, 1, 0, 2, 2])
Episode: 166; Score: -3.1706501692533493; Action: ([0.86, 0.0, 1.92, 2.0, 1.11], [1, 0, 2, 2, 1])
Episode: 167; Score: -3.2517010292503983; Action: ([0.0, 1.02, 1.24, 1.0, 0.0], [0, 1, 1, 1, 0])
Episode: 168; Score: -2.412806786596775; Action: ([1.93, 1.24, 0.89, 0.17, 1.84], [2, 1, 1, 0, 2])
Episode: 169; Score: -4.02760273963213; Action: ([2.0, 0.88, 0.09, 2.0, 2.0], [2, 1, 0, 2, 2])
Episode: 170; Score: -3.029851146042347; Action: ([0.89, 0.0, 1.82, 2.0, 1.1], [1, 0, 2, 2, 1])
Episode: 171; Score: -3.134062294542673; Action: ([0.0, 1.0, 1.0, 1.04, 0.09], [0, 1, 1, 1, 0])
Episode: 172; Score: -6.128197771497071; Action: ([2.0, 1.0, 1.05, 0.08, 2.0], [2, 1, 1, 0, 2])
Episode: 173; Score: -2.0486694406718016; Action: ([2.0, 0.98, 0.01, 1.96, 2.0], [2, 1, 0, 2, 2])
Episode: 174; Score: -3.632236212491989; Action: ([1.08, 0.0, 1.79, 2.0, 1.08], [1, 0, 2, 2, 1])
Episode: 175; Score: -6.028620192781091; Action: ([0.0, 0.95, 1.01, 1.02, 0.0], [0, 1, 1, 1, 0])
Episode: 176; Score: -3.092030057683587; Action: ([1.96, 0.84, 0.97, 0.0, 1.94], [2, 1, 1, 0, 2])
Episode: 177; Score: -3.8320539444684982; Action: ([1.9, 1.16, 0.12, 1.92, 1.97], [2, 1, 0, 2, 2])
Episode: 178; Score: -2.8884907886385918; Action: ([0.98, 0.08, 2.0, 2.0, 1.05], [1, 0, 2, 2, 1])
Episode: 179; Score: -5.141254086047411; Action: ([0.12, 1.06, 1.15, 0.91, 0.04], [0, 1, 1, 1, 0])
Episode: 180; Score: -2.851500641554594; Action: ([2.0, 1.0, 0.91, 0.24, 2.0], [2, 1, 1, 0, 2])
Episode: 181; Score: -4.0394857078790665; Action: ([2.0, 0.96, 0.0, 2.0, 2.0], [2, 1, 0, 2, 2])
Episode: 182; Score: -6.219613596796989; Action: ([1.12, 0.02, 2.0, 2.0, 1.08], [1, 0, 2, 2, 1])
Episode: 183; Score: -5.30384624004364; Action: ([0.0, 0.86, 0.9, 0.94, 0.0], [0, 1, 1, 1, 0])
Episode: 184; Score: -5.991373375058174; Action: ([1.83, 1.27, 0.92, 0.06, 1.9], [2, 1, 1, 0, 2])
Episode: 185; Score: -1.1695769280195236; Action: ([2.0, 0.87, 0.0, 1.96, 2.0], [2, 1, 0, 2, 2])
Episode: 186; Score: -4.205843530595303; Action: ([0.71, 0.0, 2.0, 2.0, 1.09], [1, 0, 2, 2, 1])
Episode: 187; Score: -5.040112502872944; Action: ([0.17, 0.92, 1.08, 0.94, 0.0], [0, 1, 1, 1, 0])
Episode: 188; Score: -2.6587182669900358; Action: ([1.78, 1.01, 0.95, 0.0, 1.82], [2, 1, 1, 0, 2])
Episode: 189; Score: -3.9737814217805862; Action: ([2.0, 0.85, 0.12, 2.0, 1.94], [2, 1, 0, 2, 2])
Episode: 190; Score: -2.9220984000712633; Action: ([0.99, 0.0, 2.0, 1.86, 1.05], [1, 0, 2, 2, 1])
Episode: 191; Score: -2.191205259412527; Action: ([0.08, 1.19, 0.88, 0.97, 0.06], [0, 1, 1, 1, 0])
Episode: 192; Score: -3.1748347913380712; Action: ([2.0, 1.0, 0.81, 0.02, 2.0], [2, 1, 1, 0, 2])
Episode: 193; Score: -2.0715690553188324; Action: ([1.99, 0.94, 0.0, 2.0, 2.0], [2, 1, 0, 2, 2])
Episode: 194; Score: -5.965881045907736; Action: ([0.94, 0.0, 1.91, 2.0, 1.12], [1, 0, 2, 2, 1])
Episode: 195; Score: -4.897717967629433; Action: ([0.03, 1.03, 0.91, 1.18, 0.02], [0, 1, 1, 1, 0])
Episode: 196; Score: -3.0346101727336645; Action: ([1.99, 0.88, 0.97, 0.0, 1.9], [2, 1, 1, 0, 2])
Episode: 197; Score: -4.0020326022058725; Action: ([1.99, 1.01, 0.0, 2.0, 2.0], [2, 1, 0, 2, 2])
