Episode: 0; Score: -2.106999373063445; Action: ([1.95, 1.02, 1.04, 0.0, 2.0], [2, 1, 1, 0, 2])
Episode: 1; Score: -2.5233609564602375; Action: ([1.8, 1.06, 0.0, 1.86, 1.88], [2, 1, 0, 2, 2])
Episode: 2; Score: -3.0971306189894676; Action: ([1.09, 0.0, 1.97, 1.98, 0.94], [1, 0, 2, 2, 1])
Episode: 3; Score: -2.155131123960018; Action: ([0.0, 0.89, 1.04, 0.96, 0.02], [0, 1, 1, 1, 0])
Episode: 4; Score: -5.825492113828659; Action: ([2.0, 1.03, 0.92, 0.0, 1.87], [2, 1, 1, 0, 2])
Episode: 5; Score: -3.9436328411102295; Action: ([2.0, 0.97, 0.0, 1.92, 1.99], [2, 1, 0, 2, 2])
Episode: 6; Score: -3.2588037624955177; Action: ([0.88, 0.0, 1.92, 2.0, 0.94], [1, 0, 2, 2, 1])
Episode: 7; Score: -2.072599306702614; Action: ([0.08, 0.93, 1.02, 1.06, 0.0], [0, 1, 1, 1, 0])
Episode: 8; Score: -2.871500190347433; Action: ([1.98, 1.14, 0.94, 0.24, 1.93], [2, 1, 1, 0, 2])
Episode: 9; Score: -3.93424753844738; Action: ([1.82, 1.15, 0.0, 2.0, 1.97], [2, 1, 0, 2, 2])
Episode: 10; Score: -3.842667706310749; Action: ([1.12, 0.1, 1.99, 1.86, 1.07], [1, 0, 2, 2, 1])
Episode: 11; Score: -5.111238840967417; Action: ([0.1, 0.88, 1.11, 1.03, 0.0], [0, 1, 1, 1, 0])
Episode: 12; Score: -5.992420742288232; Action: ([2.0, 1.02, 0.97, 0.0, 2.0], [2, 1, 1, 0, 2])
Episode: 13; Score: -1.105867937207222; Action: ([1.96, 1.07, 0.0, 2.0, 2.0], [2, 1, 0, 2, 2])
Episode: 14; Score: -4.077514641918242; Action: ([1.04, 0.0, 2.0, 1.89, 0.99], [1, 0, 2, 2, 1])
Episode: 15; Score: -6.0122080482542515; Action: ([0.0, 0.95, 1.14, 0.89, 0.0], [0, 1, 1, 1, 0])
Episode: 16; Score: -3.1508043333888054; Action: ([2.0, 0.91, 1.16, 0.0, 1.89], [2, 1, 1, 0, 2])
Episode: 17; Score: -6.861085057258606; Action: ([1.96, 0.91, 0.0, 2.0, 2.0], [2, 1, 0, 2, 2])
Episode: 18; Score: -2.8321036649867892; Action: ([1.01, 0.0, 2.0, 2.0, 1.15], [1, 0, 2, 2, 1])
Episode: 19; Score: -3.039529949426651; Action: ([0.12, 1.05, 0.93, 0.93, 0.0], [0, 1, 1, 1, 0])
Episode: 20; Score: -6.014399521052837; Action: ([1.84, 1.24, 0.93, 0.0, 2.0], [2, 1, 1, 0, 2])
Episode: 21; Score: -7.051707338541746; Action: ([2.0, 1.06, 0.05, 2.0, 1.95], [2, 1, 0, 2, 2])
Episode: 22; Score: -4.139918550848961; Action: ([0.92, 0.0, 1.98, 2.0, 0.92], [1, 0, 2, 2, 1])
Episode: 23; Score: -2.049058079253882; Action: ([0.0, 1.05, 1.02, 0.99, 0.03], [0, 1, 1, 1, 0])
Episode: 24; Score: -2.1012150943279266; Action: ([2.0, 1.02, 0.98, 0.02, 1.92], [2, 1, 1, 0, 2])
Episode: 25; Score: -4.1127351224422455; Action: ([1.98, 0.87, 0.0, 2.0, 2.0], [2, 1, 0, 2, 2])
Episode: 26; Score: -3.044409291818738; Action: ([0.94, 0.0, 2.0, 1.99, 1.02], [1, 0, 2, 2, 1])
Episode: 27; Score: -2.2313570380210876; Action: ([0.0, 0.86, 0.95, 1.1, 0.06], [0, 1, 1, 1, 0])
Episode: 28; Score: -2.9903322579339147; Action: ([2.0, 1.01, 0.92, 0.09, 1.98], [2, 1, 1, 0, 2])
Episode: 29; Score: -2.2597916573286057; Action: ([2.0, 0.88, 0.0, 1.86, 1.99], [2, 1, 0, 2, 2])
Episode: 30; Score: -3.8347699530422688; Action: ([0.99, 0.0, 1.9, 1.98, 1.1], [1, 0, 2, 2, 1])
Episode: 31; Score: -6.024591635912657; Action: ([0.07, 1.1, 0.96, 0.91, 0.13], [0, 1, 1, 1, 0])
Episode: 32; Score: -5.827135032741353; Action: ([2.0, 0.87, 1.0, 0.07, 1.89], [2, 1, 1, 0, 2])
Episode: 33; Score: -3.8929919854272157; Action: ([1.89, 1.0, 0.0, 2.0, 2.0], [2, 1, 0, 2, 2])
Episode: 34; Score: -3.732055939733982; Action: ([1.1, 0.0, 2.0, 2.0, 1.17], [1, 0, 2, 2, 1])
Episode: 35; Score: -2.266357384622097; Action: ([0.11, 0.92, 1.18, 1.12, 0.0], [0, 1, 1, 1, 0])
Episode: 36; Score: -2.1928296387195587; Action: ([2.0, 1.11, 0.94, 0.0, 1.98], [2, 1, 1, 0, 2])
Episode: 37; Score: -2.1375957876443863; Action: ([2.0, 0.9, 0.0, 1.98, 1.99], [2, 1, 0, 2, 2])
Episode: 38; Score: -3.826405629515648; Action: ([1.08, 0.1, 1.9, 1.98, 0.91], [1, 0, 2, 2, 1])
Episode: 39; Score: -2.154536657035351; Action: ([0.0, 0.89, 0.85, 1.07, 0.17], [0, 1, 1, 1, 0])
Episode: 40; Score: -2.2976150307804346; Action: ([1.82, 1.03, 1.1, 0.0, 2.0], [2, 1, 1, 0, 2])
Episode: 41; Score: -1.0276018381118774; Action: ([2.0, 1.0, 0.0, 1.99, 1.99], [2, 1, 0, 2, 2])
Episode: 42; Score: -2.82016496732831; Action: ([1.01, 0.06, 2.0, 2.0, 1.11], [1, 0, 2, 2, 1])
Episode: 43; Score: -2.080338155850768; Action: ([0.0, 1.05, 1.12, 1.01, 0.1], [0, 1, 1, 1, 0])
Episode: 44; Score: -3.150405764579773; Action: ([1.85, 1.03, 1.06, 0.0, 1.97], [2, 1, 1, 0, 2])
Episode: 45; Score: -6.929696716368198; Action: ([1.99, 0.9, 0.05, 2.0, 2.0], [2, 1, 0, 2, 2])
Episode: 46; Score: -4.003196129575372; Action: ([0.97, 0.05, 2.0, 2.0, 0.98], [1, 0, 2, 2, 1])
Episode: 47; Score: -5.23765074275434; Action: ([0.0, 0.79, 1.05, 1.02, 0.0], [0, 1, 1, 1, 0])
Episode: 48; Score: -6.096439495682716; Action: ([2.0, 1.12, 0.97, 0.0, 2.0], [2, 1, 1, 0, 2])
Episode: 49; Score: -6.983711242675781; Action: ([1.89, 1.1, 0.04, 1.96, 2.0], [2, 1, 0, 2, 2])
Episode: 50; Score: -3.241695672273636; Action: ([0.93, 0.02, 1.87, 2.0, 0.93], [1, 0, 2, 2, 1])
Episode: 51; Score: -6.201169615611434; Action: ([0.01, 1.11, 0.85, 0.98, 0.07], [0, 1, 1, 1, 0])
Episode: 52; Score: -3.100597694516182; Action: ([2.0, 0.95, 0.95, 0.0, 2.0], [2, 1, 1, 0, 2])
Episode: 53; Score: -2.0755671970546246; Action: ([1.92, 0.98, 0.06, 1.96, 2.0], [2, 1, 0, 2, 2])
Episode: 54; Score: -4.020509596448392; Action: ([1.0, 0.0, 1.97, 1.99, 0.96], [1, 0, 2, 2, 1])
Episode: 55; Score: -3.3825065586715937; Action: ([0.14, 1.03, 1.15, 1.06, 0.0], [0, 1, 1, 1, 0])
Episode: 56; Score: -3.034381002187729; Action: ([1.97, 0.96, 1.02, 0.0, 2.0], [2, 1, 1, 0, 2])
Episode: 57; Score: -7.158395975828171; Action: ([2.0, 1.18, 0.04, 2.0, 1.94], [2, 1, 0, 2, 2])
Episode: 58; Score: -3.009032368659973; Action: ([1.11, 0.04, 2.0, 1.91, 0.92], [1, 0, 2, 2, 1])
Episode: 59; Score: -2.9528492465615273; Action: ([0.06, 1.07, 0.92, 0.9, 0.0], [0, 1, 1, 1, 0])
Episode: 60; Score: -2.4457202404737473; Action: ([1.95, 0.85, 1.04, 0.0, 1.79], [2, 1, 1, 0, 2])
Episode: 61; Score: -4.143833741545677; Action: ([2.0, 1.21, 0.07, 2.0, 2.0], [2, 1, 0, 2, 2])
Episode: 62; Score: -2.8904399797320366; Action: ([0.91, 0.14, 1.86, 1.99, 1.1], [1, 0, 2, 2, 1])
Episode: 63; Score: -2.0891674160957336; Action: ([0.08, 0.97, 0.94, 1.14, 0.05], [0, 1, 1, 1, 0])
Episode: 64; Score: -2.906745200045407; Action: ([1.99, 1.02, 1.01, 0.0, 1.89], [2, 1, 1, 0, 2])
Episode: 65; Score: -1.3831221461296082; Action: ([1.84, 1.16, 0.0, 1.94, 2.0], [2, 1, 0, 2, 2])
Episode: 66; Score: -5.986610129475594; Action: ([0.95, 0.0, 2.0, 2.0, 1.04], [1, 0, 2, 2, 1])
Episode: 67; Score: -2.1436393074691296; Action: ([0.01, 1.08, 0.96, 0.93, 0.05], [0, 1, 1, 1, 0])
Episode: 68; Score: -5.9690964967012405; Action: ([1.93, 0.86, 1.18, 0.0, 2.0], [2, 1, 1, 0, 2])
Episode: 69; Score: -1.0004403633647598; Action: ([2.0, 1.0, 0.0, 2.0, 2.0], [2, 1, 0, 2, 2])
Episode: 70; Score: -6.169541770475917; Action: ([1.0, 0.03, 1.99, 2.0, 1.15], [1, 0, 2, 2, 1])
Episode: 71; Score: -5.191927693784237; Action: ([0.0, 1.03, 0.76, 1.06, 0.01], [0, 1, 1, 1, 0])
Episode: 72; Score: -2.8318755086511374; Action: ([1.94, 1.02, 0.98, 0.14, 2.0], [2, 1, 1, 0, 2])
Episode: 73; Score: -6.863795820623636; Action: ([2.0, 0.96, 0.03, 1.88, 2.0], [2, 1, 0, 2, 2])
Episode: 74; Score: -3.9248441848903894; Action: ([1.1, 0.0, 2.0, 2.0, 0.98], [1, 0, 2, 2, 1])
Episode: 75; Score: -2.146902784705162; Action: ([0.0, 1.04, 0.98, 0.91, 0.01], [0, 1, 1, 1, 0])
Episode: 76; Score: -3.1320091858506203; Action: ([1.99, 0.9, 1.02, 0.0, 1.96], [2, 1, 1, 0, 2])
Episode: 77; Score: -4.042741380631924; Action: ([2.0, 1.06, 0.0, 1.99, 2.0], [2, 1, 0, 2, 2])
Episode: 78; Score: -3.2166083827614784; Action: ([1.1, 0.08, 2.0, 1.96, 1.24], [1, 0, 2, 2, 1])
Episode: 79; Score: -2.1073387367650867; Action: ([0.02, 1.07, 0.93, 0.99, 0.03], [0, 1, 1, 1, 0])
Episode: 80; Score: -6.161832869052887; Action: ([2.0, 1.09, 1.08, 0.0, 2.0], [2, 1, 1, 0, 2])
Episode: 81; Score: -1.2352076917886734; Action: ([2.0, 1.23, 0.0, 2.0, 2.0], [2, 1, 0, 2, 2])
Episode: 82; Score: -4.026398580521345; Action: ([1.03, 0.0, 2.0, 2.0, 0.94], [1, 0, 2, 2, 1])
Episode: 83; Score: -5.231495149433613; Action: ([0.04, 1.06, 0.8, 0.99, 0.0], [0, 1, 1, 1, 0])
Episode: 84; Score: -3.241919331252575; Action: ([2.0, 1.13, 0.92, 0.03, 1.93], [2, 1, 1, 0, 2])
Episode: 85; Score: -3.8102094922214746; Action: ([1.9, 0.98, 0.1, 2.0, 2.0], [2, 1, 0, 2, 2])
Episode: 86; Score: -6.088753014802933; Action: ([1.16, 0.0, 2.0, 1.85, 1.07], [1, 0, 2, 2, 1])
Episode: 87; Score: -2.3755934350192547; Action: ([0.0, 0.83, 0.97, 1.18, 0.0], [0, 1, 1, 1, 0])
Episode: 88; Score: -5.924363244324923; Action: ([1.86, 0.98, 1.08, 0.0, 2.0], [2, 1, 1, 0, 2])
Episode: 89; Score: -1.1481129042804241; Action: ([1.89, 0.97, 0.0, 2.0, 2.0], [2, 1, 0, 2, 2])
Episode: 90; Score: -4.083692096173763; Action: ([1.11, 0.0, 1.96, 1.8, 0.97], [1, 0, 2, 2, 1])
Episode: 91; Score: -2.277288220822811; Action: ([0.0, 0.88, 1.08, 1.16, 0.09], [0, 1, 1, 1, 0])
Episode: 92; Score: -2.1906536230817437; Action: ([1.95, 1.01, 1.15, 0.03, 1.98], [2, 1, 1, 0, 2])
Episode: 93; Score: -6.849634692072868; Action: ([1.92, 1.13, 0.07, 1.89, 1.84], [2, 1, 0, 2, 2])
Episode: 94; Score: -3.006993381306529; Action: ([1.01, 0.0, 1.98, 1.98, 0.97], [1, 0, 2, 2, 1])
Episode: 95; Score: -2.055454021319747; Action: ([0.1, 0.93, 0.99, 0.93, 0.0], [0, 1, 1, 1, 0])
Episode: 96; Score: -3.1693252231925726; Action: ([2.0, 0.93, 0.99, 0.0, 1.91], [2, 1, 1, 0, 2])
Episode: 97; Score: -4.11612294614315; Action: ([1.9, 0.78, 0.0, 2.0, 2.0], [2, 1, 0, 2, 2])
Episode: 98; Score: -2.887813773006201; Action: ([1.15, 0.12, 1.96, 1.88, 1.0], [1, 0, 2, 2, 1])
Episode: 99; Score: -5.216986760497093; Action: ([0.0, 0.91, 1.03, 0.91, 0.0], [0, 1, 1, 1, 0])
Episode: 100; Score: -3.0502599477767944; Action: ([1.91, 0.93, 1.13, 0.0, 1.95], [2, 1, 1, 0, 2])
Episode: 101; Score: -4.036662697792053; Action: ([2.0, 1.13, 0.0, 1.9, 2.0], [2, 1, 0, 2, 2])
Episode: 102; Score: -3.0578860975801945; Action: ([1.04, 0.03, 2.0, 2.0, 0.94], [1, 0, 2, 2, 1])
Episode: 103; Score: -3.265487091615796; Action: ([0.15, 1.01, 1.02, 1.09, 0.0], [0, 1, 1, 1, 0])
Episode: 104; Score: -2.1379785500466824; Action: ([1.98, 1.05, 1.06, 0.02, 1.98], [2, 1, 1, 0, 2])
Episode: 105; Score: -2.0590158998966217; Action: ([1.98, 0.96, 0.0, 2.0, 2.0], [2, 1, 0, 2, 2])
Episode: 106; Score: -5.742651954293251; Action: ([1.12, 0.0, 1.75, 1.95, 0.92], [1, 0, 2, 2, 1])
Episode: 107; Score: -2.738760933279991; Action: ([0.01, 1.07, 0.89, 0.77, 0.0], [0, 1, 1, 1, 0])
Episode: 108; Score: -2.2261165603995323; Action: ([1.97, 0.88, 0.94, 0.1, 1.88], [2, 1, 1, 0, 2])
Episode: 109; Score: -2.2548746950924397; Action: ([1.83, 1.03, 0.0, 1.95, 2.0], [2, 1, 0, 2, 2])
Episode: 110; Score: -3.5632870346307755; Action: ([0.75, 0.01, 1.84, 2.0, 0.83], [1, 0, 2, 2, 1])
Episode: 111; Score: -2.2036114633083344; Action: ([0.0, 1.09, 1.1, 1.06, 0.04], [0, 1, 1, 1, 0])
Episode: 112; Score: -3.0557979084551334; Action: ([2.0, 1.17, 1.06, 0.0, 1.82], [2, 1, 1, 0, 2])
Episode: 113; Score: -2.2892150580883026; Action: ([2.0, 1.2, 0.0, 1.91, 2.0], [2, 1, 0, 2, 2])
Episode: 114; Score: -4.1729542054235935; Action: ([0.97, 0.0, 2.0, 2.0, 0.86], [1, 0, 2, 2, 1])
Episode: 115; Score: -4.915579713881016; Action: ([0.0, 1.02, 1.06, 1.16, 0.0], [0, 1, 1, 1, 0])
Episode: 116; Score: -3.0339550944045186; Action: ([2.0, 0.9, 1.01, 0.01, 1.93], [2, 1, 1, 0, 2])
Episode: 117; Score: -3.9896427392959595; Action: ([1.94, 0.95, 0.0, 2.0, 2.0], [2, 1, 0, 2, 2])
Episode: 118; Score: -3.2857964001595974; Action: ([0.95, 0.0, 1.89, 2.0, 0.88], [1, 0, 2, 2, 1])
Episode: 119; Score: -4.870393984485418; Action: ([0.02, 1.02, 1.01, 1.13, 0.0], [0, 1, 1, 1, 0])
Episode: 120; Score: -3.0861299408134073; Action: ([1.96, 1.0, 1.17, 0.04, 2.0], [2, 1, 1, 0, 2])
Episode: 121; Score: -7.103101648390293; Action: ([2.0, 1.06, 0.06, 1.98, 2.0], [2, 1, 0, 2, 2])
Episode: 122; Score: -6.145905312150717; Action: ([1.06, 0.05, 1.92, 1.99, 1.13], [1, 0, 2, 2, 1])
Episode: 123; Score: -2.734110739082098; Action: ([0.0, 0.95, 0.84, 0.94, 0.0], [0, 1, 1, 1, 0])
Episode: 124; Score: -3.1709798350930214; Action: ([2.0, 0.91, 1.13, 0.05, 2.0], [2, 1, 1, 0, 2])
Episode: 125; Score: -6.958240073174238; Action: ([2.0, 1.03, 0.0, 2.0, 1.92], [2, 1, 0, 2, 2])
Episode: 126; Score: -5.693770676851273; Action: ([0.89, 0.0, 2.0, 2.0, 0.8], [1, 0, 2, 2, 1])
Episode: 127; Score: -3.279060324653983; Action: ([0.07, 0.93, 1.16, 0.98, 0.13], [0, 1, 1, 1, 0])
Episode: 128; Score: -2.1476719826459885; Action: ([1.99, 1.1, 0.96, 0.0, 2.0], [2, 1, 1, 0, 2])
Episode: 129; Score: -3.8402180150151253; Action: ([1.82, 0.94, 0.0, 1.98, 1.98], [2, 1, 0, 2, 2])
Episode: 130; Score: -3.216921828687191; Action: ([0.9, 0.1, 2.0, 1.93, 0.86], [1, 0, 2, 2, 1])
Episode: 131; Score: -4.8659062723163515; Action: ([0.0, 1.0, 0.83, 1.16, 0.15], [0, 1, 1, 1, 0])
Episode: 132; Score: -2.3721914142370224; Action: ([2.0, 0.83, 0.86, 0.01, 1.93], [2, 1, 1, 0, 2])
Episode: 133; Score: -1.2178390137851238; Action: ([1.88, 0.97, 0.0, 1.94, 2.0], [2, 1, 0, 2, 2])
Episode: 134; Score: -6.080950226634741; Action: ([0.95, 0.0, 2.0, 2.0, 1.13], [1, 0, 2, 2, 1])
Episode: 135; Score: -4.7400859631598; Action: ([0.0, 1.01, 1.06, 1.28, 0.06], [0, 1, 1, 1, 0])
Episode: 136; Score: -2.1137339919805527; Action: ([2.0, 1.08, 1.09, 0.06, 2.0], [2, 1, 1, 0, 2])
Episode: 137; Score: -2.0737788677215576; Action: ([2.0, 1.06, 0.15, 1.83, 2.0], [2, 1, 0, 2, 2])
Episode: 138; Score: -3.238763625791762; Action: ([0.98, 0.0, 1.98, 1.81, 1.0], [1, 0, 2, 2, 1])
Episode: 139; Score: -5.8318127281963825; Action: ([0.0, 0.98, 1.13, 1.07, 0.0], [0, 1, 1, 1, 0])
Episode: 140; Score: -2.824301041662693; Action: ([1.85, 1.13, 0.95, 0.07, 1.86], [2, 1, 1, 0, 2])
Episode: 141; Score: -2.2000967860221863; Action: ([1.92, 0.91, 0.0, 1.97, 2.0], [2, 1, 0, 2, 2])
Episode: 142; Score: -5.948335990309715; Action: ([1.09, 0.0, 2.0, 1.97, 0.89], [1, 0, 2, 2, 1])
Episode: 143; Score: -5.9561537355184555; Action: ([0.0, 1.15, 1.08, 1.11, 0.0], [0, 1, 1, 1, 0])
Episode: 144; Score: -2.1918417569540907; Action: ([1.94, 1.02, 1.0, 0.02, 1.87], [2, 1, 1, 0, 2])
Episode: 145; Score: -2.0599216744303703; Action: ([2.0, 1.04, 0.09, 2.0, 1.89], [2, 1, 0, 2, 2])
Episode: 146; Score: -5.7910098584980005; Action: ([1.07, 0.0, 1.87, 1.85, 1.0], [1, 0, 2, 2, 1])
Episode: 147; Score: -1.9570969443884678; Action: ([0.13, 0.99, 1.0, 1.07, 0.0], [0, 1, 1, 1, 0])
Episode: 148; Score: -2.8840995356440544; Action: ([1.82, 1.03, 0.97, 0.0, 2.0], [2, 1, 1, 0, 2])
Episode: 149; Score: -7.077929625287652; Action: ([1.94, 0.99, 0.15, 2.0, 2.0], [2, 1, 0, 2, 2])
Episode: 150; Score: -3.3201453536748886; Action: ([0.84, 0.0, 2.0, 1.77, 1.07], [1, 0, 2, 2, 1])
Episode: 151; Score: -2.217036608606577; Action: ([0.0, 1.07, 0.99, 0.86, 0.0], [0, 1, 1, 1, 0])
Episode: 152; Score: -2.2205120995640755; Action: ([2.0, 0.9, 1.12, 0.0, 2.0], [2, 1, 1, 0, 2])
Episode: 153; Score: -2.250701367855072; Action: ([1.93, 0.82, 0.0, 2.0, 2.0], [2, 1, 0, 2, 2])
Episode: 154; Score: -4.254541102796793; Action: ([0.76, 0.02, 2.0, 2.0, 0.96], [1, 0, 2, 2, 1])
Episode: 155; Score: -5.110688358545303; Action: ([0.0, 0.96, 0.85, 1.08, 0.0], [0, 1, 1, 1, 0])
Episode: 156; Score: -3.259260207414627; Action: ([2.0, 1.17, 1.18, 0.0, 1.91], [2, 1, 1, 0, 2])
Episode: 157; Score: -1.021797222085297; Action: ([2.0, 0.99, 0.0, 1.99, 2.0], [2, 1, 0, 2, 2])
