Episode: 0; Score: [-6.27298667]; Action: ([0.48, 0.0, 0.98, 0.59, 0.68], [0, 0, 1, 0, 1])
Episode: 1; Score: [-7.32006593]; Action: ([0.74, 0.93, 1.71, 1.94, 2.0], [1, 1, 2, 2, 2])
Episode: 2; Score: [-4.83521165]; Action: ([1.51, 1.5, 1.68, 0.03, 0.11], [2, 2, 2, 0, 0])
Episode: 3; Score: [-3.32526122]; Action: ([1.85, 1.61, 0.61, 1.66, 1.81], [2, 2, 0, 2, 2])
Episode: 4; Score: [-3.25782371]; Action: ([1.05, 0.89, 1.83, 0.77, 1.87], [1, 1, 2, 1, 2])
Episode: 5; Score: [-2.71853992]; Action: ([0.51, 1.53, 0.6, 0.7, 0.01], [0, 2, 0, 1, 0])
Episode: 6; Score: [-3.73578111]; Action: ([2.0, 0.09, 0.22, 0.64, 0.31], [2, 0, 0, 0, 0])
Episode: 7; Score: [-3.2922377]; Action: ([0.01, 0.7, 1.59, 1.89, 1.51], [0, 1, 2, 2, 2])
Episode: 8; Score: [-3.7199753]; Action: ([0.22, 0.52, 0.97, 1.93, 0.64], [0, 0, 1, 2, 0])
Episode: 9; Score: [-4.12590663]; Action: ([0.64, 1.74, 0.53, 0.46, 1.98], [0, 2, 0, 0, 2])
Episode: 10; Score: [-3.77095005]; Action: ([1.08, 1.76, 1.59, 1.62, 0.88], [1, 2, 2, 2, 1])
Episode: 11; Score: [-3.11434862]; Action: ([1.37, 0.31, 1.36, 0.07, 0.01], [2, 0, 2, 0, 0])
Episode: 12; Score: [-4.50010143]; Action: ([1.3, 0.0, 1.39, 0.99, 0.6], [1, 0, 2, 1, 0])
Episode: 13; Score: [-2.5737776]; Action: ([0.64, 1.4, 0.36, 1.62, 1.56], [0, 2, 0, 2, 2])
Episode: 14; Score: [-2.26810582]; Action: ([0.45, 0.87, 0.38, 1.65, 0.68], [0, 1, 0, 2, 1])
Episode: 15; Score: [-5.71999244]; Action: ([1.22, 0.06, 0.62, 0.19, 0.18], [1, 0, 0, 0, 0])
Episode: 16; Score: [-3.88526403]; Action: ([2.0, 0.05, 1.08, 1.21, 0.77], [2, 0, 1, 1, 1])
Episode: 17; Score: [-2.5437994]; Action: ([1.67, 1.4, 2.0, 1.38, 0.81], [2, 2, 2, 2, 1])
Episode: 18; Score: [-6.76617625]; Action: ([1.57, 0.72, 1.92, 1.47, 1.08], [2, 1, 2, 2, 1])
Episode: 19; Score: [-4.43974342]; Action: ([0.2, 0.14, 0.69, 1.71, 1.69], [0, 0, 1, 2, 2])
Episode: 20; Score: [-6.31032774]; Action: ([0.57, 1.65, 1.37, 1.09, 1.64], [0, 2, 2, 1, 2])
Episode: 21; Score: [-6.88517719]; Action: ([1.38, 1.52, 1.91, 0.72, 1.36], [2, 2, 2, 1, 2])
Episode: 22; Score: [-3.61019797]; Action: ([0.51, 0.89, 0.16, 1.25, 0.79], [0, 1, 0, 1, 1])
Episode: 23; Score: [-4.13618802]; Action: ([0.61, 0.62, 1.39, 0.93, 1.32], [0, 0, 2, 1, 1])
Episode: 24; Score: [-3.29136899]; Action: ([0.17, 0.19, 0.4, 1.12, 0.08], [0, 0, 0, 1, 0])
Episode: 25; Score: [-1.67274551]; Action: ([0.47, 1.05, 1.25, 0.57, 0.59], [0, 1, 1, 0, 0])
Episode: 26; Score: [-4.09679943]; Action: ([1.92, 1.38, 0.0, 0.03, 0.76], [2, 2, 0, 0, 1])
Episode: 27; Score: [-1.77848374]; Action: ([0.01, 0.43, 0.36, 0.46, 0.52], [0, 0, 0, 0, 0])
Episode: 28; Score: [-2.6597916]; Action: ([0.0, 0.87, 1.51, 0.51, 1.53], [0, 1, 2, 0, 2])
Episode: 29; Score: [-7.66893626]; Action: ([1.76, 1.92, 0.69, 1.53, 1.77], [2, 2, 1, 2, 2])
Episode: 30; Score: [-6.40331642]; Action: ([0.82, 1.59, 1.64, 0.42, 1.93], [1, 2, 2, 0, 2])
Episode: 31; Score: [-5.44574834]; Action: ([1.87, 1.58, 0.13, 0.25, 1.62], [2, 2, 0, 0, 2])
Episode: 32; Score: [-2.11754274]; Action: ([1.06, 0.73, 0.04, 0.53, 0.65], [1, 1, 0, 0, 0])
Episode: 33; Score: [-4.99596519]; Action: ([0.58, 1.76, 1.96, 0.95, 1.19], [0, 2, 2, 1, 1])
Episode: 34; Score: [-3.18497061]; Action: ([0.57, 1.67, 0.56, 1.8, 1.83], [0, 2, 0, 2, 2])
Episode: 35; Score: [-2.31865612]; Action: ([1.82, 0.92, 1.55, 0.17, 0.97], [2, 1, 2, 0, 1])
Episode: 36; Score: [-3.43695888]; Action: ([0.67, 1.61, 0.71, 1.65, 1.14], [1, 2, 1, 2, 1])
Episode: 37; Score: [-4.5195063]; Action: ([0.27, 0.28, 1.86, 1.55, 0.51], [0, 0, 2, 2, 0])
Episode: 38; Score: [-5.56982683]; Action: ([0.16, 2.0, 1.66, 0.38, 1.23], [0, 2, 2, 0, 1])
Episode: 39; Score: [-3.35001127]; Action: ([0.88, 0.02, 1.12, 1.17, 1.71], [1, 0, 1, 1, 2])
Episode: 40; Score: [-3.31490245]; Action: ([0.47, 2.0, 1.72, 1.79, 1.7], [0, 2, 2, 2, 2])
Episode: 41; Score: [-3.60080563]; Action: ([0.39, 0.25, 1.76, 1.01, 0.19], [0, 0, 2, 1, 0])
Episode: 42; Score: [-5.45133688]; Action: ([0.57, 0.89, 0.44, 1.65, 1.9], [0, 1, 0, 2, 2])
Episode: 43; Score: [-2.61188409]; Action: ([1.92, 0.82, 0.05, 1.55, 0.98], [2, 1, 0, 2, 1])
Episode: 44; Score: [-4.32285879]; Action: ([1.38, 1.34, 0.39, 0.38, 1.86], [2, 2, 0, 0, 2])
Episode: 45; Score: [-4.7149811]; Action: ([1.55, 1.6, 1.09, 0.57, 0.68], [2, 2, 1, 0, 1])
Episode: 46; Score: [-3.44454927]; Action: ([1.96, 1.69, 1.19, 1.88, 1.72], [2, 2, 1, 2, 2])
Episode: 47; Score: [-1.75550042]; Action: ([1.81, 0.93, 0.3, 1.1, 0.92], [2, 1, 0, 1, 1])
Episode: 48; Score: [-5.05966583]; Action: ([0.85, 0.72, 0.15, 0.0, 1.22], [1, 1, 0, 0, 1])
Episode: 49; Score: [-6.99967077]; Action: ([1.26, 0.83, 1.77, 1.81, 1.32], [1, 1, 2, 2, 1])
Episode: 50; Score: [-2.05612365]; Action: ([1.88, 0.34, 1.05, 1.26, 1.2], [2, 0, 1, 1, 1])
Episode: 51; Score: [-3.82258785]; Action: ([0.35, 0.54, 0.75, 0.96, 1.23], [0, 0, 1, 1, 1])
Episode: 52; Score: [-1.97010174]; Action: ([1.54, 0.45, 0.36, 1.08, 1.15], [2, 0, 0, 1, 1])
Episode: 53; Score: [-3.32112155]; Action: ([1.2, 1.44, 1.84, 0.68, 1.4], [1, 2, 2, 1, 2])
Episode: 54; Score: [-4.55381622]; Action: ([0.97, 1.15, 0.67, 1.39, 0.57], [1, 1, 1, 2, 0])
Episode: 55; Score: [-3.83647523]; Action: ([0.81, 1.47, 0.15, 0.42, 0.99], [1, 2, 0, 0, 1])
Episode: 56; Score: [-4.62016185]; Action: ([1.17, 1.13, 0.78, 0.59, 0.95], [1, 1, 1, 0, 1])
Episode: 57; Score: [-3.82397256]; Action: ([1.29, 0.55, 0.09, 1.87, 1.38], [1, 0, 0, 2, 2])
Episode: 58; Score: [-4.64991205]; Action: ([0.73, 0.24, 0.27, 1.15, 0.97], [1, 0, 0, 1, 1])
Episode: 59; Score: [-5.98102885]; Action: ([1.06, 0.0, 1.7, 1.81, 1.42], [1, 0, 2, 2, 2])
Episode: 60; Score: [-4.80657207]; Action: ([0.66, 0.79, 0.97, 0.61, 1.17], [0, 1, 1, 0, 1])
Episode: 61; Score: [-6.01017595]; Action: ([1.06, 1.52, 1.86, 0.29, 0.02], [1, 2, 2, 0, 0])
Episode: 62; Score: [-4.82638207]; Action: ([1.01, 1.34, 1.84, 0.32, 0.34], [1, 2, 2, 0, 0])
Episode: 63; Score: [-4.87772483]; Action: ([0.56, 1.61, 1.37, 0.24, 1.29], [0, 2, 2, 0, 1])
Episode: 64; Score: [-2.79314409]; Action: ([0.44, 0.35, 1.73, 0.91, 0.23], [0, 0, 2, 1, 0])
Episode: 65; Score: [-4.62061378]; Action: ([0.51, 1.39, 0.4, 1.4, 0.91], [0, 2, 0, 2, 1])
Episode: 66; Score: [-2.32700165]; Action: ([2.0, 1.02, 1.69, 1.46, 0.92], [2, 1, 2, 2, 1])
Episode: 67; Score: [-3.3127454]; Action: ([0.37, 0.31, 1.63, 1.47, 0.1], [0, 0, 2, 2, 0])
Episode: 68; Score: [-2.76931126]; Action: ([0.72, 0.1, 0.1, 1.36, 0.49], [1, 0, 0, 2, 0])
Episode: 69; Score: [-5.05423836]; Action: ([1.38, 0.86, 0.79, 0.14, 0.77], [2, 1, 1, 0, 1])
Episode: 70; Score: [-1.99234141]; Action: ([0.5, 1.0, 0.31, 0.22, 1.01], [0, 1, 0, 0, 1])
Episode: 71; Score: [-5.1699237]; Action: ([0.24, 1.74, 1.9, 0.02, 1.4], [0, 2, 2, 0, 2])
Episode: 72; Score: [-3.1394724]; Action: ([1.04, 1.61, 1.69, 1.86, 1.25], [1, 2, 2, 2, 1])
Episode: 73; Score: [-5.39716255]; Action: ([1.62, 1.1, 1.67, 0.82, 0.2], [2, 1, 2, 1, 0])
Episode: 74; Score: [-3.51899075]; Action: ([0.84, 1.08, 0.29, 0.22, 1.1], [1, 1, 0, 0, 1])
Episode: 75; Score: [-4.94000283]; Action: ([0.3, 1.49, 0.9, 0.96, 1.29], [0, 2, 1, 1, 1])
Episode: 76; Score: [-3.1291589]; Action: ([1.87, 1.89, 0.56, 0.64, 0.43], [2, 2, 0, 0, 0])
Episode: 77; Score: [-4.81575806]; Action: ([1.37, 0.63, 1.38, 1.32, 0.12], [2, 0, 2, 1, 0])
Episode: 78; Score: [-3.14343697]; Action: ([1.65, 1.69, 1.59, 1.96, 0.35], [2, 2, 2, 2, 0])
Episode: 79; Score: [-5.08483462]; Action: ([0.53, 1.66, 1.29, 1.76, 0.0], [0, 2, 1, 2, 0])
Episode: 80; Score: [-4.26252898]; Action: ([0.42, 0.76, 0.77, 1.19, 1.11], [0, 1, 1, 1, 1])
Episode: 81; Score: [-5.72719638]; Action: ([1.75, 0.51, 0.18, 0.49, 0.35], [2, 0, 0, 0, 0])
Episode: 82; Score: [-4.01725817]; Action: ([0.11, 1.93, 1.46, 1.84, 1.5], [0, 2, 2, 2, 2])
Episode: 83; Score: [-2.47023552]; Action: ([1.63, 2.0, 1.22, 0.46, 0.92], [2, 2, 1, 0, 1])
Episode: 84; Score: [-4.56278417]; Action: ([1.48, 1.38, 1.59, 0.02, 0.91], [2, 2, 2, 0, 1])
Episode: 85; Score: [-4.17528785]; Action: ([0.56, 0.27, 1.57, 0.46, 1.32], [0, 0, 2, 0, 1])
Episode: 86; Score: [-3.34057206]; Action: ([0.3, 0.57, 1.7, 1.98, 0.48], [0, 0, 2, 2, 0])
Episode: 87; Score: [-3.5419821]; Action: ([1.94, 1.64, 1.8, 0.36, 1.6], [2, 2, 2, 0, 2])
Episode: 88; Score: [-1.81274393]; Action: ([0.75, 0.52, 1.36, 0.68, 1.41], [1, 0, 2, 1, 2])
Episode: 89; Score: [-4.51815297]; Action: ([0.36, 1.25, 0.47, 1.78, 0.12], [0, 1, 0, 2, 0])
Episode: 90; Score: [-4.82886954]; Action: ([0.09, 1.0, 1.15, 0.08, 1.16], [0, 1, 1, 0, 1])
Episode: 91; Score: [-4.58557506]; Action: ([1.46, 1.36, 1.93, 0.68, 0.57], [2, 2, 2, 1, 0])
Episode: 92; Score: [-4.52319891]; Action: ([1.29, 1.8, 0.86, 0.52, 0.05], [1, 2, 1, 0, 0])
Episode: 93; Score: [-4.90160086]; Action: ([0.16, 1.43, 1.39, 1.1, 0.66], [0, 2, 2, 1, 0])
Episode: 94; Score: [-5.29557881]; Action: ([1.15, 1.48, 0.37, 1.26, 0.4], [1, 2, 0, 1, 0])
Episode: 95; Score: [-5.17091366]; Action: ([0.13, 1.04, 0.79, 0.42, 0.52], [0, 1, 1, 0, 0])
Episode: 96; Score: [-3.26514332]; Action: ([0.87, 0.6, 0.56, 0.57, 0.68], [1, 0, 0, 0, 1])
Episode: 97; Score: [-2.28288601]; Action: ([1.54, 0.52, 0.64, 1.17, 1.74], [2, 0, 0, 1, 2])
Episode: 98; Score: [-2.6922118]; Action: ([0.69, 0.35, 1.5, 0.22, 0.55], [1, 0, 2, 0, 0])
Episode: 99; Score: [-5.61262924]; Action: ([1.66, 1.85, 0.05, 0.44, 0.09], [2, 2, 0, 0, 0])
Episode: 100; Score: [-2.14641295]; Action: ([0.89, 0.89, 1.73, 1.65, 0.45], [1, 1, 2, 2, 0])
Episode: 101; Score: [-2.77478967]; Action: ([0.21, 0.35, 1.49, 0.72, 0.0], [0, 0, 2, 1, 0])
Episode: 102; Score: [-3.5555114]; Action: ([0.58, 0.66, 0.46, 1.11, 1.63], [0, 0, 0, 1, 2])
Episode: 103; Score: [-2.48347407]; Action: ([0.33, 1.39, 0.92, 2.0, 0.66], [0, 2, 1, 2, 0])
Episode: 104; Score: [-5.65681553]; Action: ([0.36, 1.15, 1.62, 0.51, 0.25], [0, 1, 2, 0, 0])
Episode: 105; Score: [-2.67923088]; Action: ([1.67, 0.56, 0.82, 1.92, 0.53], [2, 0, 1, 2, 0])
Episode: 106; Score: [-4.35329144]; Action: ([1.2, 1.21, 0.95, 0.15, 0.54], [1, 1, 1, 0, 0])
Episode: 107; Score: [-4.39413945]; Action: ([0.38, 0.89, 1.64, 0.56, 1.42], [0, 1, 2, 0, 2])
Episode: 108; Score: [-3.69252977]; Action: ([1.18, 0.09, 0.95, 1.7, 0.39], [1, 0, 1, 2, 0])
Episode: 109; Score: [-2.24458837]; Action: ([0.14, 0.93, 1.28, 1.65, 0.62], [0, 1, 1, 2, 0])
Episode: 110; Score: [-2.69612056]; Action: ([1.64, 0.83, 1.33, 1.86, 0.31], [2, 1, 1, 2, 0])
Episode: 111; Score: [-3.55263617]; Action: ([0.83, 0.79, 1.28, 0.36, 0.29], [1, 1, 1, 0, 0])
Episode: 112; Score: [-2.42679016]; Action: ([1.2, 0.09, 1.3, 0.57, 0.42], [1, 0, 1, 0, 0])
Episode: 113; Score: [-2.52180676]; Action: ([1.46, 1.78, 1.25, 1.59, 0.55], [2, 2, 1, 2, 0])
Episode: 114; Score: [-6.71470746]; Action: ([1.06, 1.92, 1.54, 0.87, 1.34], [1, 2, 2, 1, 2])
Episode: 115; Score: [-3.87347873]; Action: ([0.87, 0.35, 0.94, 0.9, 1.07], [1, 0, 1, 1, 1])
Episode: 116; Score: [-1.2025236]; Action: ([0.91, 1.02, 1.38, 1.56, 1.15], [1, 1, 2, 2, 1])
Episode: 117; Score: [-7.01891429]; Action: ([1.42, 1.95, 0.02, 1.89, 1.74], [2, 2, 0, 2, 2])
Episode: 118; Score: [-4.97201514]; Action: ([0.46, 0.57, 1.89, 1.02, 0.87], [0, 0, 2, 1, 1])
Episode: 119; Score: [-3.58037889]; Action: ([1.88, 1.57, 0.47, 1.04, 0.6], [2, 2, 0, 1, 0])
Episode: 120; Score: [-5.32418275]; Action: ([1.53, 0.94, 0.39, 1.7, 0.76], [2, 1, 0, 2, 1])
Episode: 121; Score: [-1.9929903]; Action: ([0.98, 0.41, 1.27, 0.02, 1.12], [1, 0, 1, 0, 1])
Episode: 122; Score: [-4.74336051]; Action: ([0.68, 1.38, 0.39, 1.37, 0.2], [1, 2, 0, 2, 0])
Episode: 123; Score: [-2.4374854]; Action: ([0.73, 1.74, 0.77, 0.26, 0.55], [1, 2, 1, 0, 0])
Episode: 124; Score: [-3.15478158]; Action: ([1.32, 0.64, 0.34, 0.0, 0.18], [1, 0, 0, 0, 0])
Episode: 125; Score: [-3.34277202]; Action: ([0.12, 2.0, 1.15, 1.7, 1.98], [0, 2, 1, 2, 2])
Episode: 126; Score: [-3.63678414]; Action: ([1.4, 2.0, 0.14, 1.51, 1.32], [2, 2, 0, 2, 1])
Episode: 127; Score: [-4.70542382]; Action: ([0.47, 2.0, 0.41, 0.7, 1.71], [0, 2, 0, 1, 2])
Episode: 128; Score: [-4.48527951]; Action: ([0.26, 1.33, 0.7, 1.3, 0.59], [0, 1, 1, 1, 0])
Episode: 129; Score: [-5.39273523]; Action: ([1.85, 1.59, 0.24, 1.7, 0.02], [2, 2, 0, 2, 0])
Episode: 130; Score: [-3.97038695]; Action: ([0.0, 1.71, 1.2, 1.15, 1.79], [0, 2, 1, 1, 2])
Episode: 131; Score: [-4.99449542]; Action: ([1.48, 1.99, 1.56, 0.52, 0.56], [2, 2, 2, 0, 0])
Episode: 132; Score: [-5.85895384]; Action: ([1.69, 1.28, 0.81, 2.0, 0.08], [2, 1, 1, 2, 0])
Episode: 133; Score: [-6.70552422]; Action: ([1.95, 0.75, 0.75, 1.88, 1.38], [2, 1, 1, 2, 2])
Episode: 134; Score: [-6.42575023]; Action: ([2.0, 0.46, 0.52, 1.62, 1.83], [2, 0, 0, 2, 2])
Episode: 135; Score: [-3.99269647]; Action: ([1.32, 0.81, 0.95, 0.2, 1.74], [1, 1, 1, 0, 2])
Episode: 136; Score: [-2.63499027]; Action: ([1.47, 1.74, 1.4, 1.24, 2.0], [2, 2, 2, 1, 2])
Episode: 137; Score: [-2.91854805]; Action: ([1.12, 0.68, 0.0, 0.26, 1.75], [1, 1, 0, 0, 2])
Episode: 138; Score: [-1.89454793]; Action: ([0.36, 1.36, 0.66, 1.29, 0.73], [0, 2, 0, 1, 1])
Episode: 139; Score: [-2.35733552]; Action: ([1.91, 1.64, 1.5, 0.73, 0.96], [2, 2, 2, 1, 1])
Episode: 140; Score: [-3.86608647]; Action: ([0.75, 0.72, 0.82, 1.82, 1.02], [1, 1, 1, 2, 1])
Episode: 141; Score: [-4.42972359]; Action: ([1.25, 0.28, 0.19, 0.31, 1.53], [1, 0, 0, 0, 2])
Episode: 142; Score: [-5.63795831]; Action: ([0.55, 0.48, 0.8, 1.15, 0.38], [0, 0, 1, 1, 0])
Episode: 143; Score: [-3.53550912]; Action: ([1.91, 0.81, 0.69, 1.85, 0.2], [2, 1, 1, 2, 0])
Episode: 144; Score: [-2.75717806]; Action: ([1.72, 0.51, 0.39, 1.04, 1.9], [2, 0, 0, 1, 2])
Episode: 145; Score: [-4.24264373]; Action: ([0.53, 0.49, 1.82, 0.15, 1.76], [0, 0, 2, 0, 2])
Episode: 146; Score: [-3.11577362]; Action: ([0.64, 0.36, 1.45, 0.29, 0.37], [0, 0, 2, 0, 0])
Episode: 147; Score: [-3.65697275]; Action: ([0.57, 0.23, 0.25, 0.01, 0.27], [0, 0, 0, 0, 0])
Episode: 148; Score: [-2.38204762]; Action: ([0.56, 0.77, 1.14, 1.65, 1.77], [0, 1, 1, 2, 2])
Episode: 149; Score: [-4.96627913]; Action: ([1.15, 1.43, 1.81, 0.42, 0.15], [1, 2, 2, 0, 0])
Episode: 150; Score: [-2.60051168]; Action: ([0.83, 1.03, 0.65, 1.34, 1.62], [1, 1, 0, 2, 2])
Episode: 151; Score: [-1.76021796]; Action: ([0.65, 1.08, 0.22, 1.33, 1.22], [0, 1, 0, 1, 1])
Episode: 152; Score: [-5.46674948]; Action: ([0.75, 1.85, 1.63, 0.71, 0.52], [1, 2, 2, 1, 0])
Episode: 153; Score: [-1.75948562]; Action: ([1.06, 1.78, 0.69, 0.83, 0.57], [1, 2, 1, 1, 0])
Episode: 154; Score: [-5.91322473]; Action: ([0.15, 0.0, 1.14, 1.05, 0.03], [0, 0, 1, 1, 0])
Episode: 155; Score: [-5.77403753]; Action: ([1.33, 1.36, 1.51, 0.58, 0.99], [1, 2, 2, 0, 1])
Episode: 156; Score: [-7.67047414]; Action: ([1.8, 0.98, 1.7, 1.29, 1.91], [2, 1, 2, 1, 2])
Episode: 157; Score: [-2.9783382]; Action: ([0.29, 1.64, 0.66, 0.43, 1.72], [0, 2, 0, 0, 2])
Episode: 158; Score: [-4.97668036]; Action: ([0.95, 0.55, 1.74, 0.74, 0.52], [1, 0, 2, 1, 0])
Episode: 159; Score: [-3.48786563]; Action: ([2.0, 1.52, 1.5, 1.94, 0.46], [2, 2, 2, 2, 0])
Episode: 160; Score: [-5.57996568]; Action: ([1.41, 1.96, 0.32, 1.36, 0.53], [2, 2, 0, 2, 0])
Episode: 161; Score: [-5.5747012]; Action: ([0.79, 1.1, 1.71, 1.22, 0.76], [1, 1, 2, 1, 1])
Episode: 162; Score: [-7.72311161]; Action: ([1.74, 0.95, 1.7, 1.85, 1.5], [2, 1, 2, 2, 2])
Episode: 163; Score: [-1.67898499]; Action: ([1.29, 0.95, 0.0, 0.81, 1.14], [1, 1, 0, 1, 1])
Episode: 164; Score: [-5.90245629]; Action: ([0.8, 0.43, 0.27, 0.67, 0.93], [1, 0, 0, 0, 1])
Episode: 165; Score: [-5.76439975]; Action: ([0.55, 0.16, 1.15, 0.07, 0.61], [0, 0, 1, 0, 0])
