Episode: 0; Score: -3.973257377743721; Action: ([0.01, 0.04, 1.03, 0.0, 2.0], [0, 0, 1, 0, 2])
Episode: 1; Score: [-4.17049022]; Action: ([0.88, 0.47, 2.0, 0.89, 1.59], [1, 0, 2, 1, 2])
Episode: 2; Score: -3.0443862862885; Action: ([0.0, 1.01, 1.03, 1.92, 1.08], [0, 1, 1, 2, 1])
Episode: 3; Score: [-3.59139264]; Action: ([0.31, 1.45, 1.79, 1.78, 1.55], [0, 2, 2, 2, 2])
Episode: 4; Score: -3.9805855771992356; Action: ([0.96, 0.0, 1.0, 1.08, 0.94], [1, 0, 1, 1, 1])
Episode: 5; Score: [-4.03768093]; Action: ([1.03, 1.91, 0.51, 0.89, 1.44], [1, 2, 0, 1, 2])
Episode: 6; Score: -1.1407295670360327; Action: ([1.94, 1.05, 0.98, 1.99, 2.0], [2, 1, 1, 2, 2])
Episode: 7; Score: [-4.91022324]; Action: ([1.03, 1.08, 0.24, 0.85, 1.06], [1, 1, 0, 1, 1])
Episode: 8; Score: -3.9824474854394794; Action: ([2.0, 1.0, 0.0, 1.99, 1.99], [2, 1, 0, 2, 2])
Episode: 9; Score: [-2.51334522]; Action: ([1.95, 1.61, 0.21, 1.06, 1.88], [2, 2, 0, 1, 2])
Episode: 10; Score: -4.824795853346586; Action: ([0.96, 0.0, 0.0, 1.96, 1.91], [1, 0, 0, 2, 2])
Episode: 11; Score: [-4.92341948]; Action: ([1.01, 1.18, 1.97, 0.21, 0.06], [1, 1, 2, 0, 0])
Episode: 12; Score: -2.0710626072250307; Action: ([0.99, 0.99, 2.0, 1.06, 2.0], [1, 1, 2, 1, 2])
Episode: 13; Score: [-7.12467701]; Action: ([1.86, 1.18, 1.41, 0.77, 1.91], [2, 1, 2, 1, 2])
Episode: 14; Score: -2.0852671386674047; Action: ([1.97, 1.08, 0.97, 1.0, 2.0], [2, 1, 1, 1, 2])
Episode: 15; Score: [-6.25467034]; Action: ([0.09, 0.2, 1.11, 0.83, 0.51], [0, 0, 1, 1, 0])
Episode: 16; Score: -3.934376480989158; Action: ([0.0, 0.98, 1.92, 2.0, 1.01], [0, 1, 2, 2, 1])
Episode: 17; Score: [-2.70292827]; Action: ([1.54, 1.78, 1.18, 1.41, 1.31], [2, 2, 1, 2, 1])
Episode: 18; Score: -1.981557548046112; Action: ([2.0, 0.04, 0.04, 1.96, 1.98], [2, 0, 0, 2, 2])
Episode: 19; Score: [-3.04393244]; Action: ([1.5, 0.84, 1.86, 0.0, 0.48], [2, 1, 2, 0, 0])
Episode: 20; Score: -4.101470518857241; Action: ([0.0, 0.93, 1.05, 0.02, 2.0], [0, 1, 1, 0, 2])
Episode: 21; Score: [-6.06878032]; Action: ([1.77, 1.02, 0.8, 1.19, 1.28], [2, 1, 1, 1, 1])
Episode: 22; Score: -3.070216128602624; Action: ([2.0, 1.05, 1.03, 2.0, 1.99], [2, 1, 1, 2, 2])
Episode: 23; Score: [-3.66284686]; Action: ([0.11, 0.58, 1.74, 1.7, 0.08], [0, 0, 2, 2, 0])
Episode: 24; Score: -3.910376738756895; Action: ([2.0, 1.02, 0.0, 1.02, 0.09], [2, 1, 0, 1, 0])
Episode: 25; Score: [-4.75891148]; Action: ([0.83, 1.02, 1.09, 1.67, 0.16], [1, 1, 1, 2, 0])
Episode: 26; Score: -2.092717655003071; Action: ([2.0, 0.96, 1.03, 0.98, 2.0], [2, 1, 1, 1, 2])
Episode: 27; Score: [-4.55858666]; Action: ([0.94, 0.68, 0.55, 0.84, 0.43], [1, 1, 0, 1, 0])
Episode: 28; Score: -6.950897496892139; Action: ([0.05, 0.95, 0.05, 0.0, 1.0], [0, 1, 0, 0, 1])
Episode: 29; Score: [-3.3537651]; Action: ([1.44, 0.26, 0.5, 1.02, 0.14], [2, 0, 0, 1, 0])
Episode: 30; Score: -4.0046928552910686; Action: ([0.01, 0.05, 1.01, 1.96, 1.97], [0, 0, 1, 2, 2])
Episode: 31; Score: [-2.90661171]; Action: ([0.35, 0.18, 0.63, 1.52, 0.44], [0, 0, 0, 2, 0])
Episode: 32; Score: -7.011549111455679; Action: ([1.98, 1.04, 1.96, 0.04, 2.0], [2, 1, 2, 0, 2])
Episode: 33; Score: [-5.06987574]; Action: ([1.45, 1.32, 0.47, 1.17, 0.15], [2, 1, 0, 1, 0])
Episode: 34; Score: -3.9808884179219604; Action: ([2.0, 0.99, 0.0, 0.99, 0.0], [2, 1, 0, 1, 0])
Episode: 35; Score: [-4.23078388]; Action: ([1.75, 1.84, 1.46, 0.21, 1.12], [2, 2, 2, 0, 1])
Episode: 36; Score: -6.130553848110139; Action: ([2.0, 0.99, 1.12, 0.04, 1.98], [2, 1, 1, 0, 2])
Episode: 37; Score: [-3.51120651]; Action: ([1.24, 0.47, 1.61, 1.41, 0.76], [1, 0, 2, 2, 1])
Episode: 38; Score: -4.984681840986013; Action: ([0.95, 0.98, 1.08, 0.01, 1.96], [1, 1, 1, 0, 2])
Episode: 39; Score: [-1.50811497]; Action: ([1.81, 1.46, 1.53, 1.67, 2.0], [2, 2, 2, 2, 2])
Episode: 40; Score: -6.924511247314513; Action: ([2.0, 0.97, 0.99, 2.0, 0.96], [2, 1, 1, 2, 1])
Episode: 41; Score: [-5.29572076]; Action: ([0.08, 1.75, 0.46, 0.63, 1.28], [0, 2, 0, 0, 1])
Episode: 42; Score: -4.926800122484565; Action: ([1.04, 0.0, 1.0, 2.0, 0.03], [1, 0, 1, 2, 0])
Episode: 43; Score: [-2.76865484]; Action: ([0.57, 0.42, 0.49, 0.74, 0.02], [0, 0, 0, 1, 0])
Episode: 44; Score: -0.15236632712185383; Action: ([1.95, 1.03, 1.99, 2.0, 1.94], [2, 1, 2, 2, 2])
Episode: 45; Score: [-4.1199131]; Action: ([1.0, 0.63, 0.58, 1.43, 0.24], [1, 0, 0, 2, 0])
Episode: 46; Score: -4.992434612708166; Action: ([1.0, 0.0, 1.97, 1.05, 0.0], [1, 0, 2, 1, 0])
Episode: 47; Score: [-2.70543155]; Action: ([1.14, 1.72, 0.37, 0.39, 1.6], [1, 2, 0, 0, 2])
Episode: 48; Score: -5.059968126937747; Action: ([0.99, 0.99, 1.05, 1.99, 0.04], [1, 1, 1, 2, 0])
Episode: 49; Score: [-1.85547006]; Action: ([0.49, 0.74, 0.42, 1.5, 1.0], [0, 1, 0, 2, 1])
Episode: 50; Score: -4.835191071033478; Action: ([1.88, 0.05, 0.0, 2.0, 0.0], [2, 0, 0, 2, 0])
Episode: 51; Score: [-3.3094152]; Action: ([1.56, 0.4, 1.04, 0.78, 0.99], [2, 0, 1, 1, 1])
Episode: 52; Score: -3.1016596406698227; Action: ([2.0, 0.0, 1.08, 1.06, 1.96], [2, 0, 1, 1, 2])
Episode: 53; Score: [-3.79644562]; Action: ([1.82, 0.44, 1.39, 0.1, 0.05], [2, 0, 2, 0, 0])
Episode: 54; Score: -2.9190494790673256; Action: ([1.04, 0.95, 0.08, 1.92, 1.99], [1, 1, 0, 2, 2])
Episode: 55; Score: [-4.01589286]; Action: ([1.27, 0.49, 1.36, 1.44, 0.14], [1, 0, 2, 2, 0])
Episode: 56; Score: -8.997973214834929; Action: ([2.0, 1.06, 1.96, 2.0, 1.98], [2, 1, 2, 2, 2])
Episode: 57; Score: [-5.94015687]; Action: ([0.37, 1.79, 0.41, 1.64, 1.74], [0, 2, 0, 2, 2])
Episode: 58; Score: -5.826108610257506; Action: ([0.93, 0.98, 0.95, 1.93, 1.03], [1, 1, 1, 2, 1])
Episode: 59; Score: [-3.30867083]; Action: ([1.57, 0.28, 1.48, 1.95, 0.36], [2, 0, 2, 2, 0])
Episode: 60; Score: -1.1988924872130156; Action: ([1.06, 1.02, 1.06, 1.06, 0.0], [1, 1, 1, 1, 0])
Episode: 61; Score: [-2.05387874]; Action: ([0.67, 1.71, 1.38, 0.78, 0.59], [1, 2, 2, 1, 0])
Episode: 62; Score: -2.0932882502675056; Action: ([0.0, 0.98, 1.04, 2.0, 1.04], [0, 1, 1, 2, 1])
Episode: 63; Score: [-1.93893196]; Action: ([1.73, 0.86, 1.85, 1.81, 1.52], [2, 1, 2, 2, 2])
Episode: 64; Score: -2.9326679576188326; Action: ([2.0, 0.95, 1.97, 0.97, 1.88], [2, 1, 2, 1, 2])
Episode: 65; Score: [-3.66263446]; Action: ([0.77, 1.31, 0.97, 0.55, 1.36], [1, 1, 1, 0, 2])
Episode: 66; Score: -2.9927311608480522; Action: ([1.96, 0.04, 1.07, 1.0, 2.0], [2, 0, 1, 1, 2])
Episode: 67; Score: [-5.75236444]; Action: ([0.23, 0.47, 1.42, 1.81, 1.81], [0, 0, 2, 2, 2])
Episode: 68; Score: -5.8407543380744755; Action: ([0.97, 0.0, 1.93, 1.94, 1.0], [1, 0, 2, 2, 1])
Episode: 69; Score: [-4.47379514]; Action: ([1.66, 1.21, 0.75, 0.09, 0.23], [2, 1, 1, 0, 0])
Episode: 70; Score: -3.972468674182892; Action: ([2.0, 0.03, 2.0, 2.0, 0.0], [2, 0, 2, 2, 0])
Episode: 71; Score: [-6.11696542]; Action: ([0.59, 0.26, 1.8, 0.24, 0.6], [0, 0, 2, 0, 0])
Episode: 72; Score: -6.137497331947088; Action: ([1.09, 1.07, 0.96, 1.06, 1.96], [1, 1, 1, 1, 2])
Episode: 73; Score: [-4.88503408]; Action: ([0.29, 1.51, 0.24, 1.1, 2.0], [0, 2, 0, 1, 2])
Episode: 74; Score: -4.105425961315632; Action: ([0.0, 0.01, 0.89, 2.0, 2.0], [0, 0, 1, 2, 2])
Episode: 75; Score: [-5.08857563]; Action: ([0.91, 1.85, 0.86, 0.17, 1.29], [1, 2, 1, 0, 1])
Episode: 76; Score: -6.88935299962759; Action: ([1.96, 0.93, 0.0, 2.0, 2.0], [2, 1, 0, 2, 2])
Episode: 77; Score: [-2.50935493]; Action: ([1.57, 1.02, 1.14, 0.97, 1.11], [2, 1, 1, 1, 1])
Episode: 78; Score: -8.00767119973898; Action: ([2.0, 0.95, 1.99, 1.92, 1.14], [2, 1, 2, 2, 1])
Episode: 79; Score: [-4.13784999]; Action: ([1.98, 0.15, 0.56, 0.05, 1.38], [2, 0, 0, 0, 2])
Episode: 80; Score: -3.9973467886447906; Action: ([2.0, 1.06, 1.98, 2.0, 0.04], [2, 1, 2, 2, 0])
Episode: 81; Score: [-5.36277145]; Action: ([1.26, 0.74, 0.47, 1.93, 0.97], [1, 1, 0, 2, 1])
Episode: 82; Score: -2.1024467274546623; Action: ([1.95, 1.03, 1.99, 2.0, 0.0], [2, 1, 2, 2, 0])
Episode: 83; Score: [-4.77007437]; Action: ([0.96, 0.62, 1.25, 0.19, 0.71], [1, 0, 1, 0, 1])
Episode: 84; Score: -4.047006696462631; Action: ([0.04, 1.06, 1.02, 0.0, 2.0], [0, 1, 1, 0, 2])
Episode: 85; Score: [-6.93460517]; Action: ([0.23, 1.71, 0.39, 0.61, 0.56], [0, 2, 0, 0, 0])
Episode: 86; Score: -2.0505039538256824; Action: ([1.99, 0.99, 1.06, 1.95, 0.95], [2, 1, 1, 2, 1])
Episode: 87; Score: [-3.50437494]; Action: ([0.28, 0.74, 1.01, 0.48, 2.0], [0, 1, 1, 0, 2])
Episode: 88; Score: -7.852894206531346; Action: ([1.98, 0.93, 0.99, 1.95, 2.0], [2, 1, 1, 2, 2])
Episode: 89; Score: [-3.24176433]; Action: ([0.5, 0.52, 0.41, 1.27, 0.54], [0, 0, 0, 1, 0])
Episode: 90; Score: -2.9234456443227828; Action: ([2.0, 0.12, 0.0, 0.99, 1.96], [2, 0, 0, 1, 2])
Episode: 91; Score: [-3.00806347]; Action: ([1.99, 0.08, 1.48, 0.66, 1.28], [2, 0, 2, 0, 1])
Episode: 92; Score: -3.7489843014627695; Action: ([1.9, 0.07, 0.08, 1.02, 1.99], [2, 0, 0, 1, 2])
Episode: 93; Score: [-3.1280262]; Action: ([1.96, 1.51, 0.71, 1.96, 1.41], [2, 2, 1, 2, 2])
Episode: 94; Score: -1.1376583203673363; Action: ([2.0, 1.02, 0.94, 1.95, 2.0], [2, 1, 1, 2, 2])
Episode: 95; Score: [-1.56904355]; Action: ([0.83, 1.06, 1.47, 1.07, 0.2], [1, 1, 2, 1, 0])
Episode: 96; Score: -0.21719688922166824; Action: ([1.95, 0.93, 2.0, 1.91, 2.0], [2, 1, 2, 2, 2])
Episode: 97; Score: [-3.30263377]; Action: ([1.56, 1.38, 1.51, 0.07, 1.92], [2, 2, 2, 0, 2])
Episode: 98; Score: -3.9542678110301495; Action: ([0.02, 0.0, 0.95, 0.98, 2.0], [0, 0, 1, 1, 2])
Episode: 99; Score: [-6.45217811]; Action: ([0.15, 1.44, 1.76, 0.0, 0.07], [0, 2, 2, 0, 0])
Episode: 100; Score: -2.9183467980474234; Action: ([1.97, 1.03, 1.89, 0.04, 1.99], [2, 1, 2, 0, 2])
Episode: 101; Score: [-3.38470899]; Action: ([0.61, 1.9, 0.1, 0.38, 1.57], [0, 2, 0, 0, 2])
Episode: 102; Score: -5.95758593082428; Action: ([2.0, 0.0, 1.98, 0.0, 0.02], [2, 0, 2, 0, 0])
Episode: 103; Score: [-4.08712314]; Action: ([1.81, 0.1, 1.8, 1.18, 0.63], [2, 0, 2, 1, 0])
Episode: 104; Score: -3.06892778724432; Action: ([1.98, 1.05, 2.0, 1.92, 0.08], [2, 1, 2, 2, 0])
Episode: 105; Score: [-2.18946091]; Action: ([2.0, 1.51, 0.37, 1.7, 1.25], [2, 2, 0, 2, 1])
Episode: 106; Score: -0.25549592170864344; Action: ([1.95, 1.02, 0.86, 1.95, 2.0], [2, 1, 1, 2, 2])
Episode: 107; Score: [-4.43829148]; Action: ([0.72, 1.13, 0.82, 1.36, 0.4], [1, 1, 1, 2, 0])
Episode: 108; Score: -6.083072103559971; Action: ([0.02, 1.06, 0.0, 0.0, 0.96], [0, 1, 0, 0, 1])
Episode: 109; Score: [-4.87214987]; Action: ([1.66, 1.79, 0.43, 1.69, 0.14], [2, 2, 0, 2, 0])
Episode: 110; Score: -4.170988954603672; Action: ([0.0, 1.08, 2.0, 1.09, 0.0], [0, 1, 2, 1, 0])
Episode: 111; Score: [-2.45296437]; Action: ([1.93, 1.82, 0.94, 0.59, 1.22], [2, 2, 1, 0, 1])
Episode: 112; Score: -2.9022818133234978; Action: ([0.1, 0.07, 0.97, 1.96, 2.0], [0, 0, 1, 2, 2])
Episode: 113; Score: [-1.92189001]; Action: ([1.99, 1.0, 1.54, 0.8, 0.81], [2, 1, 2, 1, 1])
Episode: 114; Score: -4.983331369236112; Action: ([0.0, 1.02, 0.93, 1.97, 1.07], [0, 1, 1, 2, 1])
Episode: 115; Score: [-5.64914304]; Action: ([1.53, 1.86, 0.14, 1.33, 0.78], [2, 2, 0, 1, 1])
Episode: 116; Score: -3.9862057170830667; Action: ([1.05, 0.03, 1.0, 0.95, 1.99], [1, 0, 1, 1, 2])
Episode: 117; Score: [-3.27007666]; Action: ([1.27, 1.9, 1.86, 0.46, 1.7], [1, 2, 2, 0, 2])
Episode: 118; Score: -2.0024201944470406; Action: ([0.98, 1.01, 0.98, 0.05, 0.0], [1, 1, 1, 0, 0])
Episode: 119; Score: [-4.6115369]; Action: ([0.34, 0.71, 0.93, 0.91, 0.5], [0, 1, 1, 1, 0])
Episode: 120; Score: -1.1007004580460489; Action: ([1.97, 0.98, 1.06, 1.04, 1.01], [2, 1, 1, 1, 1])
Episode: 121; Score: [-3.60920192]; Action: ([1.4, 1.09, 0.0, 0.86, 0.26], [2, 1, 0, 1, 0])
Episode: 122; Score: -3.00829491391778; Action: ([1.98, 1.02, 0.0, 0.03, 2.0], [2, 1, 0, 0, 2])
Episode: 123; Score: [-2.79946932]; Action: ([0.62, 0.88, 0.22, 1.68, 1.79], [0, 1, 0, 2, 2])
Episode: 124; Score: -3.1606212072074413; Action: ([1.99, 1.04, 0.95, 0.0, 1.94], [2, 1, 1, 0, 2])
Episode: 125; Score: [-1.35172713]; Action: ([1.78, 0.71, 1.04, 1.09, 0.85], [2, 1, 1, 1, 1])
Episode: 126; Score: -7.939259111881256; Action: ([1.98, 0.03, 2.0, 1.95, 1.98], [2, 0, 2, 2, 2])
Episode: 127; Score: [-4.64650961]; Action: ([1.79, 0.09, 0.09, 0.4, 0.98], [2, 0, 0, 0, 1])
Episode: 128; Score: -4.087575353682041; Action: ([0.0, 0.97, 2.0, 1.97, 0.97], [0, 1, 2, 2, 1])
Episode: 129; Score: [-4.93816672]; Action: ([0.14, 0.14, 1.96, 0.43, 1.39], [0, 0, 2, 0, 2])
Episode: 130; Score: -2.090102039044723; Action: ([1.92, 0.07, 1.0, 0.99, 1.93], [2, 0, 1, 1, 2])
Episode: 131; Score: [-4.50661701]; Action: ([0.52, 0.0, 1.28, 0.82, 1.87], [0, 0, 1, 1, 2])
Episode: 132; Score: -3.973889697343111; Action: ([0.0, 0.0, 1.03, 2.0, 2.0], [0, 0, 1, 2, 2])
Episode: 133; Score: [-4.15115098]; Action: ([1.89, 0.75, 1.86, 0.07, 0.28], [2, 1, 2, 0, 0])
Episode: 134; Score: -3.0115755666047335; Action: ([2.0, 0.97, 1.09, 0.97, 0.96], [2, 1, 1, 1, 1])
Episode: 135; Score: [-1.59105309]; Action: ([1.95, 0.99, 0.72, 0.86, 1.89], [2, 1, 1, 1, 2])
Episode: 136; Score: -3.054801657795906; Action: ([1.1, 1.04, 1.97, 1.95, 2.0], [1, 1, 2, 2, 2])
Episode: 137; Score: [-6.25055027]; Action: ([0.63, 1.46, 0.04, 0.21, 1.33], [0, 2, 0, 0, 1])
Episode: 138; Score: -6.0463200733065605; Action: ([0.0, 0.0, 0.01, 0.98, 1.96], [0, 0, 0, 1, 2])
Episode: 139; Score: [-2.57565233]; Action: ([1.42, 1.22, 0.28, 1.89, 1.05], [2, 1, 0, 2, 1])
Episode: 140; Score: -4.9078779593110085; Action: ([1.99, 0.96, 1.1, 0.02, 0.03], [2, 1, 1, 0, 0])
Episode: 141; Score: [-6.5284172]; Action: ([1.51, 1.46, 1.49, 1.64, 0.43], [2, 2, 2, 2, 0])
Episode: 142; Score: -7.945111698412802; Action: ([1.93, 1.0, 1.06, 1.95, 2.0], [2, 1, 1, 2, 2])
Episode: 143; Score: [-2.75101928]; Action: ([2.0, 0.72, 0.14, 1.42, 1.97], [2, 1, 0, 2, 2])
Episode: 144; Score: -3.1597893312573433; Action: ([0.02, 0.0, 1.1, 0.04, 2.0], [0, 0, 1, 0, 2])
Episode: 145; Score: [-2.8345655]; Action: ([1.96, 1.37, 0.27, 1.18, 1.12], [2, 2, 0, 1, 1])
Episode: 146; Score: -3.058074401691556; Action: ([2.0, 1.05, 0.97, 1.98, 0.04], [2, 1, 1, 2, 0])
Episode: 147; Score: [-4.1303678]; Action: ([1.65, 0.89, 1.2, 0.15, 0.98], [2, 1, 1, 0, 1])
Episode: 148; Score: -3.0375266554765403; Action: ([0.05, 0.99, 1.06, 2.0, 0.98], [0, 1, 1, 2, 1])
Episode: 149; Score: [-2.99812384]; Action: ([0.81, 1.88, 0.0, 1.57, 0.64], [1, 2, 0, 2, 0])
Episode: 150; Score: -3.9438477754592896; Action: ([0.0, 0.92, 0.97, 1.07, 1.09], [0, 1, 1, 1, 1])
Episode: 151; Score: [-1.93495907]; Action: ([1.04, 0.98, 1.03, 1.84, 0.0], [1, 1, 1, 2, 0])
Episode: 152; Score: -2.927002254873514; Action: ([0.09, 0.96, 0.03, 2.0, 2.0], [0, 1, 0, 2, 2])
Episode: 153; Score: [-4.07634869]; Action: ([1.71, 0.8, 1.25, 0.54, 0.12], [2, 1, 1, 0, 0])
Episode: 154; Score: -3.0223049242049456; Action: ([1.98, 0.0, 0.98, 1.97, 1.05], [2, 0, 1, 2, 1])
Episode: 155; Score: [-2.7050478]; Action: ([1.02, 1.52, 1.81, 0.12, 0.52], [1, 2, 2, 0, 0])
Episode: 156; Score: -4.1422575786709785; Action: ([2.0, 0.0, 1.96, 0.0, 0.9], [2, 0, 2, 0, 1])
Episode: 157; Score: [-4.9599962]; Action: ([0.6, 0.31, 0.0, 0.31, 1.83], [0, 0, 0, 0, 2])
Episode: 158; Score: -0.12491720635443926; Action: ([1.0, 0.95, 1.05, 0.99, 1.01], [1, 1, 1, 1, 1])
Episode: 159; Score: [-6.42135681]; Action: ([0.67, 1.57, 1.75, 1.49, 0.95], [1, 2, 2, 2, 1])
Episode: 160; Score: -5.992874318733811; Action: ([1.99, 1.04, 0.03, 1.91, 1.02], [2, 1, 0, 2, 1])
Episode: 161; Score: [-6.20571575]; Action: ([1.73, 1.68, 1.83, 0.3, 0.66], [2, 2, 2, 0, 0])
Episode: 162; Score: -1.0993920657783747; Action: ([2.0, 1.03, 0.01, 2.0, 1.92], [2, 1, 0, 2, 2])
Episode: 163; Score: [-5.43793773]; Action: ([0.76, 1.95, 0.71, 0.02, 2.0], [1, 2, 1, 0, 2])
Episode: 164; Score: -3.2018936946988106; Action: ([1.96, 0.0, 0.0, 1.91, 0.92], [2, 0, 0, 2, 1])
Episode: 165; Score: [-2.97956428]; Action: ([1.51, 1.85, 1.77, 1.54, 1.05], [2, 2, 2, 2, 1])
Episode: 166; Score: -2.0975678428076208; Action: ([0.99, 1.1, 1.07, 0.0, 0.08], [1, 1, 1, 0, 0])
Episode: 167; Score: [-4.34987223]; Action: ([0.41, 1.08, 1.72, 0.33, 1.27], [0, 1, 2, 0, 1])
Episode: 168; Score: -2.060647113248706; Action: ([0.97, 0.92, 1.01, 2.0, 0.05], [1, 1, 1, 2, 0])
Episode: 169; Score: [-4.54358208]; Action: ([2.0, 1.17, 0.1, 0.08, 1.2], [2, 1, 0, 0, 1])
Episode: 170; Score: -3.011225251480937; Action: ([2.0, 1.02, 0.97, 2.0, 0.03], [2, 1, 1, 2, 0])
Episode: 171; Score: [-2.49178407]; Action: ([1.19, 0.07, 0.36, 0.29, 0.57], [1, 0, 0, 0, 0])
Episode: 172; Score: -4.061806473881006; Action: ([1.03, 0.0, 0.0, 1.93, 0.97], [1, 0, 0, 2, 1])
Episode: 173; Score: [-3.82246875]; Action: ([1.89, 0.18, 1.65, 1.61, 0.15], [2, 0, 2, 2, 0])
Episode: 174; Score: -4.030550088733435; Action: ([0.0, 0.97, 1.01, 1.01, 1.97], [0, 1, 1, 1, 2])
Episode: 175; Score: [-3.12902521]; Action: ([0.45, 0.42, 0.21, 1.43, 1.78], [0, 0, 0, 2, 2])
Episode: 176; Score: -2.102420300245285; Action: ([1.92, 1.03, 1.01, 1.0, 2.0], [2, 1, 1, 1, 2])
Episode: 177; Score: [-3.61577786]; Action: ([0.09, 1.81, 1.59, 0.69, 1.99], [0, 2, 2, 1, 2])
Episode: 178; Score: -3.0776511346921325; Action: ([2.0, 1.02, 0.97, 0.97, 0.0], [2, 1, 1, 1, 0])
Episode: 179; Score: [-3.93975527]; Action: ([1.72, 1.89, 1.0, 0.85, 1.39], [2, 2, 1, 1, 2])
Episode: 180; Score: -5.905367969535291; Action: ([0.94, 1.0, 0.95, 2.0, 1.01], [1, 1, 1, 2, 1])
Episode: 181; Score: [-1.71241377]; Action: ([0.56, 0.61, 1.33, 1.01, 1.54], [0, 0, 1, 1, 2])
Episode: 182; Score: -1.9381137117743492; Action: ([0.98, 0.14, 0.97, 1.98, 1.98], [1, 0, 1, 2, 2])
Episode: 183; Score: [-3.81620047]; Action: ([1.58, 1.99, 1.69, 1.13, 1.16], [2, 2, 2, 1, 1])
Episode: 184; Score: -3.919789613224566; Action: ([1.03, 0.0, 2.0, 1.0, 1.05], [1, 0, 2, 1, 1])
Episode: 185; Score: [-3.20950364]; Action: ([1.87, 1.6, 0.68, 1.85, 1.0], [2, 2, 1, 2, 1])
Episode: 186; Score: -3.9852764774113894; Action: ([1.06, 1.01, 2.0, 1.01, 0.96], [1, 1, 2, 1, 1])
Episode: 187; Score: [-3.62381452]; Action: ([1.54, 1.32, 0.18, 1.52, 1.46], [2, 1, 0, 2, 2])
Episode: 188; Score: -2.0622926373034716; Action: ([1.98, 0.96, 1.98, 1.99, 0.98], [2, 1, 2, 2, 1])
Episode: 189; Score: [-4.1175693]; Action: ([1.83, 1.6, 0.13, 1.43, 0.09], [2, 2, 0, 2, 0])
Episode: 190; Score: -6.93945331312716; Action: ([0.0, 1.01, 0.01, 1.05, 0.02], [0, 1, 0, 1, 0])
Episode: 191; Score: [-4.07247314]; Action: ([0.18, 0.76, 1.48, 0.95, 1.52], [0, 1, 2, 1, 2])
Episode: 192; Score: -2.9470567812677473; Action: ([2.0, 1.01, 1.97, 1.0, 0.04], [2, 1, 2, 1, 0])
Episode: 193; Score: [-3.51235091]; Action: ([1.75, 1.57, 1.93, 1.57, 1.69], [2, 2, 2, 2, 2])
Episode: 194; Score: -3.106306981295347; Action: ([1.99, 1.05, 0.07, 1.89, 0.0], [2, 1, 0, 2, 0])
Episode: 195; Score: [-5.93565586]; Action: ([0.77, 0.46, 1.49, 0.29, 0.04], [1, 0, 2, 0, 0])
Episode: 196; Score: -5.930770039558411; Action: ([1.98, 0.03, 0.0, 2.0, 1.92], [2, 0, 0, 2, 2])
Episode: 197; Score: [-5.29808462]; Action: ([0.74, 0.53, 0.26, 0.41, 0.76], [1, 0, 0, 0, 1])
Episode: 198; Score: -5.109967276453972; Action: ([1.96, 1.11, 2.0, 0.01, 0.03], [2, 1, 2, 0, 0])
Episode: 199; Score: [-4.76585922]; Action: ([1.09, 0.78, 1.01, 1.27, 0.09], [1, 1, 1, 1, 0])
Episode: 200; Score: -2.090563204139471; Action: ([0.03, 1.03, 2.0, 1.91, 2.0], [0, 1, 2, 2, 2])
Episode: 201; Score: [-4.4060798]; Action: ([1.44, 1.33, 1.64, 0.17, 0.68], [2, 1, 2, 0, 1])
Episode: 202; Score: -4.941571177914739; Action: ([1.98, 1.03, 0.91, 0.07, 0.95], [2, 1, 1, 0, 1])
Episode: 203; Score: [-3.61263807]; Action: ([0.81, 1.42, 0.96, 1.14, 0.9], [1, 2, 1, 1, 1])
Episode: 204; Score: -3.1183123607188463; Action: ([1.04, 0.07, 1.01, 0.03, 0.97], [1, 0, 1, 0, 1])
Episode: 205; Score: [-4.16654642]; Action: ([0.48, 1.79, 1.15, 0.45, 0.3], [0, 2, 1, 0, 0])
Episode: 206; Score: -3.209657683968544; Action: ([0.93, 1.07, 1.93, 0.01, 2.0], [1, 1, 2, 0, 2])
Episode: 207; Score: [-4.10940832]; Action: ([1.79, 0.61, 0.53, 0.0, 1.17], [2, 0, 0, 0, 1])
Episode: 208; Score: -3.1673312932252884; Action: ([0.01, 1.15, 1.02, 2.0, 2.0], [0, 1, 1, 2, 2])
Episode: 209; Score: [-3.0192359]; Action: ([1.5, 1.65, 0.23, 0.11, 1.2], [2, 2, 0, 0, 1])
Episode: 210; Score: -4.019777983427048; Action: ([1.05, 0.05, 1.99, 0.0, 1.89], [1, 0, 2, 0, 2])
Episode: 211; Score: [-2.60174401]; Action: ([1.46, 0.89, 1.82, 1.24, 1.96], [2, 1, 2, 1, 2])
Episode: 212; Score: -5.930811051279306; Action: ([0.08, 0.08, 1.99, 0.96, 0.94], [0, 0, 2, 1, 1])
Episode: 213; Score: [-4.41836957]; Action: ([1.45, 0.95, 1.69, 0.77, 0.1], [2, 1, 2, 1, 0])
Episode: 214; Score: -3.9994814544916153; Action: ([0.03, 0.96, 0.0, 0.0, 1.99], [0, 1, 0, 0, 2])
Episode: 215; Score: [-5.82232936]; Action: ([1.61, 1.46, 0.0, 0.86, 1.89], [2, 2, 0, 1, 2])
Episode: 216; Score: -2.238446108996868; Action: ([2.0, 0.03, 1.07, 0.9, 1.09], [2, 0, 1, 1, 1])
Episode: 217; Score: [-1.89820018]; Action: ([1.24, 1.12, 1.7, 1.28, 0.44], [1, 1, 2, 1, 0])
Episode: 218; Score: -3.026010811328888; Action: ([0.0, 0.04, 0.95, 2.0, 0.98], [0, 0, 1, 2, 1])
Episode: 219; Score: [-4.34395432]; Action: ([0.87, 1.38, 0.67, 1.14, 0.28], [1, 2, 1, 1, 0])
Episode: 220; Score: -1.2855569783132523; Action: ([1.85, 0.97, 1.07, 1.0, 1.97], [2, 1, 1, 1, 2])
Episode: 221; Score: [-5.06907987]; Action: ([0.14, 1.67, 1.35, 0.01, 1.89], [0, 2, 2, 0, 2])
Episode: 222; Score: -0.10315920365974307; Action: ([2.0, 1.0, 0.94, 2.0, 1.96], [2, 1, 1, 2, 2])
Episode: 223; Score: [-4.75269789]; Action: ([0.24, 1.03, 1.17, 1.46, 0.85], [0, 1, 1, 2, 1])
Episode: 224; Score: -2.138871109113097; Action: ([1.01, 1.04, 0.99, 1.93, 0.98], [1, 1, 1, 2, 1])
Episode: 225; Score: [-2.176653]; Action: ([1.4, 1.51, 0.12, 0.9, 1.29], [2, 2, 0, 1, 1])
Episode: 226; Score: -3.25753977522254; Action: ([1.99, 1.11, 0.92, 0.94, 0.0], [2, 1, 1, 1, 0])
Episode: 227; Score: [-6.40258221]; Action: ([1.02, 1.78, 1.26, 1.22, 1.13], [1, 2, 1, 1, 1])
Episode: 228; Score: -2.1284538209438324; Action: ([0.0, 0.95, 1.04, 1.95, 1.09], [0, 1, 1, 2, 1])
Episode: 229; Score: [-2.62438634]; Action: ([0.62, 1.84, 0.19, 0.84, 0.58], [0, 2, 0, 1, 0])
Episode: 230; Score: -1.0934799741953611; Action: ([0.96, 1.04, 0.97, 0.96, 1.95], [1, 1, 1, 1, 2])
Episode: 231; Score: [-3.43595993]; Action: ([1.71, 1.89, 1.51, 0.56, 1.7], [2, 2, 2, 0, 2])
Episode: 232; Score: -5.018364764750004; Action: ([0.0, 0.0, 2.0, 1.99, 0.99], [0, 0, 2, 2, 1])
Episode: 233; Score: [-4.28044577]; Action: ([1.03, 2.0, 0.94, 0.3, 1.46], [1, 2, 1, 0, 2])
Episode: 234; Score: -2.0915871468605474; Action: ([2.0, 1.11, 1.98, 1.0, 2.0], [2, 1, 2, 1, 2])
Episode: 235; Score: [-3.10439591]; Action: ([1.31, 1.79, 1.52, 0.24, 1.72], [1, 2, 2, 0, 2])
Episode: 236; Score: -6.933469220995903; Action: ([0.0, 0.09, 1.06, 0.03, 0.0], [0, 0, 1, 0, 0])
Episode: 237; Score: [-3.4909783]; Action: ([1.0, 1.38, 0.23, 1.59, 1.06], [1, 2, 0, 2, 1])
Episode: 238; Score: -2.2483087554574013; Action: ([0.04, 0.93, 1.91, 1.98, 1.9], [0, 1, 2, 2, 2])
Episode: 239; Score: [-3.13628989]; Action: ([1.38, 1.42, 1.54, 1.74, 0.71], [2, 2, 2, 2, 1])
Episode: 240; Score: -1.1116337813436985; Action: ([2.0, 0.92, 0.93, 2.0, 1.04], [2, 1, 1, 2, 1])
Episode: 241; Score: [-4.78675425]; Action: ([1.87, 0.72, 1.79, 0.0, 0.41], [2, 1, 2, 0, 0])
Episode: 242; Score: -3.906287891790271; Action: ([1.01, 0.05, 1.97, 2.0, 1.97], [1, 0, 2, 2, 2])
Episode: 243; Score: [-2.3825909]; Action: ([0.72, 0.29, 1.02, 0.26, 0.1], [1, 0, 1, 0, 0])
Episode: 244; Score: -2.987241423688829; Action: ([1.0, 0.98, 1.01, 0.0, 0.0], [1, 1, 1, 0, 0])
Episode: 245; Score: [-4.448819]; Action: ([1.9, 0.79, 0.73, 0.22, 0.91], [2, 1, 1, 0, 1])
Episode: 246; Score: -7.029134513810277; Action: ([0.06, 0.98, 2.0, 2.0, 2.0], [0, 1, 2, 2, 2])
Episode: 247; Score: [-6.47188905]; Action: ([0.76, 1.33, 1.93, 0.5, 1.95], [1, 2, 2, 0, 2])
Episode: 248; Score: -2.0738506172783673; Action: ([2.0, 1.04, 0.97, 1.0, 0.0], [2, 1, 1, 1, 0])
Episode: 249; Score: [-2.07994578]; Action: ([0.83, 1.26, 1.22, 1.61, 1.97], [1, 1, 1, 2, 2])
Episode: 250; Score: -2.9887006245553493; Action: ([2.0, 0.99, 1.02, 2.0, 0.0], [2, 1, 1, 2, 0])
Episode: 251; Score: [-4.14744176]; Action: ([0.21, 0.18, 1.09, 0.9, 1.76], [0, 0, 1, 1, 2])
Episode: 252; Score: -4.914913011714816; Action: ([2.0, 0.0, 0.98, 1.03, 0.07], [2, 0, 1, 1, 0])
Episode: 253; Score: [-3.20580022]; Action: ([1.08, 2.0, 1.21, 1.65, 1.27], [1, 2, 1, 2, 1])
Episode: 254; Score: -3.93016354739666; Action: ([2.0, 0.0, 1.07, 2.0, 0.0], [2, 0, 1, 2, 0])
Episode: 255; Score: [-2.69249621]; Action: ([1.13, 1.37, 0.7, 1.5, 1.35], [1, 2, 1, 2, 2])
Episode: 256; Score: -2.1318818740546703; Action: ([0.94, 1.04, 1.03, 2.0, 2.0], [1, 1, 1, 2, 2])
Episode: 257; Score: [-4.4405836]; Action: ([0.86, 0.19, 1.67, 1.86, 0.33], [1, 0, 2, 2, 0])
Episode: 258; Score: -5.05820557824336; Action: ([0.03, 1.02, 1.01, 2.0, 1.0], [0, 1, 1, 2, 1])
Episode: 259; Score: [-6.77450577]; Action: ([1.85, 1.85, 0.17, 1.4, 1.5], [2, 2, 0, 2, 2])
Episode: 260; Score: -4.054374314844608; Action: ([2.0, 1.06, 2.0, 0.0, 2.0], [2, 1, 2, 0, 2])
Episode: 261; Score: [-4.25849445]; Action: ([1.04, 0.27, 0.95, 0.98, 1.02], [1, 0, 1, 1, 1])
Episode: 262; Score: -2.1463325768709183; Action: ([1.92, 1.05, 1.02, 0.0, 1.99], [2, 1, 1, 0, 2])
Episode: 263; Score: [-6.27470231]; Action: ([0.89, 0.46, 1.44, 1.52, 1.97], [1, 0, 2, 2, 2])
Episode: 264; Score: -2.936360931955278; Action: ([1.9, 0.0, 0.99, 2.0, 0.98], [2, 0, 1, 2, 1])
Episode: 265; Score: [-5.43266519]; Action: ([1.44, 0.74, 1.61, 0.22, 1.43], [2, 1, 2, 0, 2])
Episode: 266; Score: -2.1689826752990484; Action: ([1.03, 0.92, 0.0, 0.94, 2.0], [1, 1, 0, 1, 2])
Episode: 267; Score: [-1.82803334]; Action: ([1.15, 0.33, 1.2, 1.17, 1.65], [1, 0, 1, 1, 2])
Episode: 268; Score: -4.009939789772034; Action: ([2.0, 0.01, 0.0, 0.0, 2.0], [2, 0, 0, 0, 2])
Episode: 269; Score: [-7.064171]; Action: ([1.82, 0.85, 1.31, 1.52, 1.56], [2, 1, 1, 2, 2])
Episode: 270; Score: -4.0192801505327225; Action: ([2.0, 1.01, 0.0, 1.01, 0.0], [2, 1, 0, 1, 0])
Episode: 271; Score: [-4.39883695]; Action: ([0.14, 0.06, 1.01, 0.99, 1.41], [0, 0, 1, 1, 2])
Episode: 272; Score: -5.974268386606127; Action: ([1.91, 1.04, 1.98, 0.05, 0.99], [2, 1, 2, 0, 1])
Episode: 273; Score: [-2.3307631]; Action: ([1.73, 1.5, 0.92, 0.59, 0.38], [2, 2, 1, 0, 0])
Episode: 274; Score: -5.099289648234844; Action: ([0.02, 0.01, 0.94, 0.95, 0.98], [0, 0, 1, 1, 1])
Episode: 275; Score: [-3.08436291]; Action: ([1.07, 0.03, 1.44, 1.54, 1.71], [1, 0, 2, 2, 2])
Episode: 276; Score: -3.940717589808628; Action: ([0.0, 1.0, 0.01, 0.0, 1.95], [0, 1, 0, 0, 2])
Episode: 277; Score: [-4.70710635]; Action: ([1.53, 0.05, 0.75, 1.15, 0.81], [2, 0, 1, 1, 1])
Episode: 278; Score: -5.0625771610066295; Action: ([0.98, 0.99, 0.0, 1.07, 0.9], [1, 1, 0, 1, 1])
Episode: 279; Score: [-4.7216932]; Action: ([0.65, 0.69, 1.4, 1.37, 0.61], [0, 1, 2, 2, 0])
Episode: 280; Score: -4.040509708225727; Action: ([2.0, 1.09, 1.99, 0.0, 1.97], [2, 1, 2, 0, 2])
Episode: 281; Score: [-1.83050105]; Action: ([0.56, 1.11, 0.31, 0.66, 1.25], [0, 1, 0, 0, 1])
Episode: 282; Score: -4.111401449888945; Action: ([0.05, 1.02, 0.94, 0.95, 1.97], [0, 1, 1, 1, 2])
Episode: 283; Score: [-1.25791414]; Action: ([1.18, 0.53, 1.34, 1.25, 0.98], [1, 0, 2, 1, 1])
Episode: 284; Score: -4.988661367446184; Action: ([2.0, 0.96, 0.04, 1.97, 0.02], [2, 1, 0, 2, 0])
Episode: 285; Score: [-2.70433833]; Action: ([0.88, 0.04, 1.43, 2.0, 1.2], [1, 0, 2, 2, 1])
Episode: 286; Score: -6.1305475905537605; Action: ([0.0, 1.08, 0.91, 0.03, 0.01], [0, 1, 1, 0, 0])
Episode: 287; Score: [-3.28137608]; Action: ([1.81, 1.36, 1.34, 0.83, 0.77], [2, 2, 2, 1, 1])
Episode: 288; Score: -3.2502362690865993; Action: ([0.02, 1.06, 1.07, 1.94, 0.92], [0, 1, 1, 2, 1])
Episode: 289; Score: [-2.1686044]; Action: ([1.75, 0.87, 1.72, 1.31, 0.74], [2, 1, 2, 1, 1])
Episode: 290; Score: -6.000040523707867; Action: ([1.99, 0.07, 0.0, 0.93, 0.0], [2, 0, 0, 1, 0])
Episode: 291; Score: [-6.86956141]; Action: ([0.29, 1.88, 0.81, 1.92, 1.96], [0, 2, 1, 2, 2])
Episode: 292; Score: -5.00040808878839; Action: ([0.02, 0.97, 1.98, 1.99, 0.0], [0, 1, 2, 2, 0])
Episode: 293; Score: [-6.00767467]; Action: ([1.62, 0.5, 1.3, 1.34, 1.24], [2, 0, 1, 2, 1])
Episode: 294; Score: -2.0998200541362166; Action: ([0.97, 1.07, 1.02, 2.0, 1.98], [1, 1, 1, 2, 2])
Episode: 295; Score: [-5.11157446]; Action: ([1.98, 1.71, 0.07, 0.81, 0.74], [2, 2, 0, 1, 1])
Episode: 296; Score: -8.038499187678099; Action: ([1.01, 1.11, 2.0, 1.95, 1.97], [1, 1, 2, 2, 2])
Episode: 297; Score: [-4.75557311]; Action: ([0.62, 0.22, 0.09, 1.24, 1.09], [0, 0, 0, 1, 1])
Episode: 298; Score: -3.9312934279441833; Action: ([1.99, 0.05, 0.0, 2.0, 0.03], [2, 0, 0, 2, 0])
Episode: 299; Score: [-3.21674781]; Action: ([1.95, 0.94, 0.74, 0.7, 0.45], [2, 1, 1, 1, 0])
Episode: 300; Score: -4.007342169061303; Action: ([0.02, 0.9, 0.1, 2.0, 0.97], [0, 1, 0, 2, 1])
Episode: 301; Score: [-6.44402757]; Action: ([1.39, 1.66, 0.34, 1.71, 1.35], [2, 2, 0, 2, 2])
Episode: 302; Score: -1.0858093705028296; Action: ([1.05, 1.0, 1.99, 0.96, 1.01], [1, 1, 2, 1, 1])
Episode: 303; Score: [-3.66589244]; Action: ([1.37, 1.33, 0.0, 1.3, 0.99], [2, 1, 0, 1, 1])
Episode: 304; Score: -3.0214531049132347; Action: ([1.96, 0.96, 1.02, 2.0, 2.0], [2, 1, 1, 2, 2])
Episode: 305; Score: [-3.00064987]; Action: ([1.67, 1.1, 1.8, 1.46, 0.77], [2, 1, 2, 2, 1])
Episode: 306; Score: -2.92721112142317; Action: ([1.93, 1.0, 1.94, 0.0, 1.05], [2, 1, 2, 0, 1])
Episode: 307; Score: [-4.94932801]; Action: ([0.25, 0.72, 1.22, 0.05, 1.81], [0, 1, 1, 0, 2])
Episode: 308; Score: -2.880664837313816; Action: ([1.97, 1.0, 0.11, 1.02, 2.0], [2, 1, 0, 1, 2])
Episode: 309; Score: [-5.0710389]; Action: ([0.36, 0.98, 1.3, 0.51, 1.93], [0, 1, 1, 0, 2])
Episode: 310; Score: -4.157894790172577; Action: ([0.0, 0.13, 2.0, 0.03, 2.0], [0, 0, 2, 0, 2])
Episode: 311; Score: [-1.21359271]; Action: ([1.88, 0.88, 0.73, 2.0, 1.29], [2, 1, 1, 2, 1])
Episode: 312; Score: -2.9955362621694803; Action: ([0.96, 0.01, 0.0, 0.06, 0.97], [1, 0, 0, 0, 1])
Episode: 313; Score: [-5.77135551]; Action: ([1.28, 0.79, 0.88, 2.0, 0.82], [1, 1, 1, 2, 1])
Episode: 314; Score: -2.8983783945441246; Action: ([0.93, 0.09, 1.1, 2.0, 1.99], [1, 0, 1, 2, 2])
Episode: 315; Score: [-5.82984174]; Action: ([1.6, 0.52, 1.83, 1.65, 0.24], [2, 0, 2, 2, 0])
Episode: 316; Score: -3.838231896981597; Action: ([2.0, 0.98, 2.0, 1.94, 1.88], [2, 1, 2, 2, 2])
Episode: 317; Score: [-2.78078659]; Action: ([1.97, 0.95, 0.79, 1.74, 1.82], [2, 1, 1, 2, 2])
Episode: 318; Score: -2.1476972438395023; Action: ([0.0, 1.07, 1.03, 1.96, 2.0], [0, 1, 1, 2, 2])
Episode: 319; Score: [-3.33065938]; Action: ([0.24, 0.12, 0.48, 1.97, 0.79], [0, 0, 0, 2, 1])
Episode: 320; Score: -1.073333952575922; Action: ([1.97, 0.96, 2.0, 2.0, 2.0], [2, 1, 2, 2, 2])
Episode: 321; Score: [-3.48088984]; Action: ([0.49, 0.0, 0.18, 1.47, 0.33], [0, 0, 0, 2, 0])
Episode: 322; Score: -1.0260350340977311; Action: ([2.0, 0.01, 1.02, 1.98, 2.0], [2, 0, 1, 2, 2])
Episode: 323; Score: [-4.68245565]; Action: ([0.29, 0.83, 1.79, 0.17, 1.6], [0, 1, 2, 0, 2])
Episode: 324; Score: -1.2342012329027057; Action: ([2.0, 0.98, 0.93, 1.93, 0.92], [2, 1, 1, 2, 1])
Episode: 325; Score: [-4.82654914]; Action: ([1.35, 0.66, 0.94, 0.17, 0.04], [2, 0, 1, 0, 0])
Episode: 326; Score: -2.920706402976066; Action: ([0.0, 0.95, 1.01, 0.07, 1.93], [0, 1, 1, 0, 2])
Episode: 327; Score: [-4.90548946]; Action: ([0.74, 1.34, 1.54, 0.61, 0.55], [1, 2, 2, 0, 0])
Episode: 328; Score: -4.026370856910944; Action: ([1.97, 1.01, 0.0, 0.0, 1.01], [2, 1, 0, 0, 1])
Episode: 329; Score: [-2.27885549]; Action: ([0.09, 1.1, 0.03, 0.71, 0.35], [0, 1, 0, 1, 0])
Episode: 330; Score: -4.083097433671355; Action: ([1.02, 0.96, 1.99, 0.0, 1.92], [1, 1, 2, 0, 2])
Episode: 331; Score: [-1.70184855]; Action: ([1.48, 0.68, 0.54, 1.03, 1.42], [2, 1, 0, 1, 2])
Episode: 332; Score: -2.993759155739099; Action: ([1.07, 1.03, 0.0, 1.97, 1.0], [1, 1, 0, 2, 1])
Episode: 333; Score: [-1.98806881]; Action: ([1.23, 0.99, 0.0, 0.61, 1.35], [1, 1, 0, 0, 2])
Episode: 334; Score: -8.049595855176449; Action: ([1.97, 1.07, 1.01, 2.0, 2.0], [2, 1, 1, 2, 2])
Episode: 335; Score: [-2.88021498]; Action: ([1.26, 0.15, 1.16, 1.99, 0.38], [1, 0, 1, 2, 0])
Episode: 336; Score: -2.956410527229309; Action: ([0.09, 0.0, 1.96, 2.0, 1.99], [0, 0, 2, 2, 2])
Episode: 337; Score: [-5.42069319]; Action: ([1.48, 1.83, 0.24, 0.37, 1.51], [2, 2, 0, 0, 2])
Episode: 338; Score: -3.0923316003754735; Action: ([1.98, 1.02, 1.01, 0.96, 0.0], [2, 1, 1, 1, 0])
Episode: 339; Score: [-5.10479652]; Action: ([1.96, 0.36, 0.07, 0.96, 1.76], [2, 0, 0, 1, 2])
Episode: 340; Score: -0.9953588806092739; Action: ([2.0, 0.97, 0.04, 2.0, 2.0], [2, 1, 0, 2, 2])
Episode: 341; Score: [-5.06772015]; Action: ([1.54, 0.38, 1.22, 1.77, 0.16], [2, 0, 1, 2, 0])
Episode: 342; Score: -3.993760739918798; Action: ([1.0, 1.05, 0.98, 1.07, 0.0], [1, 1, 1, 1, 0])
Episode: 343; Score: [-5.73875273]; Action: ([0.49, 1.39, 0.32, 0.78, 1.05], [0, 2, 0, 1, 1])
Episode: 344; Score: -5.988251209259033; Action: ([0.0, 0.01, 1.98, 2.0, 2.0], [0, 0, 2, 2, 2])
Episode: 345; Score: [-4.23607862]; Action: ([0.71, 1.33, 0.08, 1.95, 1.35], [1, 1, 0, 2, 2])
Episode: 346; Score: -5.136757122352719; Action: ([1.03, 0.98, 0.11, 1.09, 1.93], [1, 1, 0, 1, 2])
Episode: 347; Score: [-2.4846178]; Action: ([0.62, 0.68, 0.55, 1.92, 1.74], [0, 1, 0, 2, 2])
Episode: 348; Score: -5.991800427436829; Action: ([1.99, 0.0, 0.0, 2.0, 2.0], [2, 0, 0, 2, 2])
Episode: 349; Score: [-3.5276533]; Action: ([0.29, 0.57, 0.48, 1.9, 0.29], [0, 0, 0, 2, 0])
Episode: 350; Score: -1.0452704802155495; Action: ([1.93, 1.06, 0.98, 0.98, 1.02], [2, 1, 1, 1, 1])
Episode: 351; Score: [-2.81990471]; Action: ([0.44, 0.1, 1.82, 0.08, 0.37], [0, 0, 2, 0, 0])
Episode: 352; Score: -1.1210764944553375; Action: ([2.0, 1.06, 1.03, 1.92, 1.99], [2, 1, 1, 2, 2])
Episode: 353; Score: [-5.09108755]; Action: ([1.42, 0.93, 0.71, 0.32, 1.7], [2, 1, 1, 0, 2])
Episode: 354; Score: -4.033627964556217; Action: ([1.07, 1.04, 0.0, 0.93, 2.0], [1, 1, 0, 1, 2])
Episode: 355; Score: [-4.28402402]; Action: ([1.33, 0.59, 1.17, 0.36, 0.83], [1, 0, 1, 0, 1])
Episode: 356; Score: -6.134044095873833; Action: ([0.0, 1.07, 0.0, 0.91, 0.03], [0, 1, 0, 1, 0])
Episode: 357; Score: [-4.56577607]; Action: ([1.62, 0.1, 0.47, 1.66, 0.71], [2, 0, 0, 2, 1])
Episode: 358; Score: -3.978125047608046; Action: ([2.0, 1.0, 0.01, 1.99, 0.0], [2, 1, 0, 2, 0])
Episode: 359; Score: [-4.90089003]; Action: ([1.12, 1.77, 1.77, 0.55, 0.98], [1, 2, 2, 0, 1])
Episode: 360; Score: -1.1058043967932463; Action: ([1.96, 0.96, 1.03, 1.99, 1.01], [2, 1, 1, 2, 1])
Episode: 361; Score: [-4.1184913]; Action: ([0.38, 1.21, 0.99, 0.28, 1.45], [0, 1, 1, 0, 2])
Episode: 362; Score: -3.023605439811945; Action: ([0.04, 0.97, 0.97, 2.0, 2.0], [0, 1, 1, 2, 2])
Episode: 363; Score: [-2.84935383]; Action: ([0.87, 0.11, 1.24, 1.95, 1.65], [1, 0, 1, 2, 2])
Episode: 364; Score: -2.9288083547726274; Action: ([2.0, 1.01, 0.02, 1.91, 0.97], [2, 1, 0, 2, 1])
Episode: 365; Score: [-4.04938793]; Action: ([1.74, 1.53, 1.83, 0.38, 1.2], [2, 2, 2, 0, 1])
Episode: 366; Score: -5.9954853020608425; Action: ([2.0, 0.98, 2.0, 1.02, 0.0], [2, 1, 2, 1, 0])
Episode: 367; Score: [-3.57196966]; Action: ([1.48, 1.03, 0.98, 0.6, 1.4], [2, 1, 1, 0, 2])
Episode: 368; Score: -5.083226919174194; Action: ([0.0, 0.92, 0.96, 0.93, 1.1], [0, 1, 1, 1, 1])
Episode: 369; Score: [-5.75729093]; Action: ([1.11, 0.93, 1.06, 1.88, 0.78], [1, 1, 1, 2, 1])
Episode: 370; Score: -3.004310918971896; Action: ([1.02, 0.05, 0.96, 2.0, 2.0], [1, 0, 1, 2, 2])
Episode: 371; Score: [-2.04738529]; Action: ([1.92, 0.92, 1.68, 0.73, 1.71], [2, 1, 2, 1, 2])
Episode: 372; Score: -8.77902676165104; Action: ([1.94, 0.93, 1.94, 2.0, 1.97], [2, 1, 2, 2, 2])
Episode: 373; Score: [-4.51361761]; Action: ([0.33, 2.0, 0.23, 1.85, 0.1], [0, 2, 0, 2, 0])
Episode: 374; Score: -6.067012391984463; Action: ([1.97, 1.09, 1.93, 0.0, 1.08], [2, 1, 2, 0, 1])
Episode: 375; Score: [-2.34025316]; Action: ([0.98, 1.15, 1.86, 1.32, 0.0], [1, 1, 2, 1, 0])
Episode: 376; Score: -1.01499486528337; Action: ([1.98, 0.05, 1.02, 2.0, 1.98], [2, 0, 1, 2, 2])
Episode: 377; Score: [-3.13382264]; Action: ([0.96, 1.92, 0.43, 1.73, 0.14], [1, 2, 0, 2, 0])
Episode: 378; Score: -2.9654189399443567; Action: ([1.09, 1.04, 2.0, 1.98, 1.01], [1, 1, 2, 2, 1])
Episode: 379; Score: [-3.12270047]; Action: ([0.7, 0.16, 1.8, 1.92, 1.26], [1, 0, 2, 2, 1])
Episode: 380; Score: -2.0733177103102207; Action: ([1.93, 1.04, 2.0, 0.04, 1.99], [2, 1, 2, 0, 2])
Episode: 381; Score: [-7.20392197]; Action: ([1.17, 1.65, 0.91, 1.51, 1.97], [1, 2, 1, 2, 2])
Episode: 382; Score: -6.8877840749919415; Action: ([0.95, 1.05, 1.96, 0.98, 1.94], [1, 1, 2, 1, 2])
Episode: 383; Score: [-5.7055126]; Action: ([0.96, 1.4, 0.16, 1.09, 0.49], [1, 2, 0, 1, 0])
Episode: 384; Score: -6.070043936371803; Action: ([0.0, 1.03, 1.04, 2.0, 2.0], [0, 1, 1, 2, 2])
Episode: 385; Score: [-5.30895403]; Action: ([1.52, 1.13, 1.92, 0.65, 0.09], [2, 1, 2, 0, 0])
Episode: 386; Score: -2.0106302266940475; Action: ([2.0, 1.01, 2.0, 0.0, 2.0], [2, 1, 2, 0, 2])
Episode: 387; Score: [-4.93936338]; Action: ([0.38, 0.89, 0.0, 1.11, 1.69], [0, 1, 0, 1, 2])
Episode: 388; Score: -4.053108882158995; Action: ([2.0, 1.03, 1.97, 0.01, 0.0], [2, 1, 2, 0, 0])
Episode: 389; Score: [-5.27800371]; Action: ([0.92, 1.01, 0.66, 1.4, 1.28], [1, 1, 0, 2, 1])
Episode: 390; Score: -6.910474888980389; Action: ([0.99, 0.05, 2.0, 0.05, 0.0], [1, 0, 2, 0, 0])
Episode: 391; Score: [-5.57183698]; Action: ([0.16, 1.66, 0.76, 1.19, 0.97], [0, 2, 1, 1, 1])
Episode: 392; Score: -8.988387547316961; Action: ([2.0, 1.0, 2.0, 1.99, 2.0], [2, 1, 2, 2, 2])
Episode: 393; Score: [-3.99585708]; Action: ([1.74, 0.52, 0.25, 1.11, 0.38], [2, 0, 0, 1, 0])
Episode: 394; Score: -4.9327889662235975; Action: ([1.01, 0.95, 1.0, 0.0, 1.97], [1, 1, 1, 0, 2])
Episode: 395; Score: [-3.65403127]; Action: ([0.29, 0.44, 1.81, 0.05, 0.38], [0, 0, 2, 0, 0])
Episode: 396; Score: -3.088390450924635; Action: ([0.0, 0.0, 1.04, 1.05, 0.0], [0, 0, 1, 1, 0])
Episode: 397; Score: [-3.38050555]; Action: ([0.15, 1.41, 1.65, 1.65, 1.89], [0, 2, 2, 2, 2])
Episode: 398; Score: -3.934471508488059; Action: ([1.02, 0.02, 2.0, 1.98, 0.05], [1, 0, 2, 2, 0])
Episode: 399; Score: [-2.55988953]; Action: ([1.51, 1.29, 1.34, 1.59, 0.17], [2, 1, 2, 2, 0])
Episode: 400; Score: -4.064201071858406; Action: ([0.0, 0.94, 0.0, 2.0, 2.0], [0, 1, 0, 2, 2])
Episode: 401; Score: [-3.50545557]; Action: ([0.13, 1.4, 1.05, 0.16, 0.76], [0, 2, 1, 0, 1])
Episode: 402; Score: -3.9842354636639357; Action: ([1.95, 0.0, 2.0, 1.03, 2.0], [2, 0, 2, 1, 2])
Episode: 403; Score: [-1.47343825]; Action: ([0.69, 0.97, 1.62, 1.11, 0.6], [1, 1, 2, 1, 0])
Episode: 404; Score: -5.986775111872703; Action: ([2.0, 1.0, 0.96, 0.02, 2.0], [2, 1, 1, 0, 2])
Episode: 405; Score: [-3.19843975]; Action: ([0.8, 1.6, 1.73, 1.61, 1.72], [1, 2, 2, 2, 2])
Episode: 406; Score: -1.1421980448067188; Action: ([1.0, 1.07, 0.94, 2.0, 0.99], [1, 1, 1, 2, 1])
Episode: 407; Score: [-4.81074458]; Action: ([0.46, 0.33, 1.49, 0.97, 1.56], [0, 0, 2, 1, 2])
Episode: 408; Score: -4.941607346758246; Action: ([1.1, 1.07, 0.98, 0.05, 0.0], [1, 1, 1, 0, 0])
Episode: 409; Score: [-4.01361284]; Action: ([1.02, 1.27, 1.1, 1.29, 0.05], [1, 1, 1, 1, 0])
Episode: 410; Score: -3.180094702169299; Action: ([0.92, 1.06, 0.93, 1.02, 2.0], [1, 1, 1, 1, 2])
Episode: 411; Score: [-5.02082091]; Action: ([0.0, 1.78, 1.22, 1.42, 0.6], [0, 2, 1, 2, 0])
Episode: 412; Score: -6.083034349605441; Action: ([2.0, 1.01, 0.06, 1.01, 2.0], [2, 1, 0, 1, 2])
Episode: 413; Score: [-2.10830779]; Action: ([2.0, 0.33, 1.64, 1.88, 1.31], [2, 0, 2, 2, 1])
Episode: 414; Score: -3.1021084673702717; Action: ([2.0, 0.0, 0.95, 0.96, 1.98], [2, 0, 1, 1, 2])
Episode: 415; Score: [-6.0164213]; Action: ([0.66, 0.31, 1.67, 1.61, 1.77], [0, 0, 2, 2, 2])
Episode: 416; Score: -2.9972171038389206; Action: ([1.89, 0.92, 0.03, 0.07, 0.88], [2, 1, 0, 0, 1])
Episode: 417; Score: [-4.78370959]; Action: ([0.16, 1.42, 1.23, 0.84, 1.42], [0, 2, 1, 1, 2])
Episode: 418; Score: -7.816530909389257; Action: ([2.0, 0.88, 0.97, 1.97, 2.0], [2, 1, 1, 2, 2])
Episode: 419; Score: [-5.43136162]; Action: ([0.33, 1.53, 1.08, 0.31, 1.39], [0, 2, 1, 0, 2])
Episode: 420; Score: -2.107494020834565; Action: ([1.96, 1.03, 0.94, 1.99, 0.04], [2, 1, 1, 2, 0])
Episode: 421; Score: [-2.84127194]; Action: ([2.0, 0.63, 1.33, 0.08, 1.22], [2, 0, 2, 0, 1])
Episode: 422; Score: -3.971071984618902; Action: ([2.0, 0.96, 0.04, 1.98, 0.0], [2, 1, 0, 2, 0])
Episode: 423; Score: [-5.50162619]; Action: ([0.85, 0.38, 1.67, 1.77, 0.84], [1, 0, 2, 2, 1])
Episode: 424; Score: -3.9610930681228638; Action: ([0.04, 0.0, 0.0, 2.0, 2.0], [0, 0, 0, 2, 2])
Episode: 425; Score: [-4.24393589]; Action: ([0.96, 0.13, 1.14, 1.76, 0.04], [1, 0, 1, 2, 0])
Episode: 426; Score: -3.080047957599163; Action: ([2.0, 1.08, 2.0, 2.0, 0.0], [2, 1, 2, 2, 0])
Episode: 427; Score: [-3.31668913]; Action: ([1.85, 0.23, 0.61, 0.68, 1.32], [2, 0, 0, 1, 1])
Episode: 428; Score: -4.125401936471462; Action: ([0.0, 1.08, 1.04, 0.0, 2.0], [0, 1, 1, 0, 2])
Episode: 429; Score: [-6.63901113]; Action: ([0.11, 1.29, 0.26, 0.19, 1.08], [0, 1, 0, 0, 1])
Episode: 430; Score: -6.919032283127308; Action: ([0.91, 0.1, 0.02, 0.0, 1.05], [1, 0, 0, 0, 1])
Episode: 431; Score: [-4.24709893]; Action: ([1.78, 0.54, 0.03, 0.42, 1.98], [2, 0, 0, 0, 2])
Episode: 432; Score: -2.9243782982230186; Action: ([2.0, 0.0, 1.06, 1.08, 1.93], [2, 0, 1, 1, 2])
Episode: 433; Score: [-1.54650197]; Action: ([1.64, 0.64, 1.75, 1.75, 1.67], [2, 0, 2, 2, 2])
Episode: 434; Score: -2.10608612280339; Action: ([1.97, 1.04, 1.09, 2.0, 1.01], [2, 1, 1, 2, 1])
Episode: 435; Score: [-4.97072968]; Action: ([0.82, 0.55, 0.09, 0.77, 0.8], [1, 0, 0, 1, 1])
Episode: 436; Score: -2.9914849223569036; Action: ([0.98, 1.02, 0.04, 2.0, 2.0], [1, 1, 0, 2, 2])
Episode: 437; Score: [-4.53282048]; Action: ([1.22, 1.78, 0.14, 0.55, 0.86], [1, 2, 0, 0, 1])
Episode: 438; Score: -3.0941849295049906; Action: ([1.91, 1.03, 2.0, 0.0, 0.85], [2, 1, 2, 0, 1])
Episode: 439; Score: [-3.74125289]; Action: ([0.78, 1.97, 0.57, 0.06, 0.35], [1, 2, 0, 0, 0])
Episode: 440; Score: -2.039056746289134; Action: ([0.99, 0.97, 0.02, 1.98, 2.0], [1, 1, 0, 2, 2])
Episode: 441; Score: [-6.19897366]; Action: ([0.75, 1.15, 1.59, 1.32, 1.38], [1, 1, 2, 1, 2])
Episode: 442; Score: -5.951291855424643; Action: ([0.89, 1.06, 0.0, 2.0, 2.0], [1, 1, 0, 2, 2])
Episode: 443; Score: [-4.94945995]; Action: ([0.23, 0.9, 1.63, 1.87, 0.32], [0, 1, 2, 2, 0])
Episode: 444; Score: -5.898282112088054; Action: ([1.0, 0.06, 2.0, 0.02, 1.02], [1, 0, 2, 0, 1])
Episode: 445; Score: [-1.90641508]; Action: ([1.62, 1.0, 1.79, 0.68, 1.17], [2, 1, 2, 1, 1])
Episode: 446; Score: -6.942349154502153; Action: ([1.97, 0.96, 1.99, 0.03, 1.99], [2, 1, 2, 0, 2])
Episode: 447; Score: [-1.65459024]; Action: ([1.57, 0.87, 0.89, 0.59, 0.56], [2, 1, 1, 0, 0])
Episode: 448; Score: -8.88829872570932; Action: ([1.98, 1.02, 1.97, 1.95, 1.98], [2, 1, 2, 2, 2])
Episode: 449; Score: [-6.14492245]; Action: ([0.35, 1.44, 1.74, 0.05, 0.64], [0, 2, 2, 0, 0])
Episode: 450; Score: -0.19056425616145134; Action: ([2.0, 1.07, 1.05, 2.0, 1.92], [2, 1, 1, 2, 2])
Episode: 451; Score: [-2.23460865]; Action: ([1.83, 0.66, 1.13, 1.59, 1.34], [2, 0, 1, 2, 2])
Episode: 452; Score: -3.92212663218379; Action: ([2.0, 0.06, 0.95, 1.07, 0.0], [2, 0, 1, 1, 0])
Episode: 453; Score: [-2.9459267]; Action: ([0.77, 1.07, 0.78, 1.35, 1.22], [1, 1, 1, 2, 1])
Episode: 454; Score: -3.093533603474498; Action: ([0.04, 1.02, 2.0, 1.89, 2.0], [0, 1, 2, 2, 2])
Episode: 455; Score: [-3.53563847]; Action: ([1.97, 0.51, 1.57, 0.0, 1.51], [2, 0, 2, 0, 2])
Episode: 456; Score: -6.025171160697937; Action: ([0.04, 0.06, 1.99, 1.94, 2.0], [0, 0, 2, 2, 2])
Episode: 457; Score: [-2.64461698]; Action: ([1.8, 0.26, 0.11, 1.69, 1.49], [2, 0, 0, 2, 2])
Episode: 458; Score: -6.034904822707176; Action: ([0.1, 0.96, 0.0, 0.0, 1.91], [0, 1, 0, 0, 2])
Episode: 459; Score: [-4.77871562]; Action: ([1.9, 0.88, 0.39, 0.49, 1.12], [2, 1, 0, 0, 1])
Episode: 460; Score: -5.95781497657299; Action: ([2.0, 0.97, 0.0, 2.0, 0.99], [2, 1, 0, 2, 1])
Episode: 461; Score: [-2.65521174]; Action: ([0.37, 1.55, 0.06, 0.33, 0.36], [0, 2, 0, 0, 0])
Episode: 462; Score: -4.0229846034199; Action: ([2.0, 0.0, 0.99, 1.03, 0.0], [2, 0, 1, 1, 0])
Episode: 463; Score: [-2.49572498]; Action: ([0.05, 0.63, 0.69, 0.53, 0.59], [0, 0, 1, 0, 0])
Episode: 464; Score: -2.9338805582374334; Action: ([1.04, 1.02, 1.98, 1.9, 1.99], [1, 1, 2, 2, 2])
Episode: 465; Score: [-2.95253235]; Action: ([0.46, 1.29, 0.34, 0.54, 2.0], [0, 1, 0, 0, 2])
Episode: 466; Score: -3.9761228784918785; Action: ([1.97, 0.99, 2.0, 1.05, 0.01], [2, 1, 2, 1, 0])
Episode: 467; Score: [-3.19271321]; Action: ([0.08, 1.72, 0.65, 0.6, 1.79], [0, 2, 0, 0, 2])
Episode: 468; Score: -6.034791596233845; Action: ([0.93, 0.04, 1.09, 2.0, 1.98], [1, 0, 1, 2, 2])
Episode: 469; Score: [-5.39876986]; Action: ([0.93, 0.07, 0.4, 0.52, 1.69], [1, 0, 0, 0, 2])
Episode: 470; Score: -4.035513825714588; Action: ([2.0, 0.03, 0.02, 2.0, 0.92], [2, 0, 0, 2, 1])
Episode: 471; Score: [-5.41442682]; Action: ([0.0, 1.76, 1.18, 0.44, 1.09], [0, 2, 1, 0, 1])
Episode: 472; Score: -2.996921284124255; Action: ([2.0, 0.01, 1.02, 2.0, 0.01], [2, 0, 1, 2, 0])
Episode: 473; Score: [-3.01028219]; Action: ([1.42, 1.21, 0.52, 1.52, 1.74], [2, 1, 0, 2, 2])
Episode: 474; Score: -3.0073374619241804; Action: ([2.0, 1.0, 0.99, 1.0, 1.01], [2, 1, 1, 1, 1])
Episode: 475; Score: [-3.7859636]; Action: ([0.17, 0.79, 0.23, 1.94, 0.67], [0, 1, 0, 2, 1])
Episode: 476; Score: -4.955396912526339; Action: ([0.99, 0.95, 0.98, 0.03, 0.09], [1, 1, 1, 0, 0])
Episode: 477; Score: [-5.51737471]; Action: ([0.91, 1.95, 1.41, 0.29, 0.65], [1, 2, 2, 0, 0])
Episode: 478; Score: -4.102306559681892; Action: ([0.0, 0.94, 0.06, 1.95, 0.95], [0, 1, 0, 2, 1])
Episode: 479; Score: [-5.88567659]; Action: ([0.77, 1.78, 0.59, 1.44, 1.3], [1, 2, 0, 2, 1])
Episode: 480; Score: -4.023407235741615; Action: ([0.0, 0.0, 1.95, 1.08, 2.0], [0, 0, 2, 1, 2])
Episode: 481; Score: [-2.54428993]; Action: ([1.79, 1.66, 1.36, 2.0, 0.69], [2, 2, 2, 2, 1])
Episode: 482; Score: -5.0732318833470345; Action: ([1.04, 0.0, 2.0, 0.99, 1.04], [1, 0, 2, 1, 1])
Episode: 483; Score: [-5.09079912]; Action: ([0.07, 0.64, 1.94, 1.84, 0.6], [0, 0, 2, 2, 0])
Episode: 484; Score: -3.0131284296512604; Action: ([0.0, 0.0, 2.0, 0.1, 0.92], [0, 0, 2, 0, 1])
Episode: 485; Score: [-2.87603219]; Action: ([1.39, 0.65, 0.22, 0.16, 0.45], [2, 0, 0, 0, 0])
Episode: 486; Score: -4.925258278846741; Action: ([1.98, 0.06, 0.0, 2.0, 0.0], [2, 0, 0, 2, 0])
Episode: 487; Score: [-2.64314267]; Action: ([0.55, 1.67, 1.61, 0.16, 1.07], [0, 2, 2, 0, 1])
Episode: 488; Score: -4.03406023979187; Action: ([2.0, 0.02, 0.0, 0.0, 1.95], [2, 0, 0, 0, 2])
Episode: 489; Score: [-4.90899089]; Action: ([0.9, 0.55, 0.22, 1.23, 0.19], [1, 0, 0, 1, 0])
Episode: 490; Score: -3.002558959648013; Action: ([1.97, 0.98, 1.01, 2.0, 2.0], [2, 1, 1, 2, 2])
Episode: 491; Score: [-5.44226515]; Action: ([1.36, 1.19, 0.46, 1.02, 1.41], [2, 1, 0, 1, 2])
Episode: 492; Score: -4.793863274157047; Action: ([0.96, 0.96, 0.95, 0.0, 1.92], [1, 1, 1, 0, 2])
Episode: 493; Score: [-2.63882501]; Action: ([1.74, 0.76, 0.34, 1.1, 1.9], [2, 1, 0, 1, 2])
Episode: 494; Score: -1.0714419432915747; Action: ([1.01, 1.02, 1.0, 1.99, 1.96], [1, 1, 1, 2, 2])
Episode: 495; Score: [-6.28201047]; Action: ([0.81, 1.71, 0.79, 1.28, 1.69], [1, 2, 1, 1, 2])
Episode: 496; Score: -3.9616139195859432; Action: ([1.95, 0.99, 2.0, 2.0, 2.0], [2, 1, 2, 2, 2])
Episode: 497; Score: [-3.20911976]; Action: ([0.82, 1.28, 0.1, 0.09, 1.93], [1, 1, 0, 0, 2])
Episode: 498; Score: -2.089559892192483; Action: ([1.01, 0.93, 1.94, 2.0, 1.91], [1, 1, 2, 2, 2])
Episode: 499; Score: [-4.21321437]; Action: ([0.1, 1.83, 1.5, 1.36, 1.67], [0, 2, 2, 2, 2])
Episode: 500; Score: -2.1250438317656517; Action: ([1.01, 0.98, 1.07, 0.95, 2.0], [1, 1, 1, 1, 2])
Episode: 501; Score: [-2.75784274]; Action: ([0.92, 1.48, 1.72, 1.93, 1.58], [1, 2, 2, 2, 2])
Episode: 502; Score: -2.0866833720356226; Action: ([2.0, 1.03, 1.04, 1.02, 1.99], [2, 1, 1, 1, 2])
Episode: 503; Score: [-2.39705965]; Action: ([1.42, 1.18, 1.95, 1.66, 1.66], [2, 1, 2, 2, 2])
Episode: 504; Score: -3.088378883898258; Action: ([0.0, 1.09, 2.0, 2.0, 2.0], [0, 1, 2, 2, 2])
Episode: 505; Score: [-3.27216351]; Action: ([0.23, 2.0, 0.38, 0.96, 0.16], [0, 2, 0, 1, 0])
Episode: 506; Score: -2.8869239343330264; Action: ([0.0, 0.99, 1.01, 1.97, 0.09], [0, 1, 1, 2, 0])
Episode: 507; Score: [-3.46983554]; Action: ([0.34, 0.94, 0.78, 0.21, 1.19], [0, 1, 1, 0, 1])
Episode: 508; Score: -4.956114323809743; Action: ([1.93, 1.02, 0.0, 0.0, 2.0], [2, 1, 0, 0, 2])
Episode: 509; Score: [-3.74940298]; Action: ([1.61, 1.67, 0.29, 0.44, 1.57], [2, 2, 0, 0, 2])
Episode: 510; Score: -2.975792370736599; Action: ([1.04, 1.07, 0.0, 1.05, 2.0], [1, 1, 0, 1, 2])
Episode: 511; Score: [-6.09610959]; Action: ([1.47, 1.86, 0.96, 0.13, 1.68], [2, 2, 1, 0, 2])
Episode: 512; Score: -6.14568230509758; Action: ([2.0, 1.12, 0.93, 1.05, 1.04], [2, 1, 1, 1, 1])
Episode: 513; Score: [-3.20751131]; Action: ([0.0, 0.94, 0.0, 0.59, 0.27], [0, 1, 0, 0, 0])
Episode: 514; Score: -4.034385025501251; Action: ([0.0, 0.0, 0.0, 1.96, 2.0], [0, 0, 0, 2, 2])
Episode: 515; Score: [-2.61029926]; Action: ([0.59, 0.83, 0.31, 1.83, 0.49], [0, 1, 0, 2, 0])
Episode: 516; Score: -5.18985877558589; Action: ([2.0, 0.05, 1.08, 0.97, 1.08], [2, 0, 1, 1, 1])
Episode: 517; Score: [-3.755101]; Action: ([1.72, 0.74, 0.66, 0.11, 0.52], [2, 1, 0, 0, 0])
Episode: 518; Score: -6.8745751429814845; Action: ([1.97, 1.0, 0.0, 2.0, 1.9], [2, 1, 0, 2, 2])
Episode: 519; Score: [-3.50403905]; Action: ([1.67, 0.42, 1.71, 1.7, 0.0], [2, 0, 2, 2, 0])
Episode: 520; Score: -1.987163256853819; Action: ([1.97, 1.02, 2.0, 2.0, 1.05], [2, 1, 2, 2, 1])
Episode: 521; Score: [-5.21744182]; Action: ([0.89, 0.47, 0.21, 0.63, 1.58], [1, 0, 0, 0, 2])
Episode: 522; Score: -5.075039504095912; Action: ([1.95, 1.09, 1.03, 0.0, 0.03], [2, 1, 1, 0, 0])
Episode: 523; Score: [-4.5218517]; Action: ([0.6, 1.38, 0.35, 1.1, 0.81], [0, 2, 0, 1, 1])
Episode: 524; Score: -7.136900387704372; Action: ([2.0, 0.95, 1.14, 1.04, 2.0], [2, 1, 1, 1, 2])
Episode: 525; Score: [-1.5192003]; Action: ([1.09, 0.6, 0.18, 1.18, 0.97], [1, 0, 0, 1, 1])
Episode: 526; Score: -1.979558334685862; Action: ([0.03, 1.01, 2.0, 2.0, 2.0], [0, 1, 2, 2, 2])
Episode: 527; Score: [-3.04956988]; Action: ([0.07, 1.71, 0.56, 1.65, 1.32], [0, 2, 0, 2, 1])
Episode: 528; Score: -4.087520694476552; Action: ([2.0, 0.98, 1.0, 0.06, 0.06], [2, 1, 1, 0, 0])
Episode: 529; Score: [-2.55149391]; Action: ([0.37, 0.69, 0.21, 0.86, 0.42], [0, 1, 0, 1, 0])
Episode: 530; Score: -3.0791060952469707; Action: ([0.02, 0.99, 1.97, 1.03, 1.91], [0, 1, 2, 1, 2])
Episode: 531; Score: [-3.76396688]; Action: ([1.35, 0.19, 0.93, 0.48, 1.29], [2, 0, 1, 0, 1])
Episode: 532; Score: -1.1530164405703545; Action: ([2.0, 1.08, 0.93, 2.0, 2.0], [2, 1, 1, 2, 2])
Episode: 533; Score: [-1.83771088]; Action: ([0.25, 0.96, 0.54, 0.85, 1.44], [0, 1, 0, 1, 2])
Episode: 534; Score: -2.9875097004696727; Action: ([1.01, 0.0, 2.0, 2.0, 2.0], [1, 0, 2, 2, 2])
Episode: 535; Score: [-4.41739621]; Action: ([1.32, 0.7, 0.51, 0.1, 0.95], [1, 1, 0, 0, 1])
Episode: 536; Score: -7.826581636443734; Action: ([1.92, 0.89, 1.02, 2.0, 2.0], [2, 1, 1, 2, 2])
Episode: 537; Score: [-4.17512176]; Action: ([0.25, 0.91, 1.76, 1.17, 1.26], [0, 1, 2, 1, 1])
Episode: 538; Score: -7.003619519993663; Action: ([0.93, 1.02, 2.0, 1.05, 2.0], [1, 1, 2, 1, 2])
Episode: 539; Score: [-3.4438269]; Action: ([1.81, 0.61, 0.0, 1.1, 1.04], [2, 0, 0, 1, 1])
Episode: 540; Score: -4.946194525808096; Action: ([0.06, 1.04, 0.92, 1.98, 0.95], [0, 1, 1, 2, 1])
Episode: 541; Score: [-2.78612445]; Action: ([0.32, 1.66, 1.89, 1.05, 1.5], [0, 2, 2, 1, 2])
Episode: 542; Score: -3.169548312202096; Action: ([2.0, 1.1, 1.03, 0.0, 0.96], [2, 1, 1, 0, 1])
Episode: 543; Score: [-3.17602904]; Action: ([0.01, 0.93, 0.9, 2.0, 0.98], [0, 1, 1, 2, 1])
Episode: 544; Score: -0.15507802180945873; Action: ([2.0, 1.03, 0.95, 1.97, 1.95], [2, 1, 1, 2, 2])
Episode: 545; Score: [-3.59484607]; Action: ([1.11, 0.87, 0.6, 1.77, 0.05], [1, 1, 0, 2, 0])
Episode: 546; Score: -6.0818929597735405; Action: ([0.09, 0.97, 2.0, 1.04, 1.98], [0, 1, 2, 1, 2])
Episode: 547; Score: [-4.19995744]; Action: ([0.39, 1.89, 1.41, 1.35, 1.54], [0, 2, 2, 2, 2])
Episode: 548; Score: -5.965848651714623; Action: ([0.0, 0.95, 2.0, 1.02, 2.0], [0, 1, 2, 1, 2])
Episode: 549; Score: [-5.07740568]; Action: ([0.36, 0.09, 0.4, 0.81, 1.27], [0, 0, 0, 1, 1])
Episode: 550; Score: -4.836427096277475; Action: ([0.0, 1.01, 1.9, 2.0, 0.08], [0, 1, 2, 2, 0])
Episode: 551; Score: [-5.6155847]; Action: ([0.02, 0.52, 1.3, 0.06, 1.48], [0, 0, 1, 0, 2])
Episode: 552; Score: -6.109934058971703; Action: ([1.02, 1.06, 1.0, 1.04, 2.0], [1, 1, 1, 1, 2])
Episode: 553; Score: [-6.02463887]; Action: ([0.45, 0.95, 1.53, 1.29, 1.8], [0, 1, 2, 1, 2])
Episode: 554; Score: -3.9041913859546185; Action: ([0.1, 1.03, 0.0, 0.03, 0.0], [0, 1, 0, 0, 0])
Episode: 555; Score: [-6.24611793]; Action: ([0.44, 1.88, 1.61, 1.27, 1.05], [0, 2, 2, 1, 1])
Episode: 556; Score: -1.1716466499492526; Action: ([0.99, 1.05, 2.0, 1.04, 1.08], [1, 1, 2, 1, 1])
Episode: 557; Score: [-5.25232726]; Action: ([0.5, 1.17, 1.75, 0.83, 0.33], [0, 1, 2, 1, 0])
Episode: 558; Score: -6.0103373527526855; Action: ([0.03, 0.04, 2.0, 1.95, 2.0], [0, 0, 2, 2, 2])
Episode: 559; Score: [-3.12174164]; Action: ([1.97, 0.44, 1.72, 1.61, 1.26], [2, 0, 2, 2, 1])
Episode: 560; Score: -1.2517333361320198; Action: ([1.93, 0.89, 1.0, 1.94, 1.98], [2, 1, 1, 2, 2])
Episode: 561; Score: [-1.56944395]; Action: ([1.42, 0.95, 0.76, 1.7, 1.17], [2, 1, 1, 2, 1])
Episode: 562; Score: -4.953217260539532; Action: ([0.05, 0.04, 2.0, 1.97, 0.98], [0, 0, 2, 2, 1])
Episode: 563; Score: [-4.72827352]; Action: ([0.82, 0.73, 1.7, 0.01, 1.4], [1, 1, 2, 0, 2])
Episode: 564; Score: -1.0517472978681326; Action: ([1.03, 1.06, 1.01, 2.0, 1.99], [1, 1, 1, 2, 2])
Episode: 565; Score: [-3.5489053]; Action: ([0.15, 1.09, 1.02, 0.61, 1.8], [0, 1, 1, 0, 2])
Episode: 566; Score: -2.0535708144307137; Action: ([1.04, 0.0, 2.0, 1.91, 2.0], [1, 0, 2, 2, 2])
Episode: 567; Score: [-5.34944504]; Action: ([0.96, 1.17, 1.08, 1.84, 0.3], [1, 1, 1, 2, 0])
Episode: 568; Score: -1.919591118581593; Action: ([1.99, 1.0, 0.0, 1.1, 2.0], [2, 1, 0, 1, 2])
Episode: 569; Score: [-2.71309958]; Action: ([0.75, 0.85, 1.01, 1.89, 0.8], [1, 1, 1, 2, 1])
Episode: 570; Score: -3.115028887987137; Action: ([1.98, 0.91, 1.05, 2.0, 2.0], [2, 1, 1, 2, 2])
Episode: 571; Score: [-3.57063732]; Action: ([1.89, 1.14, 0.34, 1.14, 1.2], [2, 1, 0, 1, 1])
Episode: 572; Score: -8.032610456924886; Action: ([2.0, 1.04, 2.0, 2.0, 0.99], [2, 1, 2, 2, 1])
Episode: 573; Score: [-4.32950947]; Action: ([0.3, 0.44, 1.83, 0.71, 1.05], [0, 0, 2, 1, 1])
Episode: 574; Score: -4.178730249404907; Action: ([0.0, 1.04, 0.93, 0.93, 2.0], [0, 1, 1, 1, 2])
Episode: 575; Score: [-3.27499869]; Action: ([0.43, 1.8, 1.55, 1.56, 1.79], [0, 2, 2, 2, 2])
Episode: 576; Score: -2.172843873500824; Action: ([2.0, 1.08, 1.92, 1.98, 0.0], [2, 1, 2, 2, 0])
Episode: 577; Score: [-1.38047494]; Action: ([1.09, 1.75, 1.34, 0.88, 0.93], [1, 2, 2, 1, 1])
Episode: 578; Score: -2.120623290538788; Action: ([1.96, 0.0, 2.0, 1.95, 0.97], [2, 0, 2, 2, 1])
Episode: 579; Score: [-2.9571385]; Action: ([1.35, 1.75, 0.84, 1.14, 1.47], [2, 2, 1, 1, 2])
Episode: 580; Score: -5.194720726460218; Action: ([2.0, 1.06, 0.03, 2.0, 0.1], [2, 1, 0, 2, 0])
Episode: 581; Score: [-5.48688841]; Action: ([0.19, 0.88, 1.32, 1.66, 1.44], [0, 1, 1, 2, 2])
Episode: 582; Score: -3.096880543977022; Action: ([2.0, 0.0, 0.96, 0.0, 1.06], [2, 0, 1, 0, 1])
Episode: 583; Score: [-4.88605659]; Action: ([0.16, 1.9, 0.6, 1.0, 1.25], [0, 2, 0, 1, 1])
Episode: 584; Score: -8.790614891797304; Action: ([1.83, 0.97, 2.0, 2.0, 2.0], [2, 1, 2, 2, 2])
Episode: 585; Score: [-4.89646138]; Action: ([1.72, 1.58, 0.61, 0.14, 1.21], [2, 2, 0, 0, 1])
Episode: 586; Score: -2.1945059448480606; Action: ([2.0, 1.13, 1.06, 2.0, 0.0], [2, 1, 1, 2, 0])
Episode: 587; Score: [-5.67940954]; Action: ([0.41, 1.83, 1.36, 0.61, 0.78], [0, 2, 2, 0, 1])
Episode: 588; Score: -1.0925577841699123; Action: ([2.0, 0.97, 0.93, 2.0, 2.0], [2, 1, 1, 2, 2])
Episode: 589; Score: [-4.44290859]; Action: ([0.48, 0.48, 0.95, 1.29, 1.36], [0, 0, 1, 1, 2])
Episode: 590; Score: -6.008129000663757; Action: ([1.98, 0.03, 0.0, 2.0, 2.0], [2, 0, 0, 2, 2])
Episode: 591; Score: [-3.23329616]; Action: ([0.65, 0.24, 1.07, 1.63, 1.31], [0, 0, 1, 2, 1])
Episode: 592; Score: -2.0104793878272176; Action: ([2.0, 0.96, 0.96, 1.01, 1.06], [2, 1, 1, 1, 1])
Episode: 593; Score: [-5.28823008]; Action: ([1.16, 0.22, 0.67, 0.64, 1.02], [1, 0, 1, 0, 1])
