Episode: 0; Score: [-6.19181428]; Action: ([2.0, 0.81, 0.87, 1.12, 1.38], [2, 1, 1, 1, 2])
Episode: 1; Score: [-2.49812859]; Action: ([1.03, 1.83, 1.59, 0.91, 0.04], [1, 2, 2, 1, 0])
Episode: 2; Score: [-5.32519684]; Action: ([1.15, 0.18, 0.44, 0.49, 0.41], [1, 0, 0, 0, 0])
Episode: 3; Score: [-5.06662057]; Action: ([0.0, 1.28, 0.65, 1.7, 1.44], [0, 1, 0, 2, 2])
Episode: 4; Score: [-4.24274649]; Action: ([2.0, 1.04, 1.2, 0.0, 0.6], [2, 1, 1, 0, 0])
Episode: 5; Score: [-2.55727192]; Action: ([2.0, 1.5, 0.65, 0.72, 1.42], [2, 2, 0, 1, 2])
Episode: 6; Score: [-2.03112734]; Action: ([1.04, 0.46, 0.25, 1.07, 0.37], [1, 0, 0, 1, 0])
Episode: 7; Score: [-4.92892028]; Action: ([0.0, 0.7, 0.57, 0.22, 1.58], [0, 1, 0, 0, 2])
Episode: 8; Score: [-3.1256704]; Action: ([2.0, 0.86, 1.49, 1.79, 1.71], [2, 1, 2, 2, 2])
Episode: 9; Score: [-4.10045603]; Action: ([2.0, 1.02, 0.81, 0.41, 0.7], [2, 1, 1, 0, 1])
Episode: 10; Score: [-4.29179347]; Action: ([0.74, 1.35, 1.69, 0.38, 1.63], [1, 2, 2, 0, 2])
Episode: 11; Score: [-5.38356913]; Action: ([0.0, 1.13, 1.43, 0.96, 0.22], [0, 1, 2, 1, 0])
Episode: 12; Score: [-1.4186702]; Action: ([1.82, 1.15, 1.69, 2.0, 1.21], [2, 1, 2, 2, 1])
Episode: 13; Score: [-2.01528497]; Action: ([1.96, 0.39, 1.01, 1.72, 1.91], [2, 0, 1, 2, 2])
Episode: 14; Score: [-5.00780317]; Action: ([0.88, 0.25, 1.79, 0.1, 0.97], [1, 0, 2, 0, 1])
Episode: 15; Score: [-6.48298779]; Action: ([0.0, 1.83, 0.6, 0.6, 0.15], [0, 2, 0, 0, 0])
Episode: 16; Score: [-3.60770076]; Action: ([1.13, 1.06, 1.35, 1.66, 0.3], [1, 1, 2, 2, 0])
Episode: 17; Score: [-6.99890751]; Action: ([0.73, 1.25, 2.0, 1.57, 1.45], [1, 1, 2, 2, 2])
Episode: 18; Score: [-2.02950282]; Action: ([1.09, 1.94, 1.06, 1.18, 0.23], [1, 2, 1, 1, 0])
Episode: 19; Score: [-1.91850121]; Action: ([0.1, 0.96, 0.8, 1.02, 1.77], [0, 1, 1, 1, 2])
Episode: 20; Score: [-2.3192586]; Action: ([1.97, 0.34, 1.36, 1.21, 1.52], [2, 0, 2, 1, 2])
Episode: 21; Score: [-6.94834456]; Action: ([0.97, 0.24, 1.97, 1.76, 2.0], [1, 0, 2, 2, 2])
Episode: 22; Score: [-4.14563269]; Action: ([1.09, 0.94, 0.97, 1.06, 0.09], [1, 1, 1, 1, 0])
Episode: 23; Score: [-2.16294469]; Action: ([0.23, 0.92, 1.0, 2.0, 1.31], [0, 1, 1, 2, 1])
Episode: 24; Score: [-1.80858591]; Action: ([2.0, 1.04, 1.94, 1.0, 1.28], [2, 1, 2, 1, 1])
Episode: 25; Score: [-6.24450668]; Action: ([1.99, 1.86, 1.01, 1.26, 0.12], [2, 2, 1, 1, 0])
Episode: 26; Score: [-4.04245416]; Action: ([0.93, 1.46, 1.36, 0.96, 0.88], [1, 2, 2, 1, 1])
Episode: 27; Score: [-3.49601999]; Action: ([0.0, 1.03, 1.11, 1.82, 0.82], [0, 1, 1, 2, 1])
Episode: 28; Score: [-2.75613975]; Action: ([1.89, 0.56, 1.24, 1.52, 0.33], [2, 0, 1, 2, 0])
Episode: 29; Score: [-7.43505471]; Action: ([2.0, 1.36, 1.89, 1.23, 0.95], [2, 2, 2, 1, 1])
Episode: 30; Score: [-2.30865981]; Action: ([1.16, 0.7, 0.4, 1.51, 1.74], [1, 1, 0, 2, 2])
Episode: 31; Score: [-5.33823817]; Action: ([0.0, 1.08, 1.78, 0.73, 0.79], [0, 1, 2, 1, 1])
Episode: 32; Score: [-2.51505248]; Action: ([2.0, 0.65, 1.05, 2.0, 0.88], [2, 0, 1, 2, 1])
Episode: 33; Score: [-7.80059363]; Action: ([2.0, 1.93, 0.47, 1.92, 1.48], [2, 2, 0, 2, 2])
Episode: 34; Score: [-1.51182488]; Action: ([0.99, 1.26, 1.84, 2.0, 1.92], [1, 1, 2, 2, 2])
Episode: 35; Score: [-2.91132043]; Action: ([0.0, 1.13, 0.17, 0.67, 1.63], [0, 1, 0, 1, 2])
Episode: 36; Score: [-5.52721491]; Action: ([1.14, 0.94, 0.0, 0.3, 0.1], [1, 1, 0, 0, 0])
Episode: 37; Score: [-3.62543543]; Action: ([0.96, 1.35, 1.45, 1.01, 1.21], [1, 2, 2, 1, 1])
Episode: 38; Score: [-5.19450323]; Action: ([0.97, 1.07, 1.43, 0.87, 0.85], [1, 1, 2, 1, 1])
Episode: 39; Score: [-3.81769351]; Action: ([0.21, 0.23, 1.46, 1.88, 1.4], [0, 0, 2, 2, 2])
Episode: 40; Score: [-1.86439075]; Action: ([1.94, 1.45, 0.23, 1.86, 1.55], [2, 2, 0, 2, 2])
Episode: 41; Score: [-4.11352402]; Action: ([1.02, 1.01, 0.36, 0.87, 0.65], [1, 1, 0, 1, 0])
Episode: 42; Score: [-6.62686941]; Action: ([1.14, 1.42, 0.99, 1.08, 2.0], [1, 2, 1, 1, 2])
Episode: 43; Score: [-5.39728777]; Action: ([0.0, 1.52, 1.45, 1.56, 0.86], [0, 2, 2, 2, 1])
Episode: 44; Score: [-3.11569606]; Action: ([2.0, 1.62, 1.53, 1.48, 0.52], [2, 2, 2, 2, 0])
Episode: 45; Score: [-3.47783332]; Action: ([1.87, 1.65, 1.26, 0.05, 2.0], [2, 2, 1, 0, 2])
Episode: 46; Score: [-1.60299166]; Action: ([0.93, 1.47, 0.59, 1.01, 0.36], [1, 2, 0, 1, 0])
Episode: 47; Score: [-5.59861379]; Action: ([0.0, 1.21, 1.45, 1.86, 1.08], [0, 1, 2, 2, 1])
Episode: 48; Score: [-3.94091154]; Action: ([2.0, 0.35, 0.16, 1.22, 1.33], [2, 0, 0, 1, 1])
Episode: 49; Score: [-6.09092895]; Action: ([2.0, 1.93, 0.26, 0.57, 0.0], [2, 2, 0, 0, 0])
Episode: 50; Score: [-6.75187902]; Action: ([1.02, 0.68, 1.6, 1.48, 1.98], [1, 1, 2, 2, 2])
Episode: 51; Score: [-6.10053445]; Action: ([0.14, 1.88, 1.75, 0.33, 2.0], [0, 2, 2, 0, 2])
Episode: 52; Score: [-5.90898253]; Action: ([1.87, 0.37, 0.88, 1.6, 1.19], [2, 0, 1, 2, 1])
Episode: 53; Score: [-3.77970177]; Action: ([2.0, 1.52, 0.58, 1.68, 0.48], [2, 2, 0, 2, 0])
Episode: 54; Score: [-3.86532115]; Action: ([0.94, 1.1, 0.06, 1.56, 0.68], [1, 1, 0, 2, 1])
Episode: 55; Score: [-5.09322081]; Action: ([0.01, 0.4, 1.54, 1.38, 0.65], [0, 0, 2, 2, 0])
Episode: 56; Score: [-5.38265585]; Action: ([1.04, 0.22, 0.69, 0.68, 0.0], [1, 0, 1, 1, 0])
Episode: 57; Score: [-6.28582373]; Action: ([0.99, 0.72, 1.47, 1.1, 2.0], [1, 1, 2, 1, 2])
Episode: 58; Score: [-2.64232679]; Action: ([0.92, 1.22, 0.92, 1.97, 0.77], [1, 1, 1, 2, 1])
Episode: 59; Score: [-5.90557521]; Action: ([0.0, 1.57, 1.38, 1.21, 0.07], [0, 2, 2, 1, 0])
Episode: 60; Score: [-2.55603494]; Action: ([2.0, 1.29, 0.5, 1.38, 1.39], [2, 1, 0, 2, 2])
Episode: 61; Score: [-2.82093007]; Action: ([0.99, 1.76, 1.13, 1.48, 1.6], [1, 2, 1, 2, 2])
Episode: 62; Score: [-2.98297961]; Action: ([0.95, 0.1, 0.4, 1.53, 0.01], [1, 0, 0, 2, 0])
Episode: 63; Score: [-4.74169147]; Action: ([0.18, 0.82, 0.65, 0.56, 1.04], [0, 1, 0, 0, 1])
Episode: 64; Score: [-3.10756647]; Action: ([1.97, 1.32, 0.75, 1.0, 1.49], [2, 1, 1, 1, 2])
Episode: 65; Score: [-2.4232146]; Action: ([2.0, 1.12, 1.06, 0.99, 0.77], [2, 1, 1, 1, 1])
Episode: 66; Score: [-1.01203657]; Action: ([1.02, 0.79, 1.24, 1.33, 1.21], [1, 1, 1, 2, 1])
Episode: 67; Score: [-2.70404973]; Action: ([0.08, 1.29, 0.71, 2.0, 1.2], [0, 1, 1, 2, 1])
Episode: 68; Score: [-2.26170613]; Action: ([2.0, 1.03, 0.78, 1.53, 1.48], [2, 1, 1, 2, 2])
Episode: 69; Score: [-5.44609593]; Action: ([2.0, 1.49, 0.18, 0.42, 1.36], [2, 2, 0, 0, 2])
Episode: 70; Score: [-5.44478083]; Action: ([0.93, 1.82, 2.0, 0.7, 0.0], [1, 2, 2, 1, 0])
Episode: 71; Score: [-3.96326174]; Action: ([0.05, 0.85, 0.91, 0.89, 1.33], [0, 1, 1, 1, 2])
Episode: 72; Score: [-3.32369463]; Action: ([2.0, 0.81, 0.38, 1.82, 0.67], [2, 1, 0, 2, 0])
Episode: 73; Score: [-2.89447724]; Action: ([1.89, 1.36, 0.91, 0.18, 0.27], [2, 2, 1, 0, 0])
Episode: 74; Score: [-4.92226433]; Action: ([1.01, 1.51, 0.31, 0.15, 1.11], [1, 2, 0, 0, 1])
Episode: 75; Score: [-4.46418547]; Action: ([0.1, 1.82, 1.27, 0.17, 1.1], [0, 2, 1, 0, 1])
Episode: 76; Score: [-4.23370516]; Action: ([1.09, 1.36, 1.34, 0.39, 0.98], [1, 2, 2, 0, 1])
Episode: 77; Score: [-4.73231221]; Action: ([1.02, 1.57, 1.05, 0.49, 0.37], [1, 2, 1, 0, 0])
Episode: 78; Score: [-4.14824405]; Action: ([0.92, 1.48, 1.68, 1.44, 0.65], [1, 2, 2, 2, 0])
Episode: 79; Score: [-2.76578658]; Action: ([0.12, 1.58, 1.79, 1.94, 1.96], [0, 2, 2, 2, 2])
Episode: 80; Score: [-7.17595233]; Action: ([1.86, 1.77, 1.0, 0.67, 1.88], [2, 2, 1, 1, 2])
Episode: 81; Score: [-2.06041084]; Action: ([1.13, 1.47, 1.11, 2.0, 1.4], [1, 2, 1, 2, 2])
Episode: 82; Score: [-5.35533916]; Action: ([1.06, 1.26, 0.58, 0.68, 1.77], [1, 1, 0, 1, 2])
Episode: 83; Score: [-3.26157942]; Action: ([0.17, 1.65, 0.0, 0.06, 1.39], [0, 2, 0, 0, 2])
Episode: 84; Score: [-2.17276927]; Action: ([1.84, 1.04, 0.04, 1.42, 1.56], [2, 1, 0, 2, 2])
Episode: 85; Score: [-4.46530701]; Action: ([2.0, 0.65, 0.0, 0.09, 1.72], [2, 0, 0, 0, 2])
Episode: 86; Score: [-5.92445101]; Action: ([0.98, 1.28, 0.21, 0.74, 0.43], [1, 1, 0, 1, 0])
Episode: 87; Score: [-3.45589137]; Action: ([0.0, 0.75, 1.21, 1.89, 1.7], [0, 1, 1, 2, 2])
Episode: 88; Score: [-2.58580618]; Action: ([2.0, 0.73, 1.1, 0.55, 1.23], [2, 1, 1, 0, 1])
Episode: 89; Score: [-5.36184641]; Action: ([2.0, 0.22, 0.18, 1.24, 1.72], [2, 0, 0, 1, 2])
Episode: 90; Score: [-2.9795754]; Action: ([0.99, 0.59, 1.54, 1.28, 1.62], [1, 0, 2, 1, 2])
Episode: 91; Score: [-2.73881491]; Action: ([0.0, 1.12, 0.16, 0.61, 1.38], [0, 1, 0, 0, 2])
Episode: 92; Score: [-2.50629089]; Action: ([2.0, 1.26, 0.34, 1.3, 1.12], [2, 1, 0, 1, 1])
Episode: 93; Score: [-4.85608751]; Action: ([1.96, 1.97, 1.01, 0.12, 1.03], [2, 2, 1, 0, 1])
Episode: 94; Score: [-5.12113247]; Action: ([1.23, 1.02, 0.71, 0.46, 1.7], [1, 1, 1, 0, 2])
Episode: 95; Score: [-2.72905583]; Action: ([0.03, 1.92, 1.0, 0.41, 1.24], [0, 2, 1, 0, 1])
Episode: 96; Score: [-3.45809287]; Action: ([1.0, 0.39, 0.53, 0.46, 1.07], [1, 0, 0, 0, 1])
Episode: 97; Score: [-3.43725344]; Action: ([0.87, 1.16, 0.41, 2.0, 0.44], [1, 1, 0, 2, 0])
Episode: 98; Score: [-5.12634476]; Action: ([1.04, 0.22, 2.0, 1.54, 0.32], [1, 0, 2, 2, 0])
Episode: 99; Score: [-4.57417817]; Action: ([0.06, 1.59, 1.19, 1.27, 1.5], [0, 2, 1, 1, 2])
Episode: 100; Score: [-5.72220798]; Action: ([1.91, 0.36, 0.68, 0.0, 0.32], [2, 0, 1, 0, 0])
Episode: 101; Score: [-4.91429249]; Action: ([1.0, 0.0, 1.22, 1.05, 0.25], [1, 0, 1, 1, 0])
Episode: 102; Score: [-5.70535132]; Action: ([0.95, 1.37, 0.49, 0.87, 0.36], [1, 2, 0, 1, 0])
Episode: 103; Score: [-5.83868663]; Action: ([0.0, 0.85, 1.12, 0.93, 0.25], [0, 1, 1, 1, 0])
Episode: 104; Score: [-2.39961426]; Action: ([2.0, 0.17, 1.18, 0.75, 1.13], [2, 0, 1, 1, 1])
Episode: 105; Score: [-7.20119316]; Action: ([2.0, 1.17, 0.6, 1.9, 1.53], [2, 1, 0, 2, 2])
Episode: 106; Score: [-4.08107597]; Action: ([1.01, 0.05, 0.72, 1.32, 1.82], [1, 0, 1, 1, 2])
Episode: 107; Score: [-4.54694768]; Action: ([0.0, 0.85, 1.63, 1.58, 0.39], [0, 1, 2, 2, 0])
Episode: 108; Score: [-3.59404833]; Action: ([2.0, 1.49, 0.46, 0.44, 2.0], [2, 2, 0, 0, 2])
Episode: 109; Score: [-2.82879761]; Action: ([1.98, 0.22, 0.49, 1.3, 1.18], [2, 0, 0, 1, 1])
Episode: 110; Score: [-3.87859322]; Action: ([1.04, 1.61, 1.57, 0.58, 1.55], [1, 2, 2, 0, 2])
Episode: 111; Score: [-7.44357642]; Action: ([0.05, 1.74, 0.24, 1.01, 0.0], [0, 2, 0, 1, 0])
Episode: 112; Score: [-2.61983173]; Action: ([2.0, 0.39, 1.26, 0.79, 1.54], [2, 0, 1, 1, 2])
Episode: 113; Score: [-6.30205372]; Action: ([2.0, 0.56, 1.4, 1.48, 0.86], [2, 0, 2, 2, 1])
Episode: 114; Score: [-2.78044752]; Action: ([1.07, 1.48, 0.76, 1.08, 1.79], [1, 2, 1, 1, 2])
Episode: 115; Score: [-3.6390751]; Action: ([0.0, 0.19, 1.16, 1.58, 0.71], [0, 0, 1, 2, 1])
Episode: 116; Score: [-3.27655817]; Action: ([1.09, 1.37, 1.21, 0.81, 1.39], [1, 2, 1, 1, 2])
Episode: 117; Score: [-4.10805676]; Action: ([0.9, 1.85, 0.73, 1.51, 0.6], [1, 2, 1, 2, 0])
Episode: 118; Score: [-7.16257052]; Action: ([1.18, 1.73, 1.19, 1.27, 1.79], [1, 2, 1, 1, 2])
Episode: 119; Score: [-4.30968591]; Action: ([0.18, 1.46, 0.58, 1.19, 1.2], [0, 2, 0, 1, 1])
Episode: 120; Score: [-2.62242259]; Action: ([1.79, 0.8, 0.17, 1.82, 0.8], [2, 1, 0, 2, 1])
Episode: 121; Score: [-3.76876489]; Action: ([1.04, 0.8, 1.03, 0.89, 0.0], [1, 1, 1, 1, 0])
Episode: 122; Score: [-3.04364847]; Action: ([1.01, 0.57, 1.04, 1.82, 0.6], [1, 0, 1, 2, 0])
Episode: 123; Score: [-4.47575258]; Action: ([0.0, 1.67, 1.21, 0.53, 1.88], [0, 2, 1, 0, 2])
Episode: 124; Score: [-6.36718868]; Action: ([1.94, 1.24, 1.57, 1.14, 0.48], [2, 1, 2, 1, 0])
Episode: 125; Score: [-4.57206803]; Action: ([1.83, 1.44, 0.15, 0.76, 0.39], [2, 2, 0, 1, 0])
Episode: 126; Score: [-4.63279436]; Action: ([0.94, 0.35, 0.29, 1.05, 2.0], [1, 0, 0, 1, 2])
Episode: 127; Score: [-2.36539297]; Action: ([0.11, 1.25, 1.92, 1.15, 0.84], [0, 1, 2, 1, 1])
Episode: 128; Score: [-4.18609587]; Action: ([1.91, 1.29, 1.41, 0.48, 0.12], [2, 1, 2, 0, 0])
Episode: 129; Score: [-4.94643058]; Action: ([2.0, 0.73, 0.87, 0.3, 1.05], [2, 1, 1, 0, 1])
Episode: 130; Score: [-5.08881683]; Action: ([1.16, 0.14, 0.73, 0.35, 0.53], [1, 0, 1, 0, 0])
Episode: 131; Score: [-6.2349507]; Action: ([0.0, 1.75, 2.0, 1.01, 1.48], [0, 2, 2, 1, 2])
Episode: 132; Score: [-3.87008931]; Action: ([2.0, 1.75, 0.46, 0.33, 1.1], [2, 2, 0, 0, 1])
Episode: 133; Score: [-5.32478789]; Action: ([2.0, 1.03, 1.98, 0.28, 0.03], [2, 1, 2, 0, 0])
Episode: 134; Score: [-4.31829255]; Action: ([1.0, 0.65, 1.45, 1.55, 0.04], [1, 0, 2, 2, 0])
Episode: 135; Score: [-2.74727088]; Action: ([0.0, 1.34, 1.13, 0.45, 1.73], [0, 2, 1, 0, 2])
Episode: 136; Score: [-2.69516714]; Action: ([1.01, 1.03, 0.19, 1.68, 1.46], [1, 1, 0, 2, 2])
Episode: 137; Score: [-6.15663977]; Action: ([0.97, 1.4, 1.57, 0.6, 1.63], [1, 2, 2, 0, 2])
Episode: 138; Score: [-4.59725436]; Action: ([0.96, 1.84, 0.89, 0.27, 1.13], [1, 2, 1, 0, 1])
Episode: 139; Score: [-3.27345601]; Action: ([0.12, 1.27, 0.81, 1.78, 1.29], [0, 1, 1, 2, 1])
Episode: 140; Score: [-3.0897869]; Action: ([1.92, 0.44, 1.47, 0.77, 0.09], [2, 0, 2, 1, 0])
Episode: 141; Score: [-2.03980851]; Action: ([1.17, 1.44, 0.54, 1.28, 0.3], [1, 2, 0, 1, 0])
Episode: 142; Score: [-5.09200861]; Action: ([1.02, 1.18, 0.0, 1.18, 1.71], [1, 1, 0, 1, 2])
Episode: 143; Score: [-4.72115404]; Action: ([0.0, 0.62, 1.88, 0.89, 1.65], [0, 0, 2, 1, 2])
Episode: 144; Score: [-3.22157943]; Action: ([1.94, 1.14, 1.6, 1.72, 0.18], [2, 1, 2, 2, 0])
Episode: 145; Score: [-2.20165282]; Action: ([2.0, 0.94, 0.93, 0.45, 1.48], [2, 1, 1, 0, 2])
Episode: 146; Score: [-3.89037653]; Action: ([1.14, 0.06, 1.58, 1.0, 1.32], [1, 0, 2, 1, 1])
Episode: 147; Score: [-4.28817367]; Action: ([0.0, 0.79, 1.71, 1.35, 0.43], [0, 1, 2, 2, 0])
Episode: 148; Score: [-6.80920523]; Action: ([2.0, 0.0, 1.93, 2.0, 0.88], [2, 0, 2, 2, 1])
Episode: 149; Score: [-6.23255893]; Action: ([2.0, 1.26, 0.99, 0.5, 1.48], [2, 1, 1, 0, 2])
Episode: 150; Score: [-4.25418422]; Action: ([1.1, 0.54, 0.27, 0.07, 1.76], [1, 0, 0, 0, 2])
Episode: 151; Score: [-6.650878]; Action: ([0.0, 0.0, 0.55, 0.8, 0.0], [0, 0, 0, 1, 0])
Episode: 152; Score: [-5.6344682]; Action: ([1.93, 0.47, 0.89, 1.83, 0.52], [2, 0, 1, 2, 0])
Episode: 153; Score: [-3.14404779]; Action: ([1.78, 1.66, 1.68, 0.88, 1.9], [2, 2, 2, 1, 2])
Episode: 154; Score: [-2.31117543]; Action: ([0.96, 1.95, 2.0, 1.31, 0.99], [1, 2, 2, 1, 1])
Episode: 155; Score: [-4.18687232]; Action: ([0.06, 0.15, 0.18, 1.69, 1.88], [0, 0, 0, 2, 2])
Episode: 156; Score: [-0.92275527]; Action: ([1.11, 1.19, 0.75, 1.1, 0.74], [1, 1, 1, 1, 1])
Episode: 157; Score: [-4.51790589]; Action: ([1.08, 0.12, 0.79, 1.69, 0.84], [1, 0, 1, 2, 1])
Episode: 158; Score: [-3.59970879]; Action: ([1.23, 0.99, 1.35, 0.95, 0.87], [1, 1, 2, 1, 1])
Episode: 159; Score: [-6.6452903]; Action: ([0.0, 2.0, 0.31, 0.96, 0.08], [0, 2, 0, 1, 0])
Episode: 160; Score: [-2.83510156]; Action: ([2.0, 1.66, 0.2, 1.71, 0.91], [2, 2, 0, 2, 1])
Episode: 161; Score: [-2.53936167]; Action: ([1.07, 0.22, 0.19, 0.38, 1.25], [1, 0, 0, 0, 1])
Episode: 162; Score: [-4.90529504]; Action: ([0.98, 1.64, 1.04, 0.23, 1.02], [1, 2, 1, 0, 1])
Episode: 163; Score: [-6.34140453]; Action: ([0.0, 1.17, 1.84, 0.47, 0.19], [0, 1, 2, 0, 0])
Episode: 164; Score: [-3.38660796]; Action: ([2.0, 0.24, 0.35, 0.67, 1.36], [2, 0, 0, 1, 2])
Episode: 165; Score: [-5.6570181]; Action: ([2.0, 0.51, 0.74, 0.71, 1.69], [2, 0, 1, 1, 2])
Episode: 166; Score: [-5.70722029]; Action: ([1.12, 0.34, 0.77, 0.05, 0.01], [1, 0, 1, 0, 0])
Episode: 167; Score: [-2.67809625]; Action: ([0.14, 0.4, 0.95, 0.78, 0.41], [0, 0, 1, 1, 0])
Episode: 168; Score: [-1.88825699]; Action: ([2.0, 1.43, 1.22, 1.12, 1.12], [2, 2, 1, 1, 1])
Episode: 169; Score: [-2.86240854]; Action: ([2.0, 1.63, 1.27, 1.1, 1.4], [2, 2, 1, 1, 2])
Episode: 170; Score: [-4.85672827]; Action: ([0.92, 0.3, 0.84, 1.12, 0.96], [1, 0, 1, 1, 1])
Episode: 171; Score: [-3.77903313]; Action: ([0.0, 1.67, 1.09, 1.47, 1.51], [0, 2, 1, 2, 2])
Episode: 172; Score: [-3.17711737]; Action: ([2.0, 0.24, 0.05, 1.74, 0.79], [2, 0, 0, 2, 1])
Episode: 173; Score: [-2.5690125]; Action: ([1.86, 1.39, 0.88, 1.15, 0.92], [2, 2, 1, 1, 1])
Episode: 174; Score: [-5.59146745]; Action: ([0.81, 0.33, 1.35, 0.0, 0.62], [1, 0, 2, 0, 0])
Episode: 175; Score: [-3.42058575]; Action: ([0.03, 0.41, 1.12, 1.48, 0.38], [0, 0, 1, 2, 0])
Episode: 176; Score: [-3.46048337]; Action: ([1.02, 0.94, 1.03, 0.74, 0.87], [1, 1, 1, 1, 1])
Episode: 177; Score: [-1.57828942]; Action: ([0.98, 0.68, 1.62, 1.21, 1.41], [1, 1, 2, 1, 2])
Episode: 178; Score: [-5.81674565]; Action: ([1.02, 1.16, 0.51, 0.63, 0.19], [1, 1, 0, 0, 0])
Episode: 179; Score: [-3.9827662]; Action: ([0.09, 0.57, 1.75, 0.77, 0.8], [0, 0, 2, 1, 1])
Episode: 180; Score: [-5.36067613]; Action: ([2.0, 1.82, 0.16, 0.07, 1.31], [2, 2, 0, 0, 1])
Episode: 181; Score: [-2.97760245]; Action: ([0.98, 1.3, 0.0, 0.23, 0.11], [1, 1, 0, 0, 0])
Episode: 182; Score: [-5.71915251]; Action: ([1.05, 0.42, 1.81, 0.39, 0.24], [1, 0, 2, 0, 0])
Episode: 183; Score: [-3.57324811]; Action: ([0.1, 1.46, 1.92, 2.0, 1.29], [0, 2, 2, 2, 1])
Episode: 184; Score: [-4.08911553]; Action: ([1.89, 1.95, 1.51, 1.18, 0.31], [2, 2, 2, 1, 0])
Episode: 185; Score: [-3.00127941]; Action: ([2.0, 0.26, 0.48, 0.74, 1.51], [2, 0, 0, 1, 2])
Episode: 186; Score: [-5.03525433]; Action: ([1.07, 0.68, 0.29, 1.52, 0.41], [1, 1, 0, 2, 0])
Episode: 187; Score: [-4.88885487]; Action: ([0.07, 0.19, 1.12, 0.06, 1.91], [0, 0, 1, 0, 2])
Episode: 188; Score: [-2.93937518]; Action: ([2.0, 1.3, 1.0, 0.1, 1.73], [2, 1, 1, 0, 2])
Episode: 189; Score: [-7.18811567]; Action: ([2.0, 1.89, 1.51, 0.56, 1.23], [2, 2, 2, 0, 1])
Episode: 190; Score: [-4.71553222]; Action: ([1.17, 0.18, 1.52, 1.47, 0.38], [1, 0, 2, 2, 0])
Episode: 191; Score: [-5.06822793]; Action: ([0.0, 0.17, 1.72, 1.26, 1.23], [0, 0, 2, 1, 1])
Episode: 192; Score: [-3.13241022]; Action: ([1.99, 0.59, 0.59, 0.47, 1.22], [2, 0, 0, 0, 1])
Episode: 193; Score: [-3.18691145]; Action: ([2.0, 1.48, 1.39, 1.67, 0.24], [2, 2, 2, 2, 0])
Episode: 194; Score: [-2.85264309]; Action: ([1.16, 1.14, 1.36, 1.01, 1.76], [1, 1, 2, 1, 2])
Episode: 195; Score: [-6.62590037]; Action: ([0.0, 0.5, 1.29, 0.16, 0.43], [0, 0, 1, 0, 0])
Episode: 196; Score: [-2.29582653]; Action: ([1.11, 1.0, 1.58, 1.76, 1.26], [1, 1, 2, 2, 1])
Episode: 197; Score: [-4.49464105]; Action: ([1.07, 0.7, 1.64, 1.17, 0.2], [1, 1, 2, 1, 0])
Episode: 198; Score: [-3.25617151]; Action: ([0.85, 1.64, 0.96, 0.98, 1.59], [1, 2, 1, 1, 2])
Episode: 199; Score: [-2.67509666]; Action: ([0.0, 1.2, 1.02, 2.0, 1.54], [0, 1, 1, 2, 2])
Episode: 200; Score: [-1.76997192]; Action: ([1.95, 1.2, 1.21, 1.2, 1.5], [2, 1, 1, 1, 2])
Episode: 201; Score: [-1.21173359]; Action: ([0.99, 0.17, 0.99, 1.3, 0.94], [1, 0, 1, 1, 1])
Episode: 202; Score: [-5.30321886]; Action: ([1.13, 1.67, 1.59, 0.1, 0.8], [1, 2, 2, 0, 1])
Episode: 203; Score: [-4.86849]; Action: ([0.0, 1.22, 0.34, 0.48, 1.53], [0, 1, 0, 0, 2])
Episode: 204; Score: [-3.18960063]; Action: ([2.0, 1.7, 1.27, 1.89, 0.66], [2, 2, 1, 2, 0])
Episode: 205; Score: [-2.94877088]; Action: ([1.96, 0.81, 1.61, 0.25, 1.41], [2, 1, 2, 0, 2])
Episode: 206; Score: [-4.8159842]; Action: ([1.06, 1.76, 0.87, 0.36, 0.77], [1, 2, 1, 0, 1])
Episode: 207; Score: [-4.25628057]; Action: ([0.1, 1.09, 1.83, 0.2, 1.72], [0, 1, 2, 0, 2])
Episode: 208; Score: [-4.27959762]; Action: ([1.95, 0.55, 0.87, 0.18, 0.73], [2, 0, 1, 0, 1])
Episode: 209; Score: [-5.33345687]; Action: ([2.0, 0.29, 0.8, 1.35, 0.89], [2, 0, 1, 2, 1])
Episode: 210; Score: [-1.77438355]; Action: ([1.0, 0.86, 1.4, 2.0, 0.77], [1, 1, 2, 2, 1])
Episode: 211; Score: [-5.3436315]; Action: ([0.05, 2.0, 0.26, 1.53, 1.5], [0, 2, 0, 2, 2])
Episode: 212; Score: [-3.58943863]; Action: ([1.99, 0.72, 0.41, 0.84, 1.46], [2, 1, 0, 1, 2])
Episode: 213; Score: [-3.73602067]; Action: ([2.0, 0.52, 0.41, 0.06, 0.75], [2, 0, 0, 0, 1])
Episode: 214; Score: [-2.66920163]; Action: ([0.96, 1.58, 1.28, 1.95, 1.82], [1, 2, 1, 2, 2])
Episode: 215; Score: [-3.87982231]; Action: ([0.24, 0.54, 0.1, 0.1, 1.85], [0, 0, 0, 0, 2])
Episode: 216; Score: [-2.42707158]; Action: ([0.79, 0.61, 1.83, 0.39, 0.61], [1, 0, 2, 0, 0])
Episode: 217; Score: [-1.34303838]; Action: ([1.14, 1.14, 1.7, 1.25, 1.1], [1, 1, 2, 1, 1])
Episode: 218; Score: [-1.59744213]; Action: ([1.02, 1.47, 1.92, 1.11, 0.92], [1, 2, 2, 1, 1])
Episode: 219; Score: [-3.67572209]; Action: ([0.0, 0.97, 1.64, 1.37, 1.34], [0, 1, 2, 2, 2])
Episode: 220; Score: [-7.47341277]; Action: ([2.0, 1.42, 0.85, 1.98, 1.22], [2, 2, 1, 2, 1])
Episode: 221; Score: [-2.08999611]; Action: ([1.03, 0.64, 0.25, 1.06, 1.88], [1, 0, 0, 1, 2])
Episode: 222; Score: [-2.78889744]; Action: ([1.04, 1.96, 0.22, 1.4, 1.61], [1, 2, 0, 2, 2])
Episode: 223; Score: [-6.48598645]; Action: ([0.0, 0.07, 0.46, 1.48, 0.51], [0, 0, 0, 2, 0])
Episode: 224; Score: [-2.25472469]; Action: ([2.0, 1.37, 1.44, 1.5, 1.06], [2, 2, 2, 2, 1])
Episode: 225; Score: [-2.95723023]; Action: ([2.0, 1.66, 0.47, 1.72, 1.05], [2, 2, 0, 2, 1])
Episode: 226; Score: [-5.16900946]; Action: ([0.79, 0.21, 0.39, 1.2, 0.23], [1, 0, 0, 1, 0])
Episode: 227; Score: [-2.13108837]; Action: ([0.03, 1.06, 1.46, 1.52, 1.12], [0, 1, 2, 2, 1])
Episode: 228; Score: [-5.8391633]; Action: ([2.0, 0.22, 0.18, 0.12, 0.64], [2, 0, 0, 0, 0])
Episode: 229; Score: [-2.83259637]; Action: ([2.0, 1.44, 1.04, 2.0, 0.65], [2, 2, 1, 2, 0])
Episode: 230; Score: [-7.12734098]; Action: ([0.95, 1.75, 0.21, 0.45, 0.01], [1, 2, 0, 0, 0])
Episode: 231; Score: [-5.0639591]; Action: ([0.06, 0.68, 1.99, 0.89, 0.31], [0, 1, 2, 1, 0])
Episode: 232; Score: [-1.44677173]; Action: ([2.0, 1.32, 0.81, 1.9, 1.16], [2, 1, 1, 2, 1])
Episode: 233; Score: [-4.17432397]; Action: ([1.92, 1.95, 1.62, 1.69, 2.0], [2, 2, 2, 2, 2])
Episode: 234; Score: [-4.88387872]; Action: ([1.09, 1.62, 1.38, 0.58, 0.21], [1, 2, 2, 0, 0])
Episode: 235; Score: [-2.3300082]; Action: ([0.0, 1.02, 1.01, 0.63, 0.06], [0, 1, 1, 0, 0])
Episode: 236; Score: [-2.05054209]; Action: ([1.02, 0.56, 1.76, 1.27, 0.44], [1, 0, 2, 1, 0])
Episode: 237; Score: [-1.85031016]; Action: ([0.92, 1.69, 1.81, 0.83, 1.1], [1, 2, 2, 1, 1])
Episode: 238; Score: [-1.96446003]; Action: ([1.04, 0.1, 0.73, 1.73, 0.98], [1, 0, 1, 2, 1])
Episode: 239; Score: [-5.96633556]; Action: ([0.02, 1.74, 1.65, 1.09, 1.46], [0, 2, 2, 1, 2])
Episode: 240; Score: [-3.5932482]; Action: ([1.89, 0.57, 0.08, 0.18, 0.46], [2, 0, 0, 0, 0])
Episode: 241; Score: [-1.26502458]; Action: ([1.03, 0.55, 1.34, 0.8, 0.76], [1, 0, 2, 1, 1])
Episode: 242; Score: [-1.57443755]; Action: ([0.94, 1.36, 1.47, 0.62, 1.3], [1, 2, 2, 0, 1])
Episode: 243; Score: [-4.14438079]; Action: ([0.0, 1.06, 1.28, 0.96, 1.24], [0, 1, 1, 1, 1])
Episode: 244; Score: [-5.66168532]; Action: ([1.97, 0.94, 1.81, 0.34, 0.61], [2, 1, 2, 0, 0])
Episode: 245; Score: [-3.81699794]; Action: ([1.95, 0.0, 1.13, 0.68, 0.69], [2, 0, 1, 1, 1])
Episode: 246; Score: [-3.21336765]; Action: ([0.9, 2.0, 2.0, 0.21, 1.33], [1, 2, 2, 0, 1])
Episode: 247; Score: [-6.4178874]; Action: ([0.0, 0.03, 0.72, 0.46, 0.37], [0, 0, 1, 0, 0])
Episode: 248; Score: [-4.46872391]; Action: ([1.9, 0.9, 1.29, 0.0, 0.37], [2, 1, 1, 0, 0])
Episode: 249; Score: [-2.63285587]; Action: ([1.97, 1.57, 0.48, 0.48, 2.0], [2, 2, 0, 0, 2])
Episode: 250; Score: [-4.9383038]; Action: ([0.82, 0.21, 1.32, 0.41, 1.3], [1, 0, 1, 0, 1])
Episode: 251; Score: [-3.10199337]; Action: ([0.04, 1.58, 0.78, 1.48, 1.86], [0, 2, 1, 2, 2])
Episode: 252; Score: [-2.33922043]; Action: ([1.95, 0.76, 0.84, 0.36, 1.36], [2, 1, 1, 0, 2])
Episode: 253; Score: [-3.80864564]; Action: ([1.84, 0.22, 0.56, 1.85, 1.9], [2, 0, 0, 2, 2])
Episode: 254; Score: [-3.33222247]; Action: ([1.14, 0.14, 0.82, 0.94, 1.63], [1, 0, 1, 1, 2])
Episode: 255; Score: [-2.8990005]; Action: ([0.1, 0.34, 1.24, 0.9, 0.0], [0, 0, 1, 1, 0])
Episode: 256; Score: [-3.43774818]; Action: ([0.85, 1.62, 1.05, 1.64, 0.75], [1, 2, 1, 2, 1])
Episode: 257; Score: [-5.36699967]; Action: ([0.98, 1.3, 0.14, 1.45, 0.37], [1, 1, 0, 2, 0])
Episode: 258; Score: [-3.89674658]; Action: ([1.01, 0.19, 0.71, 1.48, 0.71], [1, 0, 1, 2, 1])
Episode: 259; Score: [-2.97126505]; Action: ([0.05, 1.57, 0.63, 1.14, 0.06], [0, 2, 0, 1, 0])
Episode: 260; Score: [-3.04618947]; Action: ([1.96, 0.38, 0.58, 1.22, 1.82], [2, 0, 0, 1, 2])
Episode: 261; Score: [-3.48577556]; Action: ([1.04, 0.07, 1.03, 2.0, 0.44], [1, 0, 1, 2, 0])
Episode: 262; Score: [-4.14091712]; Action: ([0.82, 1.19, 0.27, 0.62, 1.34], [1, 1, 0, 0, 2])
Episode: 263; Score: [-5.53679586]; Action: ([0.0, 0.76, 0.82, 0.45, 0.43], [0, 1, 1, 0, 0])
Episode: 264; Score: [-3.87023318]; Action: ([2.0, 0.36, 0.28, 0.27, 0.96], [2, 0, 0, 0, 1])
Episode: 265; Score: [-3.0583895]; Action: ([2.0, 1.55, 1.43, 0.24, 1.68], [2, 2, 2, 0, 2])
Episode: 266; Score: [-6.37284477]; Action: ([0.87, 1.39, 1.69, 0.66, 1.77], [1, 2, 2, 0, 2])
Episode: 267; Score: [-4.18671217]; Action: ([0.05, 0.88, 1.6, 0.43, 1.24], [0, 1, 2, 0, 1])
Episode: 268; Score: [-2.07565408]; Action: ([2.0, 0.43, 1.99, 1.48, 2.0], [2, 0, 2, 2, 2])
Episode: 269; Score: [-2.592427]; Action: ([2.0, 0.93, 2.0, 0.74, 1.74], [2, 1, 2, 1, 2])
Episode: 270; Score: [-4.13885018]; Action: ([1.03, 1.24, 0.02, 1.6, 1.44], [1, 1, 0, 2, 2])
Episode: 271; Score: [-5.15493039]; Action: ([0.03, 1.75, 0.03, 1.5, 1.83], [0, 2, 0, 2, 2])
Episode: 272; Score: [-5.64204024]; Action: ([2.0, 0.28, 0.08, 0.68, 0.32], [2, 0, 0, 1, 0])
Episode: 273; Score: [-2.86054608]; Action: ([2.0, 0.48, 1.25, 0.02, 1.11], [2, 0, 1, 0, 1])
Episode: 274; Score: [-4.04720361]; Action: ([1.11, 0.57, 0.49, 0.21, 1.67], [1, 0, 0, 0, 2])
Episode: 275; Score: [-6.69660363]; Action: ([0.0, 1.03, 0.0, 1.08, 0.25], [0, 1, 0, 1, 0])
Episode: 276; Score: [-4.70644047]; Action: ([0.88, 0.33, 1.33, 0.46, 1.71], [1, 0, 1, 0, 2])
Episode: 277; Score: [-3.21441975]; Action: ([1.04, 0.81, 0.56, 1.48, 1.9], [1, 1, 0, 2, 2])
Episode: 278; Score: [-1.50016597]; Action: ([1.0, 1.39, 1.25, 0.23, 0.9], [1, 2, 1, 0, 1])
Episode: 279; Score: [-2.678296]; Action: ([0.03, 1.32, 1.87, 1.02, 0.51], [0, 1, 2, 1, 0])
Episode: 280; Score: [-4.23257152]; Action: ([2.0, 0.15, 1.6, 0.27, 0.21], [2, 0, 2, 0, 0])
Episode: 281; Score: [-4.06776563]; Action: ([0.89, 0.14, 0.49, 1.62, 1.79], [1, 0, 0, 2, 2])
Episode: 282; Score: [-3.35823602]; Action: ([1.13, 0.17, 1.91, 1.93, 1.32], [1, 0, 2, 2, 1])
Episode: 283; Score: [-2.41877333]; Action: ([0.01, 1.06, 0.16, 0.89, 1.42], [0, 1, 0, 1, 2])
Episode: 284; Score: [-0.14031997]; Action: ([1.94, 1.02, 0.93, 2.0, 2.0], [2, 1, 1, 2, 2])
Episode: 285; Score: [-5.31743869]; Action: ([1.96, 1.42, 0.01, 1.54, 0.4], [2, 2, 0, 2, 0])
Episode: 286; Score: [-6.82921183]; Action: ([0.78, 1.78, 1.11, 1.16, 2.0], [1, 2, 1, 1, 2])
Episode: 287; Score: [-3.86708713]; Action: ([0.14, 0.69, 1.73, 0.94, 1.63], [0, 1, 2, 1, 2])
Episode: 288; Score: [-3.408783]; Action: ([1.81, 0.81, 0.15, 0.0, 0.44], [2, 1, 0, 0, 0])
Episode: 289; Score: [-1.35909895]; Action: ([1.93, 0.97, 0.5, 1.29, 1.96], [2, 1, 0, 1, 2])
Episode: 290; Score: [-4.08440381]; Action: ([1.12, 0.53, 1.87, 0.85, 1.29], [1, 0, 2, 1, 1])
Episode: 291; Score: [-6.01850627]; Action: ([0.0, 0.08, 1.34, 1.19, 0.37], [0, 0, 2, 1, 0])
Episode: 292; Score: [-2.51872961]; Action: ([1.89, 1.76, 1.06, 0.9, 0.29], [2, 2, 1, 1, 0])
Episode: 293; Score: [-2.05935915]; Action: ([1.95, 0.39, 1.01, 1.84, 1.74], [2, 0, 1, 2, 2])
Episode: 294; Score: [-3.40712558]; Action: ([0.98, 1.04, 1.03, 1.4, 1.22], [1, 1, 1, 2, 1])
Episode: 295; Score: [-4.15093355]; Action: ([0.0, 1.27, 1.03, 1.41, 0.45], [0, 1, 1, 2, 0])
Episode: 296; Score: [-4.17458017]; Action: ([0.98, 1.26, 1.55, 1.22, 0.34], [1, 1, 2, 1, 0])
Episode: 297; Score: [-0.96893295]; Action: ([1.0, 0.4, 0.88, 0.98, 1.23], [1, 0, 1, 1, 1])
Episode: 298; Score: [-3.9188602]; Action: ([1.07, 0.17, 0.75, 1.68, 1.41], [1, 0, 1, 2, 2])
Episode: 299; Score: [-2.65211318]; Action: ([0.13, 0.0, 0.89, 1.46, 1.21], [0, 0, 1, 2, 1])
Episode: 300; Score: [-7.31465344]; Action: ([2.0, 0.58, 1.81, 1.02, 1.9], [2, 0, 2, 1, 2])
Episode: 301; Score: [-6.23164196]; Action: ([0.9, 0.98, 1.6, 0.95, 1.81], [1, 1, 2, 1, 2])
Episode: 302; Score: [-4.08979783]; Action: ([1.12, 0.88, 0.1, 1.66, 0.33], [1, 1, 0, 2, 0])
Episode: 303; Score: [-6.96545234]; Action: ([0.0, 0.63, 0.12, 0.37, 0.92], [0, 0, 0, 0, 1])
Episode: 304; Score: [-6.13027727]; Action: ([1.97, 0.5, 1.69, 0.66, 1.31], [2, 0, 2, 0, 1])
Episode: 305; Score: [-7.49131122]; Action: ([2.0, 0.76, 1.84, 1.31, 1.59], [2, 1, 2, 1, 2])
Episode: 306; Score: [-1.32605554]; Action: ([1.04, 1.79, 0.78, 1.2, 0.92], [1, 2, 1, 1, 1])
Episode: 307; Score: [-5.11413246]; Action: ([0.0, 2.0, 0.93, 1.96, 1.0], [0, 2, 1, 2, 1])
Episode: 308; Score: [-1.53868882]; Action: ([2.0, 1.12, 0.92, 1.31, 0.97], [2, 1, 1, 1, 1])
Episode: 309; Score: [-3.69363019]; Action: ([2.0, 0.42, 0.94, 0.0, 0.33], [2, 0, 1, 0, 0])
Episode: 310; Score: [-4.28689489]; Action: ([1.03, 0.78, 0.14, 0.58, 1.77], [1, 1, 0, 0, 2])
Episode: 311; Score: [-2.5227941]; Action: ([0.0, 0.71, 0.0, 0.12, 1.7], [0, 1, 0, 0, 2])
Episode: 312; Score: [-1.36859488]; Action: ([1.98, 0.7, 0.98, 1.79, 1.18], [2, 1, 1, 2, 1])
Episode: 313; Score: [-3.07416701]; Action: ([1.91, 0.33, 0.37, 0.94, 0.2], [2, 0, 0, 1, 0])
Episode: 314; Score: [-3.22891606]; Action: ([1.04, 1.29, 1.81, 1.61, 0.6], [1, 1, 2, 2, 0])
Episode: 315; Score: [-4.74531009]; Action: ([0.02, 0.43, 1.28, 0.7, 1.38], [0, 0, 1, 1, 2])
Episode: 316; Score: [-6.35733026]; Action: ([0.98, 0.55, 1.58, 1.74, 1.5], [1, 0, 2, 2, 2])
Episode: 317; Score: [-2.4265066]; Action: ([0.88, 0.01, 0.48, 0.37, 1.17], [1, 0, 0, 0, 1])
Episode: 318; Score: [-3.66550765]; Action: ([1.06, 2.0, 0.92, 1.73, 0.63], [1, 2, 1, 2, 0])
Episode: 319; Score: [-5.89884619]; Action: ([0.05, 0.76, 0.94, 0.28, 1.07], [0, 1, 1, 0, 1])
Episode: 320; Score: [-3.00799501]; Action: ([1.99, 0.09, 1.35, 1.33, 1.24], [2, 0, 2, 1, 1])
Episode: 321; Score: [-4.74955955]; Action: ([1.01, 1.73, 1.19, 0.58, 1.19], [1, 2, 1, 0, 1])
Episode: 322; Score: [-2.22940869]; Action: ([1.1, 1.47, 1.74, 0.52, 0.55], [1, 2, 2, 0, 0])
Episode: 323; Score: [-3.2299878]; Action: ([0.0, 1.61, 0.92, 2.0, 0.47], [0, 2, 1, 2, 0])
Episode: 324; Score: [-3.27279436]; Action: ([2.0, 0.24, 0.61, 0.86, 1.02], [2, 0, 0, 1, 1])
Episode: 325; Score: [-3.93760423]; Action: ([1.97, 1.8, 1.84, 0.17, 0.88], [2, 2, 2, 0, 1])
Episode: 326; Score: [-2.5885312]; Action: ([1.13, 1.32, 1.61, 0.3, 1.83], [1, 1, 2, 0, 2])
Episode: 327; Score: [-5.51457615]; Action: ([0.07, 0.43, 2.0, 1.73, 1.28], [0, 0, 2, 2, 1])
Episode: 328; Score: [-3.95733316]; Action: ([1.96, 0.25, 0.27, 0.22, 1.74], [2, 0, 0, 0, 2])
Episode: 329; Score: [-6.91559274]; Action: ([1.87, 0.53, 1.51, 1.06, 1.95], [2, 0, 2, 1, 2])
Episode: 330; Score: [-5.35468919]; Action: ([0.97, 1.44, 0.39, 0.16, 0.57], [1, 2, 0, 0, 0])
Episode: 331; Score: [-3.03282807]; Action: ([0.08, 0.57, 0.56, 0.77, 1.05], [0, 0, 0, 1, 1])
Episode: 332; Score: [-2.68051794]; Action: ([1.98, 0.62, 0.18, 1.43, 1.08], [2, 0, 0, 2, 1])
Episode: 333; Score: [-2.71630914]; Action: ([1.9, 1.55, 1.76, 1.71, 0.47], [2, 2, 2, 2, 0])
Episode: 334; Score: [-1.3296623]; Action: ([1.07, 1.18, 0.95, 0.85, 1.89], [1, 1, 1, 1, 2])
Episode: 335; Score: [-6.36028359]; Action: ([0.07, 1.23, 0.29, 1.4, 0.11], [0, 1, 0, 2, 0])
Episode: 336; Score: [-2.4647572]; Action: ([1.05, 0.11, 0.36, 1.21, 0.33], [1, 0, 0, 1, 0])
Episode: 337; Score: [-5.26744411]; Action: ([0.81, 1.57, 1.22, 0.15, 1.51], [1, 2, 1, 0, 2])
Episode: 338; Score: [-2.53464031]; Action: ([0.98, 0.77, 0.27, 1.82, 0.27], [1, 1, 0, 2, 0])
Episode: 339; Score: [-4.68364508]; Action: ([0.0, 0.5, 1.56, 0.99, 1.27], [0, 0, 2, 1, 1])
Episode: 340; Score: [-5.00840204]; Action: ([2.0, 0.14, 0.32, 1.88, 0.67], [2, 0, 0, 2, 0])
Episode: 341; Score: [-4.91723305]; Action: ([1.03, 0.59, 1.69, 1.2, 0.41], [1, 0, 2, 1, 0])
Episode: 342; Score: [-4.67673162]; Action: ([1.02, 0.19, 0.43, 1.21, 0.47], [1, 0, 0, 1, 0])
Episode: 343; Score: [-3.82208363]; Action: ([0.09, 0.91, 0.25, 1.58, 1.35], [0, 1, 0, 2, 2])
Episode: 344; Score: [-4.70518394]; Action: ([1.96, 1.52, 1.5, 0.23, 0.13], [2, 2, 2, 0, 0])
Episode: 345; Score: [-2.46199342]; Action: ([1.81, 0.75, 0.73, 0.78, 1.91], [2, 1, 1, 1, 2])
Episode: 346; Score: [-3.25863982]; Action: ([1.24, 0.75, 1.16, 0.87, 1.03], [1, 1, 1, 1, 1])
Episode: 347; Score: [-4.35795907]; Action: ([0.0, 1.55, 1.59, 0.16, 1.06], [0, 2, 2, 0, 1])
Episode: 348; Score: [-8.02478581]; Action: ([2.0, 1.71, 2.0, 0.64, 1.67], [2, 2, 2, 0, 2])
Episode: 349; Score: [-2.16592843]; Action: ([2.0, 1.6, 1.71, 1.29, 1.85], [2, 2, 2, 1, 2])
Episode: 350; Score: [-3.05055595]; Action: ([0.94, 2.0, 0.07, 0.37, 0.56], [1, 2, 0, 0, 0])
Episode: 351; Score: [-4.49674793]; Action: ([0.0, 0.89, 0.87, 1.67, 1.07], [0, 1, 1, 2, 1])
Episode: 352; Score: [-2.14363661]; Action: ([1.77, 0.93, 0.65, 0.22, 1.18], [2, 1, 0, 0, 1])
Episode: 353; Score: [-3.30740028]; Action: ([2.0, 1.15, 1.62, 0.46, 0.0], [2, 1, 2, 0, 0])
Episode: 354; Score: [-5.44541338]; Action: ([0.93, 0.62, 1.04, 0.96, 0.0], [1, 0, 1, 1, 0])
Episode: 355; Score: [-3.23100266]; Action: ([0.0, 1.23, 0.22, 0.21, 0.57], [0, 1, 0, 0, 0])
Episode: 356; Score: [-2.74312095]; Action: ([0.72, 0.58, 0.5, 1.81, 1.65], [1, 0, 0, 2, 2])
Episode: 357; Score: [-5.08614532]; Action: ([1.0, 1.2, 1.98, 0.88, 0.21], [1, 1, 2, 1, 0])
Episode: 358; Score: [-4.87243637]; Action: ([1.01, 1.51, 1.18, 0.45, 0.99], [1, 2, 1, 0, 1])
Episode: 359; Score: [-5.13179512]; Action: ([0.02, 0.37, 0.47, 2.0, 0.01], [0, 0, 0, 2, 0])
Episode: 360; Score: [-2.83374053]; Action: ([1.93, 0.52, 1.89, 1.79, 0.81], [2, 0, 2, 2, 1])
Episode: 361; Score: [-1.62348331]; Action: ([1.02, 1.26, 0.64, 1.31, 0.34], [1, 1, 0, 1, 0])
Episode: 362; Score: [-3.52573103]; Action: ([0.99, 1.0, 0.96, 1.88, 0.65], [1, 1, 1, 2, 0])
Episode: 363; Score: [-3.54120053]; Action: ([0.0, 1.32, 1.85, 0.35, 0.27], [0, 1, 2, 0, 0])
Episode: 364; Score: [-6.75925848]; Action: ([1.96, 1.77, 1.6, 1.24, 0.19], [2, 2, 2, 1, 0])
Episode: 365; Score: [-5.86629263]; Action: ([2.0, 1.26, 0.27, 1.77, 0.56], [2, 1, 0, 2, 0])
Episode: 366; Score: [-1.68933542]; Action: ([0.98, 1.65, 0.99, 1.94, 1.08], [1, 2, 1, 2, 1])
Episode: 367; Score: [-4.20817533]; Action: ([0.0, 0.96, 0.14, 1.7, 1.41], [0, 1, 0, 2, 2])
Episode: 368; Score: [-3.84384716]; Action: ([2.0, 0.2, 1.87, 0.71, 0.12], [2, 0, 2, 1, 0])
Episode: 369; Score: [-7.56171257]; Action: ([2.0, 1.12, 1.1, 1.78, 1.56], [2, 1, 1, 2, 2])
Episode: 370; Score: [-7.03919504]; Action: ([1.11, 1.88, 0.42, 0.25, 0.06], [1, 2, 0, 0, 0])
Episode: 371; Score: [-3.85784545]; Action: ([0.15, 1.12, 0.14, 1.72, 1.25], [0, 1, 0, 2, 1])
Episode: 372; Score: [-2.18270006]; Action: ([1.86, 0.72, 0.72, 1.81, 0.7], [2, 1, 1, 2, 1])
Episode: 373; Score: [-2.98048251]; Action: ([2.0, 0.27, 0.83, 1.7, 0.62], [2, 0, 1, 2, 0])
Episode: 374; Score: [-3.27084984]; Action: ([1.09, 1.64, 0.57, 1.77, 0.95], [1, 2, 0, 2, 1])
Episode: 375; Score: [-4.61374311]; Action: ([0.12, 1.05, 1.96, 1.19, 0.17], [0, 1, 2, 1, 0])
Episode: 376; Score: [-5.33415565]; Action: ([1.02, 0.96, 1.33, 1.11, 0.92], [1, 1, 1, 1, 1])
Episode: 377; Score: [-4.0513045]; Action: ([1.04, 1.77, 0.46, 0.19, 0.6], [1, 2, 0, 0, 0])
Episode: 378; Score: [-5.3429749]; Action: ([1.05, 1.28, 1.74, 0.23, 0.39], [1, 1, 2, 0, 0])
Episode: 379; Score: [-5.1048942]; Action: ([0.0, 1.16, 1.91, 1.42, 0.54], [0, 1, 2, 2, 0])
Episode: 380; Score: [-2.94398907]; Action: ([1.93, 0.68, 1.77, 1.66, 0.74], [2, 1, 2, 2, 1])
Episode: 381; Score: [-4.72294179]; Action: ([0.84, 1.21, 1.43, 0.64, 0.58], [1, 1, 2, 0, 0])
Episode: 382; Score: [-4.8287593]; Action: ([0.94, 1.34, 1.99, 0.06, 0.53], [1, 2, 2, 0, 0])
Episode: 383; Score: [-2.92441057]; Action: ([0.0, 1.74, 0.84, 1.83, 0.8], [0, 2, 1, 2, 1])
Episode: 384; Score: [-4.33019071]; Action: ([2.0, 0.42, 1.14, 0.51, 0.27], [2, 0, 1, 0, 0])
Episode: 385; Score: [-2.60541593]; Action: ([2.0, 1.93, 0.96, 1.61, 1.75], [2, 2, 1, 2, 2])
Episode: 386; Score: [-4.20168916]; Action: ([0.91, 1.96, 1.5, 1.26, 1.09], [1, 2, 2, 1, 1])
Episode: 387; Score: [-5.3619258]; Action: ([0.05, 0.82, 1.26, 0.62, 0.88], [0, 1, 1, 0, 1])
Episode: 388; Score: [-2.72294817]; Action: ([2.0, 1.69, 1.4, 1.98, 0.39], [2, 2, 2, 2, 0])
Episode: 389; Score: [-1.54125005]; Action: ([1.89, 1.73, 1.75, 1.58, 1.97], [2, 2, 2, 2, 2])
Episode: 390; Score: [-1.90143764]; Action: ([1.08, 0.8, 1.14, 1.75, 1.61], [1, 1, 1, 2, 2])
Episode: 391; Score: [-2.52506088]; Action: ([0.18, 0.28, 1.44, 0.73, 0.72], [0, 0, 2, 1, 1])
Episode: 392; Score: [-2.012861]; Action: ([2.0, 1.15, 1.78, 0.92, 2.0], [2, 1, 2, 1, 2])
Episode: 393; Score: [-2.56900518]; Action: ([2.0, 1.07, 1.56, 0.72, 0.34], [2, 1, 2, 1, 0])
Episode: 394; Score: [-7.16240087]; Action: ([1.23, 1.92, 1.46, 1.29, 1.27], [1, 2, 2, 1, 1])
Episode: 395; Score: [-5.78527265]; Action: ([0.17, 0.28, 1.48, 0.64, 0.61], [0, 0, 2, 0, 0])
Episode: 396; Score: [-1.59182688]; Action: ([0.92, 1.41, 0.95, 1.21, 0.17], [1, 2, 1, 1, 0])
Episode: 397; Score: [-5.35509624]; Action: ([0.96, 0.32, 0.49, 1.54, 0.34], [1, 0, 0, 2, 0])
Episode: 398; Score: [-5.39691017]; Action: ([0.83, 1.8, 1.18, 0.89, 0.5], [1, 2, 1, 1, 0])
Episode: 399; Score: [-6.8020148]; Action: ([0.0, 1.12, 0.0, 0.46, 0.87], [0, 1, 0, 0, 1])
Episode: 400; Score: [-3.85936791]; Action: ([1.78, 1.43, 1.31, 0.81, 0.29], [2, 2, 1, 1, 0])
Episode: 401; Score: [-4.21795086]; Action: ([1.11, 0.61, 1.7, 1.56, 0.19], [1, 0, 2, 2, 0])
Episode: 402; Score: [-0.77269182]; Action: ([0.87, 0.88, 1.33, 0.87, 0.93], [1, 1, 1, 1, 1])
Episode: 403; Score: [-2.98506696]; Action: ([0.02, 0.14, 1.53, 0.62, 1.23], [0, 0, 2, 0, 1])
Episode: 404; Score: [-1.60027528]; Action: ([1.88, 1.37, 0.76, 1.35, 1.78], [2, 2, 1, 2, 2])
Episode: 405; Score: [-2.30267501]; Action: ([1.97, 0.72, 0.54, 0.86, 1.6], [2, 1, 0, 1, 2])
Episode: 406; Score: [-4.05342291]; Action: ([1.18, 1.11, 0.4, 0.07, 1.41], [1, 1, 0, 0, 2])
Episode: 407; Score: [-4.69785623]; Action: ([0.0, 0.99, 1.84, 2.0, 0.15], [0, 1, 2, 2, 0])
Episode: 408; Score: [-3.03857432]; Action: ([2.0, 1.23, 1.35, 0.48, 1.06], [2, 1, 2, 0, 1])
Episode: 409; Score: [-2.09286867]; Action: ([2.0, 1.01, 1.52, 1.07, 1.36], [2, 1, 2, 1, 2])
Episode: 410; Score: [-2.29191681]; Action: ([0.98, 1.63, 1.1, 1.8, 1.74], [1, 2, 1, 2, 2])
Episode: 411; Score: [-3.29434768]; Action: ([0.0, 0.44, 2.0, 1.61, 0.88], [0, 0, 2, 2, 1])
Episode: 412; Score: [-2.97555801]; Action: ([1.87, 1.41, 1.27, 1.1, 1.2], [2, 2, 1, 1, 1])
Episode: 413; Score: [-5.37896322]; Action: ([2.0, 0.59, 0.23, 1.04, 1.52], [2, 0, 0, 1, 2])
Episode: 414; Score: [-3.88075537]; Action: ([1.17, 0.64, 1.78, 0.68, 1.4], [1, 0, 2, 1, 2])
Episode: 415; Score: [-2.92462828]; Action: ([0.0, 1.01, 0.63, 1.46, 2.0], [0, 1, 0, 2, 2])
Episode: 416; Score: [-4.34422093]; Action: ([1.19, 1.01, 1.86, 1.0, 0.33], [1, 1, 2, 1, 0])
Episode: 417; Score: [-4.85741137]; Action: ([0.85, 1.85, 0.87, 0.54, 1.73], [1, 2, 1, 0, 2])
Episode: 418; Score: [-3.08765369]; Action: ([0.87, 0.11, 0.23, 0.09, 0.62], [1, 0, 0, 0, 0])
Episode: 419; Score: [-4.1486375]; Action: ([0.17, 0.65, 0.01, 1.84, 1.18], [0, 0, 0, 2, 1])
Episode: 420; Score: [-6.04175006]; Action: ([1.82, 1.95, 0.94, 0.48, 0.84], [2, 2, 1, 0, 1])
Episode: 421; Score: [-3.17474508]; Action: ([1.08, 0.35, 1.69, 1.89, 1.87], [1, 0, 2, 2, 2])
Episode: 422; Score: [-0.57727234]; Action: ([0.93, 1.0, 1.12, 1.18, 1.2], [1, 1, 1, 1, 1])
Episode: 423; Score: [-3.53015107]; Action: ([0.03, 0.6, 0.26, 1.69, 0.28], [0, 0, 0, 2, 0])
Episode: 424; Score: [-6.67323658]; Action: ([2.0, 0.11, 1.85, 0.71, 2.0], [2, 0, 2, 1, 2])
Episode: 425; Score: [-1.81333708]; Action: ([1.95, 1.56, 0.02, 1.84, 1.94], [2, 2, 0, 2, 2])
Episode: 426; Score: [-6.02882783]; Action: ([0.9, 1.45, 0.42, 1.56, 1.7], [1, 2, 0, 2, 2])
Episode: 427; Score: [-1.37808494]; Action: ([0.0, 1.05, 1.14, 1.17, 0.98], [0, 1, 1, 1, 1])
Episode: 428; Score: [-2.79768267]; Action: ([1.95, 1.35, 1.46, 1.38, 0.68], [2, 2, 2, 2, 1])
Episode: 429; Score: [-3.5332927]; Action: ([2.0, 1.37, 1.01, 0.63, 1.2], [2, 2, 1, 0, 1])
Episode: 430; Score: [-4.74900089]; Action: ([0.89, 1.05, 0.56, 1.21, 0.65], [1, 1, 0, 1, 0])
Episode: 431; Score: [-3.76201374]; Action: ([0.08, 1.85, 1.48, 0.28, 0.06], [0, 2, 2, 0, 0])
Episode: 432; Score: [-3.01150438]; Action: ([2.0, 0.83, 0.8, 0.1, 0.26], [2, 1, 1, 0, 0])
Episode: 433; Score: [-2.59115667]; Action: ([1.95, 1.42, 1.1, 1.22, 1.56], [2, 2, 1, 1, 2])
Episode: 434; Score: [-6.19492288]; Action: ([0.96, 1.84, 0.6, 0.97, 1.82], [1, 2, 0, 1, 2])
Episode: 435; Score: [-3.03704308]; Action: ([0.0, 1.8, 0.42, 1.5, 1.15], [0, 2, 0, 2, 1])
Episode: 436; Score: [-3.18076467]; Action: ([1.06, 1.14, 1.68, 2.0, 0.58], [1, 1, 2, 2, 0])
Episode: 437; Score: [-1.35416235]; Action: ([1.06, 1.05, 0.49, 1.09, 0.35], [1, 1, 0, 1, 0])
Episode: 438; Score: [-2.75002994]; Action: ([0.77, 0.18, 1.18, 1.74, 1.73], [1, 0, 1, 2, 2])
Episode: 439; Score: [-3.92922032]; Action: ([0.01, 1.02, 0.11, 1.7, 1.09], [0, 1, 0, 2, 1])
Episode: 440; Score: [-3.4558713]; Action: ([1.98, 1.55, 1.67, 1.43, 0.35], [2, 2, 2, 2, 0])
Episode: 441; Score: [-1.8798607]; Action: ([0.98, 1.71, 1.54, 0.98, 1.58], [1, 2, 2, 1, 2])
Episode: 442; Score: [-4.78651206]; Action: ([1.01, 1.25, 0.09, 1.85, 0.6], [1, 1, 0, 2, 0])
Episode: 443; Score: [-3.5352159]; Action: ([0.0, 0.89, 1.28, 1.67, 1.62], [0, 1, 1, 2, 2])
Episode: 444; Score: [-3.9625106]; Action: ([2.0, 0.5, 1.9, 0.0, 0.64], [2, 0, 2, 0, 0])
Episode: 445; Score: [-4.27871176]; Action: ([2.0, 1.82, 1.15, 0.38, 0.31], [2, 2, 1, 0, 0])
Episode: 446; Score: [-6.13545436]; Action: ([1.05, 1.72, 0.16, 0.6, 0.77], [1, 2, 0, 0, 1])
