Episode: 0; Score: [-2.90898857]; Action: ([1.28, 0.86, 0.84, 0.3, 1.8], [0, 0, 0, 0, 1])
Episode: 1; Score: [-5.55275435]; Action: ([1.34, 0.94, 1.82, 0.91, 0.55], [0, 0, 1, 0, 0])
Episode: 2; Score: [-4.5280932]; Action: ([1.78, 0.33, 0.0, 1.51, 0.85], [1, 0, 0, 0, 0])
Episode: 3; Score: [-3.51365422]; Action: ([0.4, 0.16, 1.28, 1.87, 0.07], [0, 0, 0, 1, 0])
Episode: 4; Score: [-2.91200347]; Action: ([0.24, 0.41, 0.33, 0.0, 1.93], [0, 0, 0, 0, 1])
Episode: 5; Score: [-2.36305799]; Action: ([0.23, 1.07, 1.34, 0.13, 1.31], [0, 0, 0, 0, 0])
Episode: 6; Score: [-5.88593823]; Action: ([0.31, 0.06, 1.47, 1.28, 0.0], [0, 0, 0, 0, 0])
Episode: 7; Score: [-2.49453263]; Action: ([0.92, 1.92, 0.41, 0.51, 0.59], [0, 1, 0, 0, 0])
Episode: 8; Score: [-6.54987035]; Action: ([0.19, 1.85, 1.75, 0.64, 0.22], [0, 1, 1, 0, 0])
Episode: 9; Score: [-2.41773881]; Action: ([1.81, 1.34, 0.81, 0.33, 0.6], [1, 0, 0, 0, 0])
Episode: 10; Score: [-5.32696946]; Action: ([1.58, 0.11, 1.0, 0.87, 1.78], [0, 0, 0, 0, 1])
Episode: 11; Score: [-3.03643836]; Action: ([1.95, 0.41, 1.21, 0.65, 0.07], [1, 0, 0, 0, 0])
Episode: 12; Score: [-2.18497949]; Action: ([0.24, 0.6, 0.96, 0.74, 0.27], [0, 0, 0, 0, 0])
Episode: 13; Score: [-1.96431744]; Action: ([1.75, 1.06, 1.01, 1.75, 0.6], [1, 0, 0, 1, 0])
Episode: 14; Score: [-3.88419815]; Action: ([0.04, 1.49, 1.12, 1.83, 1.61], [0, 0, 0, 1, 0])
Episode: 15; Score: [-5.77175394]; Action: ([2.0, 0.63, 0.33, 1.68, 1.13], [1, 0, 0, 1, 0])
Episode: 16; Score: [-1.48675919]; Action: ([0.94, 1.22, 0.78, 1.41, 1.58], [0, 0, 0, 0, 0])
Episode: 17; Score: [-5.10299069]; Action: ([0.36, 1.31, 0.95, 0.83, 0.07], [0, 0, 0, 0, 0])
Episode: 18; Score: [-3.18115339]; Action: ([1.49, 0.8, 0.12, 1.67, 1.74], [0, 0, 0, 1, 1])
Episode: 19; Score: [-8.86715503]; Action: ([1.76, 1.54, 1.78, 1.84, 1.95], [1, 0, 1, 1, 1])
Episode: 20; Score: [-2.94023358]; Action: ([0.41, 1.2, 0.6, 1.93, 0.19], [0, 0, 0, 1, 0])
Episode: 21; Score: [-5.75532238]; Action: ([0.06, 0.72, 1.92, 1.06, 2.0], [0, 0, 1, 0, 1])
Episode: 22; Score: [-3.07013572]; Action: ([1.39, 0.79, 0.17, 1.67, 1.91], [0, 0, 0, 0, 1])
Episode: 23; Score: [-5.21014526]; Action: ([2.0, 0.65, 1.08, 1.28, 0.2], [1, 0, 0, 0, 0])
Episode: 24; Score: [-5.53820325]; Action: ([0.26, 0.73, 2.0, 0.79, 0.69], [0, 0, 1, 0, 0])
Episode: 25; Score: [-3.20165758]; Action: ([1.85, 0.88, 0.08, 0.34, 1.66], [1, 0, 0, 0, 0])
Episode: 26; Score: [-5.44867577]; Action: ([1.28, 0.64, 0.93, 0.71, 1.88], [0, 0, 0, 0, 1])
Episode: 27; Score: [-5.11969311]; Action: ([0.87, 0.85, 0.0, 2.0, 0.15], [0, 0, 0, 1, 0])
Episode: 28; Score: [-6.25209323]; Action: ([0.21, 0.26, 1.2, 0.35, 0.12], [0, 0, 0, 0, 0])
Episode: 29; Score: [-3.76513175]; Action: ([1.47, 0.52, 0.84, 1.74, 0.67], [0, 0, 0, 1, 0])
Episode: 30; Score: [-6.50854062]; Action: ([1.44, 1.68, 0.26, 1.91, 1.23], [0, 1, 0, 1, 0])
Episode: 31; Score: [-3.53730987]; Action: ([1.79, 1.18, 2.0, 1.57, 2.0], [1, 0, 1, 0, 1])
Episode: 32; Score: [-5.1177454]; Action: ([0.46, 0.29, 0.63, 1.84, 1.89], [0, 0, 0, 1, 1])
Episode: 33; Score: [-3.81591871]; Action: ([1.86, 0.59, 0.62, 0.94, 0.19], [1, 0, 0, 0, 0])
Episode: 34; Score: [-4.24778517]; Action: ([1.15, 0.13, 1.65, 0.92, 0.91], [0, 0, 0, 0, 0])
Episode: 35; Score: [-3.70674852]; Action: ([0.12, 0.99, 1.43, 0.95, 1.66], [0, 0, 0, 0, 0])
Episode: 36; Score: [-5.20324947]; Action: ([1.81, 0.34, 0.0, 1.49, 1.57], [1, 0, 0, 0, 0])
Episode: 37; Score: [-6.66378585]; Action: ([1.21, 0.93, 1.88, 1.68, 0.96], [0, 0, 1, 1, 0])
Episode: 38; Score: [-4.69157808]; Action: ([1.08, 0.77, 0.04, 0.06, 1.36], [0, 0, 0, 0, 0])
Episode: 39; Score: [-1.81531699]; Action: ([0.84, 1.46, 0.94, 1.93, 1.2], [0, 0, 0, 1, 0])
Episode: 40; Score: [-6.60429389]; Action: ([1.78, 1.56, 0.87, 0.87, 1.52], [1, 0, 0, 0, 0])
Episode: 41; Score: [-4.61050084]; Action: ([0.25, 1.42, 1.29, 0.41, 1.86], [0, 0, 0, 0, 1])
Episode: 42; Score: [-2.79475188]; Action: ([1.14, 0.93, 1.72, 0.73, 1.7], [0, 0, 1, 0, 1])
Episode: 43; Score: [-2.95362946]; Action: ([1.29, 0.98, 0.76, 0.87, 1.15], [0, 0, 0, 0, 0])
Episode: 44; Score: [-4.7095869]; Action: ([1.24, 0.81, 0.77, 0.97, 0.93], [0, 0, 0, 0, 0])
Episode: 45; Score: [-2.38593407]; Action: ([0.17, 1.18, 1.76, 0.81, 1.43], [0, 0, 1, 0, 0])
Episode: 46; Score: [-4.48527442]; Action: ([0.39, 1.47, 0.64, 0.34, 1.66], [0, 0, 0, 0, 0])
Episode: 47; Score: [-2.78360914]; Action: ([1.32, 0.14, 1.12, 1.62, 1.86], [0, 0, 0, 0, 1])
Episode: 48; Score: [-2.76076446]; Action: ([1.01, 0.16, 0.26, 0.01, 1.33], [0, 0, 0, 0, 0])
Episode: 49; Score: [-2.87705449]; Action: ([0.89, 0.58, 0.34, 2.0, 1.69], [0, 0, 0, 1, 1])
Episode: 50; Score: [-4.01723092]; Action: ([1.67, 0.5, 0.08, 1.01, 0.72], [1, 0, 0, 0, 0])
Episode: 51; Score: [-6.33474954]; Action: ([1.88, 0.22, 1.31, 1.35, 1.57], [1, 0, 0, 0, 0])
Episode: 52; Score: [-5.72847344]; Action: ([0.57, 0.19, 0.32, 1.17, 0.03], [0, 0, 0, 0, 0])
Episode: 53; Score: [-5.54533732]; Action: ([0.44, 1.54, 0.93, 0.8, 1.84], [0, 0, 0, 0, 1])
Episode: 54; Score: [-3.04277912]; Action: ([0.4, 1.32, 1.4, 1.41, 1.87], [0, 0, 0, 0, 1])
Episode: 55; Score: [-2.55177952]; Action: ([1.95, 0.83, 1.55, 0.66, 0.47], [1, 0, 0, 0, 0])
Episode: 56; Score: [-2.49637768]; Action: ([1.22, 0.46, 1.12, 0.15, 1.77], [0, 0, 0, 0, 1])
Episode: 57; Score: [-3.59797531]; Action: ([0.63, 0.83, 0.8, 1.79, 0.35], [0, 0, 0, 1, 0])
Episode: 58; Score: [-3.29029422]; Action: ([0.31, 1.62, 2.0, 1.03, 0.05], [0, 0, 1, 0, 0])
Episode: 59; Score: [-3.93135475]; Action: ([0.64, 0.64, 0.55, 1.8, 1.43], [0, 0, 0, 1, 0])
Episode: 60; Score: [-3.81533401]; Action: ([1.32, 0.22, 1.87, 1.33, 1.18], [0, 0, 1, 0, 0])
Episode: 61; Score: [-2.78059451]; Action: ([0.25, 0.43, 1.39, 0.63, 0.3], [0, 0, 0, 0, 0])
Episode: 62; Score: [-2.83357104]; Action: ([0.34, 0.55, 0.3, 1.97, 1.06], [0, 0, 0, 1, 0])
Episode: 63; Score: [-3.80420748]; Action: ([0.65, 0.46, 0.92, 1.53, 0.24], [0, 0, 0, 0, 0])
Episode: 64; Score: [-5.66744401]; Action: ([1.91, 0.16, 1.67, 0.25, 1.67], [1, 0, 1, 0, 1])
Episode: 65; Score: [-6.4580234]; Action: ([0.5, 1.72, 0.47, 1.99, 1.78], [0, 1, 0, 1, 1])
Episode: 66; Score: [-6.06006894]; Action: ([0.82, 0.1, 0.27, 0.65, 1.1], [0, 0, 0, 0, 0])
Episode: 67; Score: [-3.38157144]; Action: ([1.32, 1.65, 0.21, 0.28, 0.09], [0, 0, 0, 0, 0])
Episode: 68; Score: [-2.88146351]; Action: ([0.17, 1.69, 1.44, 1.62, 0.7], [0, 1, 0, 0, 0])
Episode: 69; Score: [-2.23503958]; Action: ([1.81, 0.03, 1.25, 1.77, 1.41], [1, 0, 0, 1, 0])
Episode: 70; Score: [-2.05868704]; Action: ([0.79, 1.49, 1.13, 0.11, 1.34], [0, 0, 0, 0, 0])
Episode: 71; Score: [-3.70491937]; Action: ([1.85, 1.97, 1.86, 0.61, 1.66], [1, 1, 1, 0, 0])
Episode: 72; Score: [-4.3892437]; Action: ([1.36, 1.58, 1.47, 0.54, 0.82], [0, 0, 0, 0, 0])
Episode: 73; Score: [-5.10212864]; Action: ([1.71, 0.59, 1.83, 0.42, 0.0], [1, 0, 1, 0, 0])
Episode: 74; Score: [-2.25894516]; Action: ([1.85, 0.45, 2.0, 1.44, 2.0], [1, 0, 1, 0, 1])
Episode: 75; Score: [-2.44364597]; Action: ([1.52, 0.71, 1.56, 1.51, 1.38], [0, 0, 0, 0, 0])
Episode: 76; Score: [-3.85206173]; Action: ([0.37, 0.39, 1.33, 1.9, 0.83], [0, 0, 0, 1, 0])
Episode: 77; Score: [-6.74163399]; Action: ([1.3, 1.67, 2.0, 0.5, 1.26], [0, 1, 1, 0, 0])
Episode: 78; Score: [-1.60095562]; Action: ([1.05, 1.13, 1.14, 0.65, 1.94], [0, 0, 0, 0, 1])
Episode: 79; Score: [-1.8811498]; Action: ([1.29, 1.38, 1.39, 1.19, 0.36], [0, 0, 0, 0, 0])
Episode: 80; Score: [-3.75463533]; Action: ([2.0, 0.67, 1.02, 0.43, 0.17], [1, 0, 0, 0, 0])
Episode: 81; Score: [-2.29693526]; Action: ([0.83, 2.0, 1.65, 1.29, 1.18], [0, 1, 0, 0, 0])
Episode: 82; Score: [-4.06512762]; Action: ([0.4, 0.57, 0.9, 0.19, 2.0], [0, 0, 0, 0, 1])
Episode: 83; Score: [-3.95594509]; Action: ([0.31, 0.0, 0.96, 0.76, 1.94], [0, 0, 0, 0, 1])
Episode: 84; Score: [-3.20155541]; Action: ([1.5, 0.75, 1.76, 0.17, 1.87], [0, 0, 1, 0, 1])
Episode: 85; Score: [-2.07631996]; Action: ([0.19, 1.61, 1.02, 0.71, 0.65], [0, 0, 0, 0, 0])
Episode: 86; Score: [-4.88886855]; Action: ([0.47, 0.96, 1.51, 1.83, 0.11], [0, 0, 0, 1, 0])
Episode: 87; Score: [-5.81514591]; Action: ([0.0, 1.77, 0.33, 0.9, 1.72], [0, 1, 0, 0, 1])
Episode: 88; Score: [-2.84629966]; Action: ([0.15, 0.77, 0.52, 0.51, 0.2], [0, 0, 0, 0, 0])
Episode: 89; Score: [-4.73254799]; Action: ([1.67, 0.65, 0.55, 1.13, 0.27], [1, 0, 0, 0, 0])
Episode: 90; Score: [-4.57326826]; Action: ([0.75, 1.58, 0.58, 0.39, 1.27], [0, 0, 0, 0, 0])
Episode: 91; Score: [-4.07622268]; Action: ([0.6, 1.99, 0.0, 0.7, 0.78], [0, 1, 0, 0, 0])
Episode: 92; Score: [-5.47124092]; Action: ([0.51, 1.74, 2.0, 0.24, 0.98], [0, 1, 1, 0, 0])
Episode: 93; Score: [-3.91001685]; Action: ([2.0, 1.54, 0.18, 1.05, 0.4], [1, 0, 0, 0, 0])
Episode: 94; Score: [-5.0653495]; Action: ([1.33, 0.59, 1.88, 0.19, 1.06], [0, 0, 1, 0, 0])
Episode: 95; Score: [-4.2707928]; Action: ([0.87, 1.43, 1.46, 1.6, 0.15], [0, 0, 0, 0, 0])
Episode: 96; Score: [-5.1748833]; Action: ([1.31, 0.34, 0.53, 0.63, 0.02], [0, 0, 0, 0, 0])
Episode: 97; Score: [-4.4988328]; Action: ([0.86, 1.8, 0.37, 0.48, 1.58], [0, 1, 0, 0, 0])
Episode: 98; Score: [-6.35616365]; Action: ([1.89, 0.91, 0.25, 1.74, 1.57], [1, 0, 0, 1, 0])
Episode: 99; Score: [-3.53886198]; Action: ([1.52, 0.19, 1.37, 1.41, 0.71], [0, 0, 0, 0, 0])
Episode: 100; Score: [-3.88223685]; Action: ([0.44, 1.16, 0.88, 1.52, 1.43], [0, 0, 0, 0, 0])
Episode: 101; Score: [-5.6909975]; Action: ([0.22, 0.91, 0.35, 0.62, 0.21], [0, 0, 0, 0, 0])
Episode: 102; Score: [-7.31282242]; Action: ([1.26, 2.0, 1.69, 0.5, 1.86], [0, 1, 1, 0, 1])
Episode: 103; Score: [-5.49562923]; Action: ([0.69, 0.86, 0.0, 0.39, 1.56], [0, 0, 0, 0, 0])
Episode: 104; Score: [-5.07419788]; Action: ([0.43, 0.15, 0.89, 0.55, 1.91], [0, 0, 0, 0, 1])
Episode: 105; Score: [-2.3392534]; Action: ([0.19, 0.87, 0.12, 0.98, 1.5], [0, 0, 0, 0, 0])
Episode: 106; Score: [-4.09317644]; Action: ([1.9, 1.21, 0.84, 0.0, 1.38], [1, 0, 0, 0, 0])
Episode: 107; Score: [-4.72665117]; Action: ([1.03, 0.09, 2.0, 1.37, 0.78], [0, 0, 1, 0, 0])
Episode: 108; Score: [-2.15673312]; Action: ([0.3, 0.55, 1.5, 1.41, 1.1], [0, 0, 0, 0, 0])
Episode: 109; Score: [-6.24518569]; Action: ([1.54, 1.45, 0.8, 1.18, 1.27], [0, 0, 0, 0, 0])
Episode: 110; Score: [-6.84620656]; Action: ([1.23, 1.6, 1.28, 1.64, 1.09], [0, 0, 0, 0, 0])
Episode: 111; Score: [-5.42832784]; Action: ([1.3, 0.14, 0.08, 0.25, 0.81], [0, 0, 0, 0, 0])
Episode: 112; Score: [-4.89365842]; Action: ([0.82, 1.06, 0.02, 1.83, 0.5], [0, 0, 0, 1, 0])
Episode: 113; Score: [-3.38144179]; Action: ([0.87, 1.59, 1.01, 1.41, 0.94], [0, 0, 0, 0, 0])
Episode: 114; Score: [-1.73526317]; Action: ([1.14, 1.13, 1.42, 1.73, 1.32], [0, 0, 0, 1, 0])
Episode: 115; Score: [-4.42300272]; Action: ([1.47, 1.87, 1.25, 0.78, 0.94], [0, 1, 0, 0, 0])
Episode: 116; Score: [-2.3954478]; Action: ([1.29, 0.83, 0.38, 1.76, 1.56], [0, 0, 0, 1, 0])
Episode: 117; Score: [-5.48680606]; Action: ([0.18, 0.28, 1.63, 0.5, 0.92], [0, 0, 0, 0, 0])
Episode: 118; Score: [-2.06593639]; Action: ([1.95, 0.2, 1.24, 1.13, 1.89], [1, 0, 0, 0, 1])
Episode: 119; Score: [-2.14060522]; Action: ([1.44, 1.45, 1.77, 1.38, 1.11], [0, 0, 1, 0, 0])
Episode: 120; Score: [-4.07101296]; Action: ([1.83, 1.88, 1.9, 0.44, 1.44], [1, 1, 1, 0, 0])
Episode: 121; Score: [-4.41925423]; Action: ([1.02, 1.38, 0.0, 1.57, 1.38], [0, 0, 0, 0, 0])
Episode: 122; Score: [-6.37574885]; Action: ([0.85, 0.87, 1.66, 1.41, 1.59], [0, 0, 0, 0, 0])
Episode: 123; Score: [-5.72586875]; Action: ([0.4, 0.7, 1.21, 0.22, 0.73], [0, 0, 0, 0, 0])
Episode: 124; Score: [-2.98245871]; Action: ([1.99, 1.26, 1.68, 1.36, 0.24], [1, 0, 1, 0, 0])
Episode: 125; Score: [-4.39225693]; Action: ([0.36, 1.72, 0.56, 0.81, 1.6], [0, 1, 0, 0, 0])
Episode: 126; Score: [-2.09936304]; Action: ([1.61, 1.31, 1.29, 0.89, 1.78], [0, 0, 0, 0, 1])
Episode: 127; Score: [-5.48044345]; Action: ([1.41, 1.99, 0.77, 0.94, 0.37], [0, 1, 0, 0, 0])
Episode: 128; Score: [-3.45736246]; Action: ([1.14, 1.24, 1.6, 1.56, 0.68], [0, 0, 0, 0, 0])
Episode: 129; Score: [-4.85882281]; Action: ([1.6, 1.76, 1.29, 0.02, 1.0], [0, 1, 0, 0, 0])
Episode: 130; Score: [-5.55448268]; Action: ([0.53, 1.67, 0.98, 0.71, 1.67], [0, 1, 0, 0, 0])
Episode: 131; Score: [-3.80467256]; Action: ([1.84, 0.38, 0.33, 0.85, 0.4], [1, 0, 0, 0, 0])
Episode: 132; Score: [-4.46115174]; Action: ([1.23, 1.26, 0.54, 1.84, 0.18], [0, 0, 0, 1, 0])
Episode: 133; Score: [-4.57129652]; Action: ([0.0, 1.19, 0.99, 1.27, 0.36], [0, 0, 0, 0, 0])
Episode: 134; Score: [-2.6682464]; Action: ([0.19, 1.61, 1.0, 0.06, 0.7], [0, 0, 0, 0, 0])
Episode: 135; Score: [-4.90055657]; Action: ([0.1, 1.09, 0.76, 1.81, 1.14], [0, 0, 0, 1, 0])
Episode: 136; Score: [-5.29394785]; Action: ([0.24, 1.72, 1.28, 1.32, 0.59], [0, 1, 0, 0, 0])
Episode: 137; Score: [-5.43419374]; Action: ([0.8, 0.82, 1.37, 0.66, 1.79], [0, 0, 0, 0, 1])
Episode: 138; Score: [-1.79654727]; Action: ([1.37, 1.28, 1.07, 1.39, 1.67], [0, 0, 0, 0, 1])
Episode: 139; Score: [-7.09696712]; Action: ([0.91, 1.79, 1.57, 0.83, 2.0], [0, 1, 0, 0, 1])
Episode: 140; Score: [-3.77742862]; Action: ([0.34, 0.9, 1.56, 1.77, 0.65], [0, 0, 0, 1, 0])
Episode: 141; Score: [-4.90281926]; Action: ([1.63, 1.3, 0.42, 0.23, 1.11], [0, 0, 0, 0, 0])
Episode: 142; Score: [-2.0831621]; Action: ([1.99, 0.81, 1.05, 0.45, 1.3], [1, 0, 0, 0, 0])
Episode: 143; Score: [-3.77229988]; Action: ([0.15, 0.0, 0.54, 1.74, 1.72], [0, 0, 0, 1, 1])
Episode: 144; Score: [-2.17906655]; Action: ([1.58, 1.44, 1.09, 0.27, 0.66], [0, 0, 0, 0, 0])
Episode: 145; Score: [-3.06558057]; Action: ([1.82, 0.44, 1.8, 1.11, 0.22], [1, 0, 1, 0, 0])
Episode: 146; Score: [-3.7396215]; Action: ([1.49, 0.79, 0.79, 0.72, 1.46], [0, 0, 0, 0, 0])
Episode: 147; Score: [-2.15054476]; Action: ([1.85, 1.48, 1.21, 0.96, 0.43], [1, 0, 0, 0, 0])
Episode: 148; Score: [-2.63930955]; Action: ([0.07, 1.72, 1.85, 1.0, 0.87], [0, 1, 1, 0, 0])
Episode: 149; Score: [-1.98960153]; Action: ([1.85, 0.49, 0.97, 1.31, 1.39], [1, 0, 0, 0, 0])
Episode: 150; Score: [-3.36548358]; Action: ([1.24, 1.21, 0.6, 0.5, 1.51], [0, 0, 0, 0, 0])
Episode: 151; Score: [-4.73051979]; Action: ([0.49, 0.37, 1.74, 1.15, 0.99], [0, 0, 1, 0, 0])
Episode: 152; Score: [-2.29621466]; Action: ([0.91, 1.17, 1.59, 0.51, 0.05], [0, 0, 0, 0, 0])
Episode: 153; Score: [-2.42587475]; Action: ([0.63, 0.4, 1.42, 1.49, 0.45], [0, 0, 0, 0, 0])
Episode: 154; Score: [-4.54716761]; Action: ([0.4, 0.1, 0.93, 1.89, 0.14], [0, 0, 0, 1, 0])
Episode: 155; Score: [-5.11948599]; Action: ([1.75, 0.99, 0.17, 1.2, 1.01], [1, 0, 0, 0, 0])
Episode: 156; Score: [-3.41672413]; Action: ([0.44, 1.7, 0.96, 0.27, 0.05], [0, 1, 0, 0, 0])
Episode: 157; Score: [-5.45231203]; Action: ([2.0, 1.12, 0.35, 0.38, 1.61], [1, 0, 0, 0, 0])
Episode: 158; Score: [-2.28685334]; Action: ([0.98, 1.74, 1.66, 1.07, 1.79], [0, 1, 0, 0, 1])
Episode: 159; Score: [-2.52727758]; Action: ([0.97, 0.56, 1.5, 1.52, 1.92], [0, 0, 0, 0, 1])
Episode: 160; Score: [-3.21258782]; Action: ([1.58, 1.73, 1.32, 1.57, 1.04], [0, 1, 0, 0, 0])
Episode: 161; Score: [-6.19559111]; Action: ([1.14, 0.78, 1.11, 1.87, 1.29], [0, 0, 0, 1, 0])
Episode: 162; Score: [-2.59880123]; Action: ([1.42, 1.55, 0.21, 1.08, 1.76], [0, 0, 0, 0, 1])
