Episode: 0; Score: -6.088345892727375; Action: ([2.0, 1.12, 1.04, 0.09, 1.84], [2, 1, 1, 0, 2])
Episode: 1; Score: -3.939585044980049; Action: ([1.88, 0.86, 0.06, 2.0, 1.97], [2, 1, 0, 2, 2])
Episode: 2; Score: -5.814246598631144; Action: ([0.98, 0.03, 2.0, 1.95, 0.85], [1, 0, 2, 2, 1])
Episode: 3; Score: -3.149886652827263; Action: ([0.0, 0.88, 1.09, 1.12, 0.06], [0, 1, 1, 1, 0])
Episode: 4; Score: -2.1651005186140537; Action: ([2.0, 0.95, 0.89, 0.11, 1.89], [2, 1, 1, 0, 2])
Episode: 5; Score: -1.0068674399517477; Action: ([2.0, 1.01, 0.0, 2.0, 2.0], [2, 1, 0, 2, 2])
Episode: 6; Score: -5.809596858918667; Action: ([1.02, 0.0, 1.92, 1.84, 1.02], [1, 0, 2, 2, 1])
Episode: 7; Score: -6.033791655674577; Action: ([0.09, 0.98, 0.84, 1.03, 0.02], [0, 1, 1, 1, 0])
Episode: 8; Score: -5.843255642801523; Action: ([1.99, 0.95, 0.97, 0.07, 1.86], [2, 1, 1, 0, 2])
Episode: 9; Score: -0.9661739468574524; Action: ([2.0, 1.06, 0.21, 2.0, 1.89], [2, 1, 0, 2, 2])
Episode: 10; Score: -3.845268599689007; Action: ([0.99, 0.0, 2.0, 2.0, 1.16], [1, 0, 2, 2, 1])
Episode: 11; Score: -3.009876783937216; Action: ([0.04, 0.86, 1.04, 1.06, 0.0], [0, 1, 1, 1, 0])
Episode: 12; Score: -5.783992018550634; Action: ([1.96, 0.9, 0.96, 0.0, 1.97], [2, 1, 1, 0, 2])
Episode: 13; Score: -1.236402690410614; Action: ([1.92, 1.02, 0.0, 1.87, 2.0], [2, 1, 0, 2, 2])
Episode: 14; Score: -2.900148492306471; Action: ([1.13, 0.27, 1.99, 2.0, 0.94], [1, 0, 2, 2, 1])
Episode: 15; Score: -5.976911125704646; Action: ([0.0, 1.02, 0.99, 1.06, 0.0], [0, 1, 1, 1, 0])
Episode: 16; Score: -5.7611328810453415; Action: ([1.94, 0.71, 0.89, 0.22, 2.0], [2, 1, 1, 0, 2])
Episode: 17; Score: -4.014739810489118; Action: ([2.0, 1.01, 0.0, 2.0, 2.0], [2, 1, 0, 2, 2])
Episode: 18; Score: -6.0597497812705114; Action: ([1.0, 0.11, 1.96, 1.96, 1.03], [1, 0, 2, 2, 1])
Episode: 19; Score: -4.784811042249203; Action: ([0.0, 0.93, 1.07, 1.23, 0.12], [0, 1, 1, 1, 0])
Episode: 20; Score: -3.0614237412810326; Action: ([1.91, 0.96, 0.89, 0.0, 2.0], [2, 1, 1, 0, 2])
Episode: 21; Score: -3.9792118333280087; Action: ([1.96, 1.05, 0.0, 1.98, 1.99], [2, 1, 0, 2, 2])
Episode: 22; Score: -3.950895130634308; Action: ([1.14, 0.04, 1.91, 1.87, 0.91], [1, 0, 2, 2, 1])
Episode: 23; Score: -2.2242762446403503; Action: ([0.08, 0.89, 1.13, 0.88, 0.05], [0, 1, 1, 1, 0])
Episode: 24; Score: -6.103963129222393; Action: ([1.83, 1.03, 1.08, 0.16, 2.0], [2, 1, 1, 0, 2])
Episode: 25; Score: -6.820503115653992; Action: ([1.9, 0.98, 0.0, 2.0, 1.95], [2, 1, 0, 2, 2])
Episode: 26; Score: -2.934109713882208; Action: ([1.07, 0.0, 2.0, 1.98, 1.01], [1, 0, 2, 2, 1])
Episode: 27; Score: -5.063990097027272; Action: ([0.03, 1.0, 1.09, 0.99, 0.01], [0, 1, 1, 1, 0])
Episode: 28; Score: -2.2448323918506503; Action: ([1.92, 0.99, 1.15, 0.0, 2.0], [2, 1, 1, 0, 2])
Episode: 29; Score: -6.992767687886953; Action: ([1.95, 0.94, 0.1, 2.0, 2.0], [2, 1, 0, 2, 2])
Episode: 30; Score: -3.0578244291245937; Action: ([0.85, 0.0, 1.88, 2.0, 1.03], [1, 0, 2, 2, 1])
Episode: 31; Score: -3.108378137461841; Action: ([0.0, 0.97, 0.98, 1.01, 0.15], [0, 1, 1, 1, 0])
Episode: 32; Score: -2.213696800172329; Action: ([1.92, 0.94, 1.05, 0.07, 1.91], [2, 1, 1, 0, 2])
Episode: 33; Score: -4.12083999812603; Action: ([2.0, 0.8, 0.0, 1.98, 1.95], [2, 1, 0, 2, 2])
Episode: 34; Score: -3.086069599725306; Action: ([0.81, 0.05, 2.0, 1.93, 1.0], [1, 0, 2, 2, 1])
Episode: 35; Score: -2.1592068523168564; Action: ([0.0, 1.04, 0.92, 1.1, 0.06], [0, 1, 1, 1, 0])
Episode: 36; Score: -3.087952308356762; Action: ([2.0, 0.95, 1.21, 0.17, 2.0], [2, 1, 1, 0, 2])
Episode: 37; Score: -2.290053591132164; Action: ([2.0, 0.84, 0.0, 1.87, 2.0], [2, 1, 0, 2, 2])
Episode: 38; Score: -5.932029684074223; Action: ([0.92, 0.0, 2.0, 2.0, 1.01], [1, 0, 2, 2, 1])
Episode: 39; Score: -2.2151315435767174; Action: ([0.0, 0.98, 1.11, 0.92, 0.0], [0, 1, 1, 1, 0])
Episode: 40; Score: -1.9677786314859986; Action: ([1.97, 0.98, 0.99, 0.09, 2.0], [2, 1, 1, 0, 2])
Episode: 41; Score: -6.9347900077700615; Action: ([2.0, 0.93, 0.0, 2.0, 2.0], [2, 1, 0, 2, 2])
Episode: 42; Score: -2.906060788780451; Action: ([1.05, 0.0, 1.91, 2.0, 1.12], [1, 0, 2, 2, 1])
Episode: 43; Score: -5.131162233650684; Action: ([0.0, 1.2, 1.08, 1.11, 0.04], [0, 1, 1, 1, 0])
Episode: 44; Score: -6.119451753795147; Action: ([2.0, 1.18, 0.94, 0.0, 2.0], [2, 1, 1, 0, 2])
Episode: 45; Score: -7.0199622213840485; Action: ([2.0, 1.07, 0.0, 2.0, 1.95], [2, 1, 0, 2, 2])
Episode: 46; Score: -2.9065482411533594; Action: ([1.03, 0.06, 2.0, 1.93, 1.07], [1, 0, 2, 2, 1])
Episode: 47; Score: -2.3803440555930138; Action: ([0.0, 0.94, 0.75, 0.92, 0.02], [0, 1, 1, 1, 0])
Episode: 48; Score: -3.155545011162758; Action: ([1.84, 0.91, 1.09, 0.0, 2.0], [2, 1, 1, 0, 2])
Episode: 49; Score: -0.940743088722229; Action: ([2.0, 0.96, 0.1, 2.0, 2.0], [2, 1, 0, 2, 2])
Episode: 50; Score: -6.1203087866306305; Action: ([1.04, 0.06, 2.0, 2.0, 1.02], [1, 0, 2, 2, 1])
Episode: 51; Score: -5.189491057768464; Action: ([0.0, 0.94, 1.02, 0.89, 0.0], [0, 1, 1, 1, 0])
Episode: 52; Score: -3.086132515221834; Action: ([2.0, 0.95, 1.04, 0.0, 2.0], [2, 1, 1, 0, 2])
Episode: 53; Score: -1.4009044542908669; Action: ([1.87, 0.92, 0.0, 1.91, 1.9], [2, 1, 0, 2, 2])
Episode: 54; Score: -3.757205404341221; Action: ([1.1, 0.0, 1.97, 1.97, 1.14], [1, 0, 2, 2, 1])
Episode: 55; Score: -2.177327445242554; Action: ([0.0, 1.01, 0.96, 1.13, 0.0], [0, 1, 1, 1, 0])
Episode: 56; Score: -6.194089867174625; Action: ([2.0, 0.95, 1.07, 0.17, 2.0], [2, 1, 1, 0, 2])
Episode: 57; Score: -7.100691080093384; Action: ([2.0, 1.13, 0.0, 2.0, 1.96], [2, 1, 0, 2, 2])
Episode: 58; Score: -4.089673554524779; Action: ([1.07, 0.0, 2.0, 1.82, 1.02], [1, 0, 2, 2, 1])
Episode: 59; Score: -3.249120892956853; Action: ([0.22, 0.95, 0.99, 1.09, 0.0], [0, 1, 1, 1, 0])
Episode: 60; Score: -2.911265801638365; Action: ([1.8, 1.03, 0.89, 0.0, 1.97], [2, 1, 1, 0, 2])
Episode: 61; Score: -1.1519538536667824; Action: ([2.0, 0.88, 0.03, 1.93, 2.0], [2, 1, 0, 2, 2])
Episode: 62; Score: -2.985015820711851; Action: ([0.95, 0.04, 2.0, 1.94, 1.09], [1, 0, 2, 2, 1])
Episode: 63; Score: -6.429708331823349; Action: ([0.0, 0.93, 0.88, 0.75, 0.0], [0, 1, 1, 1, 0])
Episode: 64; Score: -2.046937922015786; Action: ([2.0, 1.04, 1.01, 0.0, 2.0], [2, 1, 1, 0, 2])
Episode: 65; Score: -7.034341748803854; Action: ([2.0, 1.06, 0.0, 2.0, 1.98], [2, 1, 0, 2, 2])
Episode: 66; Score: -5.730231076478958; Action: ([1.11, 0.0, 1.77, 1.92, 0.92], [1, 0, 2, 2, 1])
Episode: 67; Score: -5.92118725925684; Action: ([0.05, 0.95, 1.15, 0.93, 0.0], [0, 1, 1, 1, 0])
Episode: 68; Score: -6.235223405063152; Action: ([2.0, 1.11, 1.16, 0.07, 1.89], [2, 1, 1, 0, 2])
Episode: 69; Score: -3.868021722882986; Action: ([2.0, 0.97, 0.16, 2.0, 2.0], [2, 1, 0, 2, 2])
Episode: 70; Score: -2.99344165623188; Action: ([0.85, 0.15, 2.0, 1.93, 1.07], [1, 0, 2, 2, 1])
Episode: 71; Score: -3.011428347788751; Action: ([0.08, 0.98, 0.99, 0.96, 0.0], [0, 1, 1, 1, 0])
Episode: 72; Score: -5.7861861027777195; Action: ([2.0, 0.94, 0.82, 0.02, 2.0], [2, 1, 1, 0, 2])
Episode: 73; Score: -7.17752069234848; Action: ([2.0, 1.16, 0.02, 2.0, 2.0], [2, 1, 0, 2, 2])
Episode: 74; Score: -3.8601554445922375; Action: ([0.94, 0.0, 2.0, 1.98, 1.21], [1, 0, 2, 2, 1])
Episode: 75; Score: -5.710004672408104; Action: ([0.04, 1.13, 1.1, 1.2, 0.08], [0, 1, 1, 1, 0])
Episode: 76; Score: -3.2922394797205925; Action: ([2.0, 1.08, 0.86, 0.12, 1.8], [2, 1, 1, 0, 2])
Episode: 77; Score: -4.061948046088219; Action: ([2.0, 0.87, 0.0, 2.0, 1.94], [2, 1, 0, 2, 2])
Episode: 78; Score: -2.877461414784193; Action: ([0.95, 0.0, 1.93, 1.8, 0.91], [1, 0, 2, 2, 1])
Episode: 79; Score: -5.462655896320939; Action: ([0.05, 1.24, 1.26, 0.99, 0.0], [0, 1, 1, 1, 0])
Episode: 80; Score: -2.1074138041585684; Action: ([1.98, 0.94, 0.97, 0.0, 2.0], [2, 1, 1, 0, 2])
Episode: 81; Score: -6.937170704826713; Action: ([2.0, 1.02, 0.0, 1.97, 1.95], [2, 1, 0, 2, 2])
Episode: 82; Score: -2.886572789400816; Action: ([1.11, 0.0, 1.97, 2.0, 1.04], [1, 0, 2, 2, 1])
Episode: 83; Score: -5.333121120929718; Action: ([0.05, 1.08, 1.07, 0.77, 0.0], [0, 1, 1, 1, 0])
Episode: 84; Score: -2.127658396959305; Action: ([2.0, 1.12, 1.08, 0.07, 2.0], [2, 1, 1, 0, 2])
Episode: 85; Score: -2.084812333807349; Action: ([2.0, 0.98, 0.0, 2.0, 1.93], [2, 1, 0, 2, 2])
Episode: 86; Score: -3.3903527967631817; Action: ([0.94, 0.0, 1.94, 2.0, 0.73], [1, 0, 2, 2, 1])
Episode: 87; Score: -5.0556403789669275; Action: ([0.09, 1.04, 1.1, 0.99, 0.0], [0, 1, 1, 1, 0])
Episode: 88; Score: -1.9968208819627762; Action: ([2.0, 0.94, 1.07, 0.15, 1.99], [2, 1, 1, 0, 2])
Episode: 89; Score: -6.9244886338710785; Action: ([1.82, 1.14, 0.0, 1.99, 1.97], [2, 1, 0, 2, 2])
Episode: 90; Score: -5.973763160407543; Action: ([0.93, 0.03, 1.97, 1.95, 1.09], [1, 0, 2, 2, 1])
Episode: 91; Score: -2.2322001308202744; Action: ([0.0, 0.91, 0.9, 1.04, 0.0], [0, 1, 1, 1, 0])
Episode: 92; Score: -2.878538891673088; Action: ([1.91, 1.07, 0.96, 0.0, 1.86], [2, 1, 1, 0, 2])
Episode: 93; Score: -6.995479539036751; Action: ([2.0, 0.8, 0.2, 2.0, 2.0], [2, 1, 0, 2, 2])
Episode: 94; Score: -3.0972594656050205; Action: ([0.87, 0.04, 1.96, 2.0, 1.05], [1, 0, 2, 2, 1])
Episode: 95; Score: -4.878615594774601; Action: ([0.0, 1.0, 0.99, 1.13, 0.0], [0, 1, 1, 1, 0])
Episode: 96; Score: -2.331869483925402; Action: ([2.0, 0.98, 0.99, 0.0, 1.69], [2, 1, 1, 0, 2])
Episode: 97; Score: -6.8036060109734535; Action: ([1.92, 0.88, 0.0, 2.0, 2.0], [2, 1, 0, 2, 2])
Episode: 98; Score: -3.0171349551528692; Action: ([1.07, 0.08, 2.0, 2.0, 1.03], [1, 0, 2, 2, 1])
Episode: 99; Score: -2.8488796912133694; Action: ([0.01, 0.92, 0.98, 0.94, 0.0], [0, 1, 1, 1, 0])
