Episode: 0; Score: -5.880212269723415; Action: ([2.0, 1.08, 0.86, 0.0, 1.93], [2, 1, 1, 0, 2])
Episode: 1; Score: -3.969337954185903; Action: ([2.0, 1.01, 0.0, 2.0, 1.96], [2, 1, 0, 2, 2])
Episode: 2; Score: -6.026424065232277; Action: ([1.24, 0.0, 2.0, 2.0, 0.79], [1, 0, 2, 2, 1])
Episode: 3; Score: -2.2922901026904583; Action: ([0.01, 0.79, 0.92, 0.94, 0.05], [0, 1, 1, 1, 0])
Episode: 4; Score: -6.155184768140316; Action: ([2.0, 1.11, 1.1, 0.0, 1.95], [2, 1, 1, 0, 2])
Episode: 5; Score: -1.1376002803444862; Action: ([1.97, 1.1, 0.0, 2.0, 2.0], [2, 1, 0, 2, 2])
Episode: 6; Score: -6.150833010673523; Action: ([0.95, 0.0, 2.0, 2.0, 1.2], [1, 0, 2, 2, 1])
Episode: 7; Score: -2.296447679400444; Action: ([0.0, 1.04, 0.8, 1.06, 0.0], [0, 1, 1, 1, 0])
Episode: 8; Score: -3.096691608428955; Action: ([2.0, 0.9, 0.94, 0.06, 2.0], [2, 1, 1, 0, 2])
Episode: 9; Score: -6.7026649713516235; Action: ([2.0, 0.88, 0.0, 1.87, 1.95], [2, 1, 0, 2, 2])
Episode: 10; Score: -3.899267563596368; Action: ([1.11, 0.05, 2.0, 1.92, 1.03], [1, 0, 2, 2, 1])
Episode: 11; Score: -2.075999267399311; Action: ([0.0, 0.95, 0.99, 0.98, 0.0], [0, 1, 1, 1, 0])
Episode: 12; Score: -3.190757095813751; Action: ([2.0, 0.91, 0.89, 0.02, 2.0], [2, 1, 1, 0, 2])
Episode: 13; Score: -1.2667889073491096; Action: ([2.0, 0.91, 0.07, 1.91, 1.84], [2, 1, 0, 2, 2])
Episode: 14; Score: -3.69754146784544; Action: ([1.12, 0.0, 1.92, 1.98, 1.12], [1, 0, 2, 2, 1])
Episode: 15; Score: -5.86823395639658; Action: ([0.03, 1.03, 1.05, 1.04, 0.04], [0, 1, 1, 1, 0])
Episode: 16; Score: -2.2789349295198917; Action: ([1.8, 1.03, 0.95, 0.0, 2.0], [2, 1, 1, 0, 2])
Episode: 17; Score: -1.0270203649997711; Action: ([2.0, 1.04, 0.03, 1.98, 2.0], [2, 1, 0, 2, 2])
Episode: 18; Score: -3.807318691164255; Action: ([1.15, 0.0, 2.0, 2.0, 1.05], [1, 0, 2, 2, 1])
Episode: 19; Score: -5.359280616044998; Action: ([0.03, 0.89, 0.81, 0.88, 0.03], [0, 1, 1, 1, 0])
Episode: 20; Score: -2.822546038776636; Action: ([1.75, 0.99, 0.91, 0.0, 1.98], [2, 1, 1, 0, 2])
Episode: 21; Score: -1.361755594611168; Action: ([1.92, 1.13, 0.01, 2.0, 1.84], [2, 1, 0, 2, 2])
Episode: 22; Score: -3.8389137908816338; Action: ([0.94, 0.0, 1.88, 2.0, 1.1], [1, 0, 2, 2, 1])
Episode: 23; Score: -5.1488446574658155; Action: ([0.0, 1.25, 0.97, 1.07, 0.05], [0, 1, 1, 1, 0])
Episode: 24; Score: -2.2384324930608273; Action: ([2.0, 0.82, 1.03, 0.0, 1.97], [2, 1, 1, 0, 2])
Episode: 25; Score: -2.269098773598671; Action: ([1.9, 1.1, 0.0, 2.0, 1.94], [2, 1, 0, 2, 2])
Episode: 26; Score: -3.9149352684617043; Action: ([0.92, 0.1, 2.0, 2.0, 1.07], [1, 0, 2, 2, 1])
Episode: 27; Score: -5.122709591581952; Action: ([0.0, 0.93, 1.0, 0.95, 0.0], [0, 1, 1, 1, 0])
Episode: 28; Score: -2.974416684359312; Action: ([2.0, 1.05, 1.06, 0.0, 1.87], [2, 1, 1, 0, 2])
Episode: 29; Score: -1.019362933933735; Action: ([2.0, 0.92, 0.1, 1.97, 1.99], [2, 1, 0, 2, 2])
Episode: 30; Score: -3.866118475794792; Action: ([1.19, 0.0, 2.0, 1.88, 1.07], [1, 0, 2, 2, 1])
Episode: 31; Score: -5.85887685790658; Action: ([0.0, 0.99, 1.01, 1.01, 0.13], [0, 1, 1, 1, 0])
Episode: 32; Score: -2.1388810984790325; Action: ([1.9, 1.05, 1.06, 0.08, 1.98], [2, 1, 1, 0, 2])
Episode: 33; Score: -1.1600548550486565; Action: ([1.95, 1.05, 0.0, 1.94, 2.0], [2, 1, 0, 2, 2])
Episode: 34; Score: -3.302211780101061; Action: ([0.71, 0.0, 2.0, 2.0, 0.98], [1, 0, 2, 2, 1])
Episode: 35; Score: -4.904820619150996; Action: ([0.1, 0.98, 0.95, 1.06, 0.0], [0, 1, 1, 1, 0])
Episode: 36; Score: -3.0488623585551977; Action: ([1.91, 0.98, 0.88, 0.0, 2.0], [2, 1, 1, 0, 2])
Episode: 37; Score: -7.048746339976788; Action: ([2.0, 1.04, 0.0, 2.0, 2.0], [2, 1, 0, 2, 2])
Episode: 38; Score: -3.204281747341156; Action: ([0.89, 0.02, 1.91, 1.93, 1.04], [1, 0, 2, 2, 1])
Episode: 39; Score: -2.907747215591371; Action: ([0.0, 1.04, 0.86, 1.01, 0.0], [0, 1, 1, 1, 0])
Episode: 40; Score: -3.359118200838566; Action: ([1.87, 0.9, 0.88, 0.0, 2.0], [2, 1, 1, 0, 2])
Episode: 41; Score: -6.996707528829575; Action: ([2.0, 1.24, 0.05, 1.71, 2.0], [2, 1, 0, 2, 2])
Episode: 42; Score: -3.91298168618232; Action: ([0.96, 0.0, 1.84, 1.96, 1.0], [1, 0, 2, 2, 1])
Episode: 43; Score: -5.123599737882614; Action: ([0.0, 0.87, 1.17, 1.16, 0.01], [0, 1, 1, 1, 0])
Episode: 44; Score: -3.0280188359320164; Action: ([1.97, 1.08, 0.94, 0.15, 1.98], [2, 1, 1, 0, 2])
Episode: 45; Score: -1.094559708610177; Action: ([1.88, 0.98, 0.04, 2.0, 2.0], [2, 1, 0, 2, 2])
Episode: 46; Score: -2.9865090548992157; Action: ([1.06, 0.0, 1.85, 2.0, 1.1], [1, 0, 2, 2, 1])
Episode: 47; Score: -5.218920931220055; Action: ([0.0, 1.12, 0.88, 0.88, 0.13], [0, 1, 1, 1, 0])
Episode: 48; Score: -3.1829390823841095; Action: ([1.96, 0.91, 0.87, 0.0, 2.0], [2, 1, 1, 0, 2])
Episode: 49; Score: -3.6233280934393406; Action: ([2.0, 0.95, 0.22, 1.8, 1.99], [2, 1, 0, 2, 2])
Episode: 50; Score: -3.905187249183655; Action: ([1.12, 0.04, 2.0, 1.98, 0.96], [1, 0, 2, 2, 1])
Episode: 51; Score: -2.3645762130618095; Action: ([0.01, 0.91, 0.79, 1.13, 0.05], [0, 1, 1, 1, 0])
Episode: 52; Score: -5.999111423268914; Action: ([2.0, 0.96, 1.03, 0.02, 2.0], [2, 1, 1, 0, 2])
Episode: 53; Score: -3.8227117909118533; Action: ([1.89, 0.99, 0.0, 1.92, 2.0], [2, 1, 0, 2, 2])
Episode: 54; Score: -5.907470696605742; Action: ([1.03, 0.0, 1.94, 1.95, 0.99], [1, 0, 2, 2, 1])
Episode: 55; Score: -6.193878214806318; Action: ([0.0, 0.89, 0.87, 0.96, 0.09], [0, 1, 1, 1, 0])
Episode: 56; Score: -2.9810555297881365; Action: ([2.0, 0.98, 1.12, 0.0, 1.93], [2, 1, 1, 0, 2])
Episode: 57; Score: -1.005257649347186; Action: ([2.0, 0.98, 0.08, 1.93, 2.0], [2, 1, 0, 2, 2])
Episode: 58; Score: -6.055517420172691; Action: ([0.92, 0.19, 1.99, 2.0, 0.96], [1, 0, 2, 2, 1])
Episode: 59; Score: -6.074503810144961; Action: ([0.0, 0.91, 1.02, 0.99, 0.0], [0, 1, 1, 1, 0])
Episode: 60; Score: -3.0862024184316397; Action: ([2.0, 0.97, 0.94, 0.0, 2.0], [2, 1, 1, 0, 2])
Episode: 61; Score: -4.111682742834091; Action: ([2.0, 1.17, 0.0, 1.94, 2.0], [2, 1, 0, 2, 2])
Episode: 62; Score: -3.044086036272347; Action: ([1.0, 0.0, 2.0, 1.98, 0.98], [1, 0, 2, 2, 1])
Episode: 63; Score: -2.154018849134445; Action: ([0.06, 1.13, 1.05, 0.97, 0.0], [0, 1, 1, 1, 0])
Episode: 64; Score: -2.77364644408226; Action: ([2.0, 0.96, 0.97, 0.15, 1.85], [2, 1, 1, 0, 2])
Episode: 65; Score: -3.881725177168846; Action: ([2.0, 1.07, 0.19, 2.0, 2.0], [2, 1, 0, 2, 2])
Episode: 66; Score: -4.1818293035030365; Action: ([0.97, 0.0, 2.0, 1.9, 0.95], [1, 0, 2, 2, 1])
Episode: 67; Score: -6.168530955910683; Action: ([0.04, 1.13, 0.94, 0.98, 0.0], [0, 1, 1, 1, 0])
Episode: 68; Score: -3.0054373368620872; Action: ([2.0, 0.97, 0.93, 0.03, 1.94], [2, 1, 1, 0, 2])
Episode: 69; Score: -2.3731590658426285; Action: ([1.84, 0.9, 0.0, 1.88, 2.0], [2, 1, 0, 2, 2])
Episode: 70; Score: -2.8355907006189227; Action: ([1.01, 0.2, 2.0, 1.93, 1.03], [1, 0, 2, 2, 1])
Episode: 71; Score: -5.105545232072473; Action: ([0.0, 1.03, 1.01, 0.91, 0.03], [0, 1, 1, 1, 0])
Episode: 72; Score: -6.055556811392307; Action: ([2.0, 1.12, 0.94, 0.08, 1.91], [2, 1, 1, 0, 2])
Episode: 73; Score: -2.0196652226150036; Action: ([2.0, 1.04, 0.05, 1.97, 2.0], [2, 1, 0, 2, 2])
Episode: 74; Score: -5.805367436259985; Action: ([1.04, 0.0, 1.91, 1.88, 0.97], [1, 0, 2, 2, 1])
Episode: 75; Score: -6.057429025880992; Action: ([0.0, 1.03, 1.01, 0.96, 0.0], [0, 1, 1, 1, 0])
Episode: 76; Score: -3.0583753176033497; Action: ([1.98, 1.04, 1.04, 0.0, 2.0], [2, 1, 1, 0, 2])
Episode: 77; Score: -1.1238841619342566; Action: ([2.0, 0.97, 0.0, 2.0, 1.9], [2, 1, 0, 2, 2])
Episode: 78; Score: -3.1359064504504204; Action: ([1.05, 0.0, 1.85, 2.0, 0.96], [1, 0, 2, 2, 1])
Episode: 79; Score: -5.138414096087217; Action: ([0.09, 0.97, 1.03, 0.83, 0.0], [0, 1, 1, 1, 0])
Episode: 80; Score: -3.0951375029981136; Action: ([2.0, 0.9, 0.95, 0.07, 1.98], [2, 1, 1, 0, 2])
Episode: 81; Score: -2.0123831257224083; Action: ([2.0, 1.08, 0.19, 2.0, 1.88], [2, 1, 0, 2, 2])
Episode: 82; Score: -3.0940127801150084; Action: ([0.99, 0.02, 1.91, 2.0, 1.19], [1, 0, 2, 2, 1])
Episode: 83; Score: -2.030146472621709; Action: ([0.0, 1.08, 0.94, 1.01, 0.12], [0, 1, 1, 1, 0])
Episode: 84; Score: -3.2471301816403866; Action: ([2.0, 0.92, 0.95, 0.0, 1.88], [2, 1, 1, 0, 2])
Episode: 85; Score: -4.047412745654583; Action: ([1.98, 1.09, 0.0, 2.0, 1.98], [2, 1, 0, 2, 2])
Episode: 86; Score: -3.0813326835632324; Action: ([1.04, 0.0, 2.0, 2.0, 1.05], [1, 0, 2, 2, 1])
Episode: 87; Score: -5.038639871403575; Action: ([0.0, 1.01, 1.12, 1.01, 0.08], [0, 1, 1, 1, 0])
Episode: 88; Score: -3.067204102873802; Action: ([1.88, 0.86, 1.1, 0.0, 1.96], [2, 1, 1, 0, 2])
Episode: 89; Score: -7.024390563368797; Action: ([2.0, 1.08, 0.0, 2.0, 1.94], [2, 1, 0, 2, 2])
Episode: 90; Score: -3.1178310960531235; Action: ([0.91, 0.08, 2.0, 1.97, 0.93], [1, 0, 2, 2, 1])
Episode: 91; Score: -2.118361607193947; Action: ([0.02, 1.04, 0.96, 1.06, 0.0], [0, 1, 1, 1, 0])
Episode: 92; Score: -2.161263346672058; Action: ([2.0, 0.95, 0.98, 0.0, 1.91], [2, 1, 1, 0, 2])
Episode: 93; Score: -3.8058266043663025; Action: ([1.9, 0.9, 0.07, 1.88, 2.0], [2, 1, 0, 2, 2])
Episode: 94; Score: -3.138014003634453; Action: ([1.05, 0.0, 2.0, 1.98, 1.11], [1, 0, 2, 2, 1])
Episode: 95; Score: -2.2147197015583515; Action: ([0.03, 0.92, 0.97, 0.87, 0.0], [0, 1, 1, 1, 0])
Episode: 96; Score: -6.258176761679351; Action: ([2.0, 1.19, 0.98, 0.09, 2.0], [2, 1, 1, 0, 2])
Episode: 97; Score: -3.814443999901414; Action: ([1.91, 1.03, 0.0, 1.88, 2.0], [2, 1, 0, 2, 2])
Episode: 98; Score: -5.988549340516329; Action: ([1.05, 0.0, 1.86, 1.95, 1.12], [1, 0, 2, 2, 1])
Episode: 99; Score: -6.400703709572554; Action: ([0.0, 1.03, 0.83, 0.66, 0.14], [0, 1, 1, 0, 0])
Episode: 100; Score: -3.0396324433386326; Action: ([2.0, 1.07, 1.04, 0.07, 2.0], [2, 1, 1, 0, 2])
Episode: 101; Score: -7.125070624286309; Action: ([2.0, 1.0, 0.16, 2.0, 1.97], [2, 1, 0, 2, 2])
Episode: 102; Score: -4.110829307697713; Action: ([0.89, 0.0, 2.0, 1.99, 1.0], [1, 0, 2, 2, 1])
Episode: 103; Score: -1.91470305621624; Action: ([0.0, 0.98, 0.97, 0.98, 0.14], [0, 1, 1, 1, 0])
Episode: 104; Score: -2.3422365337610245; Action: ([1.92, 1.04, 1.11, 0.01, 1.89], [2, 1, 1, 0, 2])
Episode: 105; Score: -4.061249390244484; Action: ([1.91, 1.24, 0.09, 2.0, 2.0], [2, 1, 0, 2, 2])
Episode: 106; Score: -4.159486923366785; Action: ([1.03, 0.0, 2.0, 1.91, 0.9], [1, 0, 2, 2, 1])
Episode: 107; Score: -5.079723808914423; Action: ([0.0, 1.0, 1.13, 0.97, 0.08], [0, 1, 1, 1, 0])
Episode: 108; Score: -5.879591749049723; Action: ([2.0, 0.86, 0.99, 0.03, 2.0], [2, 1, 1, 0, 2])
Episode: 109; Score: -3.9782296493649483; Action: ([1.92, 0.91, 0.0, 1.97, 2.0], [2, 1, 0, 2, 2])
Episode: 110; Score: -4.028461415320635; Action: ([0.88, 0.02, 1.94, 2.0, 1.0], [1, 0, 2, 2, 1])
Episode: 111; Score: -6.135029207915068; Action: ([0.06, 1.07, 0.97, 0.9, 0.0], [0, 1, 1, 1, 0])
Episode: 112; Score: -2.8359497282654047; Action: ([1.98, 0.96, 0.98, 0.08, 1.88], [2, 1, 1, 0, 2])
Episode: 113; Score: -3.86200263351202; Action: ([2.0, 1.07, 0.13, 1.97, 1.95], [2, 1, 0, 2, 2])
Episode: 114; Score: -3.1766974925994873; Action: ([0.91, 0.0, 1.99, 2.0, 0.92], [1, 0, 2, 2, 1])
Episode: 115; Score: -2.796316144056618; Action: ([0.0, 0.99, 0.96, 0.84, 0.0], [0, 1, 1, 1, 0])
Episode: 116; Score: -2.357747137080878; Action: ([1.83, 1.01, 1.1, 0.01, 1.91], [2, 1, 1, 0, 2])
Episode: 117; Score: -1.1965674757957458; Action: ([1.83, 0.86, 0.12, 2.0, 2.0], [2, 1, 0, 2, 2])
Episode: 118; Score: -2.8740458488464355; Action: ([0.96, 0.0, 2.0, 2.0, 1.17], [1, 0, 2, 2, 1])
Episode: 119; Score: -5.083054735092446; Action: ([0.01, 0.93, 1.0, 0.98, 0.0], [0, 1, 1, 1, 0])
Episode: 120; Score: -5.843111526221037; Action: ([1.79, 1.06, 1.07, 0.0, 1.91], [2, 1, 1, 0, 2])
Episode: 121; Score: -1.1475591659545898; Action: ([2.0, 1.15, 0.02, 1.98, 2.0], [2, 1, 0, 2, 2])
Episode: 122; Score: -6.201082967221737; Action: ([1.24, 0.09, 2.0, 1.9, 0.96], [1, 0, 2, 2, 1])
Episode: 123; Score: -6.21745252981782; Action: ([0.0, 1.05, 0.92, 0.91, 0.0], [0, 1, 1, 1, 0])
Episode: 124; Score: -3.2944149374961853; Action: ([1.95, 0.89, 0.93, 0.02, 1.91], [2, 1, 1, 0, 2])
Episode: 125; Score: -2.2541025578975677; Action: ([1.96, 0.84, 0.07, 1.92, 1.96], [2, 1, 0, 2, 2])
Episode: 126; Score: -5.999467993155122; Action: ([1.02, 0.13, 1.94, 1.94, 0.98], [1, 0, 2, 2, 1])
Episode: 127; Score: -6.145789675414562; Action: ([0.13, 0.92, 0.87, 0.88, 0.06], [0, 1, 1, 1, 0])
Episode: 128; Score: -2.235459327697754; Action: ([2.0, 0.94, 0.82, 0.01, 2.0], [2, 1, 1, 0, 2])
Episode: 129; Score: -3.752159558236599; Action: ([1.93, 1.11, 0.0, 1.94, 1.77], [2, 1, 0, 2, 2])
Episode: 130; Score: -3.907938476651907; Action: ([1.13, 0.0, 2.0, 1.94, 1.02], [1, 0, 2, 2, 1])
Episode: 131; Score: -2.2468116339296103; Action: ([0.0, 0.98, 1.07, 0.85, 0.0], [0, 1, 1, 1, 0])
Episode: 132; Score: -3.093187415972352; Action: ([1.94, 0.97, 1.13, 0.0, 2.0], [2, 1, 1, 0, 2])
Episode: 133; Score: -6.995952144265175; Action: ([2.0, 1.07, 0.16, 2.0, 1.77], [2, 1, 0, 2, 2])
Episode: 134; Score: -2.994531612843275; Action: ([1.08, 0.0, 2.0, 1.95, 0.97], [1, 0, 2, 2, 1])
Episode: 135; Score: -2.2118313163518906; Action: ([0.0, 1.04, 0.89, 0.9, 0.03], [0, 1, 1, 1, 0])
Episode: 136; Score: -3.0498097725212574; Action: ([1.89, 1.07, 1.01, 0.15, 1.96], [2, 1, 1, 0, 2])
Episode: 137; Score: -3.8993352866964415; Action: ([2.0, 1.0, 0.0, 2.0, 1.9], [2, 1, 0, 2, 2])
Episode: 138; Score: -3.7286629411391914; Action: ([1.09, 0.11, 1.93, 2.0, 1.01], [1, 0, 2, 2, 1])
Episode: 139; Score: -2.0028334259986877; Action: ([0.17, 0.88, 1.01, 1.05, 0.0], [0, 1, 1, 1, 0])
Episode: 140; Score: -2.9145933091640472; Action: ([1.95, 0.94, 1.09, 0.18, 2.0], [2, 1, 1, 0, 2])
Episode: 141; Score: -6.968889556825161; Action: ([1.98, 0.96, 0.03, 2.0, 2.0], [2, 1, 0, 2, 2])
Episode: 142; Score: -2.9423709558323026; Action: ([0.96, 0.1, 2.0, 1.98, 1.02], [1, 0, 2, 2, 1])
Episode: 143; Score: -2.260969489812851; Action: ([0.0, 0.89, 1.13, 0.98, 0.0], [0, 1, 1, 1, 0])
Episode: 144; Score: -2.2805369179695845; Action: ([2.0, 0.79, 0.97, 0.0, 1.96], [2, 1, 1, 0, 2])
Episode: 145; Score: -1.0305101051926613; Action: ([1.98, 0.94, 0.05, 2.0, 2.0], [2, 1, 0, 2, 2])
Episode: 146; Score: -4.065432786941528; Action: ([0.86, 0.0, 2.0, 2.0, 1.08], [1, 0, 2, 2, 1])
Episode: 147; Score: -6.100881315767765; Action: ([0.01, 0.86, 0.92, 1.04, 0.08], [0, 1, 1, 1, 0])
Episode: 148; Score: -3.1514184586703777; Action: ([2.0, 1.16, 1.02, 0.03, 2.0], [2, 1, 1, 0, 2])
Episode: 149; Score: -1.9357716925442219; Action: ([2.0, 1.02, 0.08, 2.0, 2.0], [2, 1, 0, 2, 2])
Episode: 150; Score: -2.7458676886744797; Action: ([0.99, 0.06, 2.0, 2.0, 1.2], [1, 0, 2, 2, 1])
Episode: 151; Score: -2.752084769308567; Action: ([0.0, 0.94, 0.91, 0.9, 0.0], [0, 1, 1, 1, 0])
Episode: 152; Score: -3.1368302330374718; Action: ([1.94, 0.8, 0.96, 0.0, 1.95], [2, 1, 1, 0, 2])
Episode: 153; Score: -6.705380693078041; Action: ([2.0, 0.8, 0.03, 2.0, 1.88], [2, 1, 0, 2, 2])
Episode: 154; Score: -2.870914537459612; Action: ([1.03, 0.07, 2.0, 1.87, 1.05], [1, 0, 2, 2, 1])
Episode: 155; Score: -5.26385772228241; Action: ([0.0, 1.16, 0.93, 0.83, 0.13], [0, 1, 1, 1, 0])
Episode: 156; Score: -5.848077185451984; Action: ([2.0, 0.92, 0.87, 0.06, 2.0], [2, 1, 1, 0, 2])
Episode: 157; Score: -6.9696666188538074; Action: ([2.0, 1.02, 0.0, 2.0, 1.94], [2, 1, 0, 2, 2])
Episode: 158; Score: -3.141521081328392; Action: ([0.93, 0.03, 2.0, 2.0, 0.9], [1, 0, 2, 2, 1])
Episode: 159; Score: -2.863738963380456; Action: ([0.01, 0.97, 0.96, 0.93, 0.0], [0, 1, 1, 1, 0])
Episode: 160; Score: -2.4128386303782463; Action: ([2.0, 1.24, 0.97, 0.02, 1.84], [2, 1, 1, 0, 2])
Episode: 161; Score: -7.191912084817886; Action: ([2.0, 1.26, 0.02, 1.97, 1.94], [2, 1, 0, 2, 2])
Episode: 162; Score: -3.0456314980983734; Action: ([0.93, 0.03, 1.99, 2.0, 0.98], [1, 0, 2, 2, 1])
Episode: 163; Score: -5.098139952868223; Action: ([0.0, 1.05, 1.11, 0.98, 0.08], [0, 1, 1, 1, 0])
Episode: 164; Score: -2.0868831360712647; Action: ([1.97, 1.03, 0.99, 0.1, 1.88], [2, 1, 1, 0, 2])
Episode: 165; Score: -1.1500735795125365; Action: ([1.94, 1.01, 0.03, 1.9, 2.0], [2, 1, 0, 2, 2])
Episode: 166; Score: -3.1979515217244625; Action: ([0.82, 0.0, 1.99, 2.0, 1.03], [1, 0, 2, 2, 1])
Episode: 167; Score: -2.7618414759635925; Action: ([0.0, 0.86, 1.06, 0.84, 0.0], [0, 1, 1, 1, 0])
Episode: 168; Score: -3.1671038419008255; Action: ([2.0, 1.07, 0.83, 0.08, 2.0], [2, 1, 1, 0, 2])
Episode: 169; Score: -6.860223542898893; Action: ([1.93, 0.97, 0.08, 2.0, 1.88], [2, 1, 0, 2, 2])
Episode: 170; Score: -3.90571662876755; Action: ([1.01, 0.01, 2.0, 2.0, 1.07], [1, 0, 2, 2, 1])
Episode: 171; Score: -6.073430143296719; Action: ([0.0, 0.86, 0.96, 1.11, 0.0], [0, 1, 1, 1, 0])
Episode: 172; Score: -2.989881875924766; Action: ([2.0, 0.97, 1.01, 0.05, 2.0], [2, 1, 1, 0, 2])
Episode: 173; Score: -1.116988789755851; Action: ([2.0, 0.99, 0.0, 1.97, 1.92], [2, 1, 0, 2, 2])
Episode: 174; Score: -3.9962574020028114; Action: ([1.07, 0.01, 2.0, 2.0, 0.93], [1, 0, 2, 2, 1])
Episode: 175; Score: -2.2026130501180887; Action: ([0.0, 0.97, 0.88, 0.95, 0.0], [0, 1, 1, 1, 0])
Episode: 176; Score: -3.409951075911522; Action: ([2.0, 0.77, 1.2, 0.02, 2.0], [2, 1, 1, 0, 2])
Episode: 177; Score: -4.09621749818325; Action: ([2.0, 0.87, 0.0, 1.98, 1.99], [2, 1, 0, 2, 2])
Episode: 178; Score: -3.41585161909461; Action: ([1.03, 0.01, 1.84, 1.97, 0.74], [1, 0, 2, 2, 1])
Episode: 179; Score: -5.164485884830356; Action: ([0.0, 1.12, 0.98, 0.98, 0.0], [0, 1, 1, 1, 0])
Episode: 180; Score: -5.813678786158562; Action: ([2.0, 1.12, 0.86, 0.0, 1.83], [2, 1, 1, 0, 2])
Episode: 181; Score: -1.244527693837881; Action: ([2.0, 0.97, 0.05, 1.74, 2.0], [2, 1, 0, 2, 2])
Episode: 182; Score: -3.068748652935028; Action: ([0.97, 0.0, 1.95, 1.98, 1.1], [1, 0, 2, 2, 1])
Episode: 183; Score: -5.997226530686021; Action: ([0.13, 1.02, 1.02, 0.88, 0.0], [0, 1, 1, 1, 0])
Episode: 184; Score: -3.090925369411707; Action: ([2.0, 0.99, 1.19, 0.01, 1.91], [2, 1, 1, 0, 2])
Episode: 185; Score: -1.04759132117033; Action: ([2.0, 1.05, 0.08, 1.93, 2.0], [2, 1, 0, 2, 2])
Episode: 186; Score: -4.036142228171229; Action: ([0.81, 0.09, 1.92, 2.0, 0.98], [1, 0, 2, 2, 1])
Episode: 187; Score: -5.126175979617983; Action: ([0.0, 0.94, 1.07, 1.0, 0.0], [0, 1, 1, 1, 0])
Episode: 188; Score: -2.3645308669656515; Action: ([1.77, 1.02, 1.15, 0.05, 1.98], [2, 1, 1, 0, 2])
Episode: 189; Score: -3.6763047389686108; Action: ([1.79, 1.02, 0.0, 2.0, 1.86], [2, 1, 0, 2, 2])
Episode: 190; Score: -3.730820447206497; Action: ([1.1, 0.13, 2.0, 1.96, 1.08], [1, 0, 2, 2, 1])
Episode: 191; Score: -5.984297988936305; Action: ([0.02, 1.15, 1.02, 1.12, 0.0], [0, 1, 1, 1, 0])
Episode: 192; Score: -6.064211202785373; Action: ([1.96, 1.02, 0.97, 0.2, 1.92], [2, 1, 1, 0, 2])
Episode: 193; Score: -6.825345329940319; Action: ([1.81, 1.02, 0.0, 2.0, 2.0], [2, 1, 0, 2, 2])
Episode: 194; Score: -3.1588227776810527; Action: ([0.89, 0.02, 2.0, 1.92, 1.0], [1, 0, 2, 2, 1])
Episode: 195; Score: -5.098506987094879; Action: ([0.0, 1.1, 1.09, 1.09, 0.0], [0, 1, 1, 1, 0])
Episode: 196; Score: -3.137606071308255; Action: ([2.0, 0.98, 0.91, 0.0, 1.97], [2, 1, 1, 0, 2])
Episode: 197; Score: -6.937813799828291; Action: ([2.0, 0.96, 0.09, 1.89, 2.0], [2, 1, 0, 2, 2])
Episode: 198; Score: -3.983827330172062; Action: ([1.04, 0.0, 1.94, 2.0, 0.91], [1, 0, 2, 2, 1])
Episode: 199; Score: -4.798481368459761; Action: ([0.11, 1.07, 0.99, 1.13, 0.04], [0, 1, 1, 1, 0])
Episode: 200; Score: -1.9731515850871801; Action: ([2.0, 0.98, 0.93, 0.12, 2.0], [2, 1, 1, 0, 2])
Episode: 201; Score: -1.226714352145791; Action: ([1.97, 0.98, 0.04, 1.86, 1.92], [2, 1, 0, 2, 2])
Episode: 202; Score: -6.311777636408806; Action: ([1.17, 0.03, 2.0, 2.0, 1.11], [1, 0, 2, 2, 1])
Episode: 203; Score: -2.918277356773615; Action: ([0.0, 1.05, 0.93, 0.93, 0.0], [0, 1, 1, 1, 0])
Episode: 204; Score: -2.1642895713448524; Action: ([2.0, 0.92, 1.12, 0.04, 2.0], [2, 1, 1, 0, 2])
Episode: 205; Score: -1.308952197432518; Action: ([1.99, 1.14, 0.0, 2.0, 1.84], [2, 1, 0, 2, 2])
Episode: 206; Score: -3.1695995684713125; Action: ([0.98, 0.0, 2.0, 1.91, 0.94], [1, 0, 2, 2, 1])
Episode: 207; Score: -5.097696986049414; Action: ([0.01, 0.94, 1.13, 1.08, 0.0], [0, 1, 1, 1, 0])
Episode: 208; Score: -3.1919559463858604; Action: ([1.99, 0.92, 1.12, 0.0, 2.0], [2, 1, 1, 0, 2])
Episode: 209; Score: -4.096413269639015; Action: ([2.0, 0.87, 0.02, 2.0, 1.99], [2, 1, 0, 2, 2])
Episode: 210; Score: -2.8591809645295143; Action: ([0.99, 0.01, 2.0, 2.0, 1.14], [1, 0, 2, 2, 1])
Episode: 211; Score: -1.9755425676703453; Action: ([0.11, 0.94, 1.05, 1.09, 0.11], [0, 1, 1, 1, 0])
Episode: 212; Score: -2.344543993473053; Action: ([2.0, 0.9, 0.88, 0.0, 1.87], [2, 1, 1, 0, 2])
Episode: 213; Score: -1.1150934100151062; Action: ([2.0, 1.1, 0.0, 2.0, 1.98], [2, 1, 0, 2, 2])
Episode: 214; Score: -2.869348792359233; Action: ([1.02, 0.04, 1.93, 1.97, 1.0], [1, 0, 2, 2, 1])
Episode: 215; Score: -5.362488389015198; Action: ([0.0, 0.7, 1.14, 1.06, 0.01], [0, 1, 1, 1, 0])
Episode: 216; Score: -2.074179109185934; Action: ([1.99, 1.09, 1.04, 0.13, 1.94], [2, 1, 1, 0, 2])
Episode: 217; Score: -6.926264472305775; Action: ([1.97, 0.94, 0.04, 1.98, 1.99], [2, 1, 0, 2, 2])
Episode: 218; Score: -3.7694249115884304; Action: ([1.11, 0.0, 1.91, 2.0, 1.02], [1, 0, 2, 2, 1])
Episode: 219; Score: -5.02193209156394; Action: ([0.2, 1.09, 1.18, 1.05, 0.0], [0, 1, 1, 1, 0])
Episode: 220; Score: -2.207096081227064; Action: ([1.89, 1.05, 0.99, 0.0, 1.97], [2, 1, 1, 0, 2])
Episode: 221; Score: -1.2602081187069416; Action: ([1.95, 0.97, 0.0, 1.93, 1.88], [2, 1, 0, 2, 2])
Episode: 222; Score: -2.7964252084493637; Action: ([1.05, 0.17, 2.0, 1.86, 1.05], [1, 0, 2, 2, 1])
Episode: 223; Score: -5.14749785605818; Action: ([0.03, 1.06, 0.89, 0.99, 0.0], [0, 1, 1, 1, 0])
Episode: 224; Score: -2.2131776344031096; Action: ([1.94, 0.98, 0.87, 0.0, 2.0], [2, 1, 1, 0, 2])
Episode: 225; Score: -4.1010299026966095; Action: ([1.98, 0.78, 0.1, 2.0, 2.0], [2, 1, 0, 2, 2])
Episode: 226; Score: -3.922843337059021; Action: ([1.03, 0.0, 2.0, 2.0, 1.05], [1, 0, 2, 2, 1])
Episode: 227; Score: -4.90354411303997; Action: ([0.07, 1.05, 0.92, 1.15, 0.0], [0, 1, 1, 1, 0])
Episode: 228; Score: -3.140447035431862; Action: ([1.87, 1.03, 0.97, 0.06, 2.0], [2, 1, 1, 0, 2])
Episode: 229; Score: -1.2951117977499962; Action: ([1.94, 0.94, 0.0, 1.82, 2.0], [2, 1, 0, 2, 2])
Episode: 230; Score: -3.157196675427258; Action: ([0.99, 0.0, 1.9, 1.92, 1.03], [1, 0, 2, 2, 1])
Episode: 231; Score: -4.963638303801417; Action: ([0.0, 1.03, 0.97, 0.92, 0.18], [0, 1, 1, 1, 0])
Episode: 232; Score: -3.169256152585149; Action: ([1.94, 1.03, 1.31, 0.1, 2.0], [2, 1, 1, 0, 2])
Episode: 233; Score: -3.9352381266653538; Action: ([1.91, 1.02, 0.0, 2.0, 2.0], [2, 1, 0, 2, 2])
Episode: 234; Score: -4.17115531489253; Action: ([0.89, 0.0, 2.0, 1.89, 1.05], [1, 0, 2, 2, 1])
Episode: 235; Score: -4.751681302674115; Action: ([0.18, 1.01, 0.96, 1.01, 0.11], [0, 1, 1, 1, 0])
Episode: 236; Score: -3.134216454811394; Action: ([1.85, 1.01, 1.03, 0.0, 2.0], [2, 1, 1, 0, 2])
Episode: 237; Score: -3.973435379564762; Action: ([2.0, 0.94, 0.09, 2.0, 2.0], [2, 1, 0, 2, 2])
Episode: 238; Score: -3.9047135710716248; Action: ([0.99, 0.0, 1.98, 1.91, 1.19], [1, 0, 2, 2, 1])
Episode: 239; Score: -5.0653495490550995; Action: ([0.17, 0.93, 1.09, 0.92, 0.0], [0, 1, 1, 1, 0])
Episode: 240; Score: -3.2861298993229866; Action: ([1.95, 1.09, 0.84, 0.01, 2.0], [2, 1, 1, 0, 2])
Episode: 241; Score: -2.1152473986148834; Action: ([1.96, 1.14, 0.25, 1.85, 1.97], [2, 1, 0, 2, 2])
Episode: 242; Score: -3.321170300245285; Action: ([1.14, 0.0, 1.97, 2.0, 1.21], [1, 0, 2, 2, 1])
Episode: 243; Score: -2.2230436047539115; Action: ([0.0, 0.99, 1.06, 1.15, 0.0], [0, 1, 1, 1, 0])
Episode: 244; Score: -3.0219070874154568; Action: ([2.0, 1.02, 0.91, 0.08, 2.0], [2, 1, 1, 0, 2])
Episode: 245; Score: -6.769497349858284; Action: ([2.0, 0.75, 0.02, 2.0, 2.0], [2, 1, 0, 2, 2])
Episode: 246; Score: -2.872819483280182; Action: ([0.97, 0.18, 1.99, 2.0, 1.03], [1, 0, 2, 2, 1])
Episode: 247; Score: -5.932785014621913; Action: ([0.04, 0.99, 1.07, 0.9, 0.06], [0, 1, 1, 1, 0])
Episode: 248; Score: -2.240032821893692; Action: ([1.96, 1.03, 0.83, 0.0, 2.0], [2, 1, 1, 0, 2])
Episode: 249; Score: -2.2756448313593864; Action: ([1.8, 1.07, 0.0, 2.0, 2.0], [2, 1, 0, 2, 2])
Episode: 250; Score: -4.097589407116175; Action: ([1.02, 0.1, 2.0, 1.92, 0.87], [1, 0, 2, 2, 1])
Episode: 251; Score: -6.052417667582631; Action: ([0.02, 0.81, 0.99, 1.13, 0.0], [0, 1, 1, 1, 0])
Episode: 252; Score: -3.1734288185834885; Action: ([1.84, 1.05, 1.1, 0.02, 1.92], [2, 1, 1, 0, 2])
Episode: 253; Score: -1.155408501625061; Action: ([2.0, 1.02, 0.05, 1.84, 1.97], [2, 1, 0, 2, 2])
Episode: 254; Score: -3.0425325483083725; Action: ([0.85, 0.0, 1.92, 1.95, 1.02], [1, 0, 2, 2, 1])
Episode: 255; Score: -4.969685489311814; Action: ([0.11, 0.95, 1.03, 0.79, 0.21], [0, 1, 1, 1, 0])
Episode: 256; Score: -3.106006011366844; Action: ([1.94, 0.86, 1.11, 0.08, 2.0], [2, 1, 1, 0, 2])
Episode: 257; Score: -1.1842297092080116; Action: ([1.98, 0.88, 0.0, 2.0, 1.96], [2, 1, 0, 2, 2])
Episode: 258; Score: -2.7531126878457144; Action: ([1.0, 0.13, 2.0, 1.94, 1.18], [1, 0, 2, 2, 1])
Episode: 259; Score: -2.0395379960536957; Action: ([0.13, 0.95, 1.04, 1.07, 0.0], [0, 1, 1, 1, 0])
Episode: 260; Score: -2.1479214765131474; Action: ([1.98, 0.98, 1.04, 0.06, 1.88], [2, 1, 1, 0, 2])
Episode: 261; Score: -3.7271523140370846; Action: ([1.78, 0.98, 0.01, 2.0, 1.94], [2, 1, 0, 2, 2])
Episode: 262; Score: -3.476432576775551; Action: ([1.06, 0.32, 1.97, 2.0, 1.12], [1, 0, 2, 2, 1])
Episode: 263; Score: -2.6697015650570393; Action: ([0.0, 0.94, 0.79, 0.94, 0.0], [0, 1, 1, 1, 0])
Episode: 264; Score: -2.2072237469255924; Action: ([2.0, 1.17, 0.97, 0.0, 2.0], [2, 1, 1, 0, 2])
Episode: 265; Score: -2.0871283188462257; Action: ([1.98, 0.98, 0.0, 2.0, 1.95], [2, 1, 0, 2, 2])
Episode: 266; Score: -6.1239775866270065; Action: ([1.15, 0.04, 1.97, 1.73, 1.24], [1, 0, 2, 2, 1])
Episode: 267; Score: -2.0830373242497444; Action: ([0.15, 1.12, 0.93, 0.96, 0.0], [0, 1, 1, 1, 0])
Episode: 268; Score: -2.1263108290731907; Action: ([2.0, 1.04, 1.0, 0.0, 1.91], [2, 1, 1, 0, 2])
Episode: 269; Score: -0.9884347287006676; Action: ([2.0, 1.0, 0.05, 2.0, 1.96], [2, 1, 0, 2, 2])
Episode: 270; Score: -2.893988249823451; Action: ([0.98, 0.0, 1.82, 2.0, 0.95], [1, 0, 2, 2, 1])
Episode: 271; Score: -5.219902107492089; Action: ([0.0, 1.22, 1.07, 1.03, 0.04], [0, 1, 1, 1, 0])
Episode: 272; Score: -5.983756121248007; Action: ([1.97, 1.02, 1.03, 0.12, 1.85], [2, 1, 1, 0, 2])
Episode: 273; Score: -1.3030297607183456; Action: ([1.77, 0.86, 0.09, 2.0, 1.98], [2, 1, 0, 2, 2])
Episode: 274; Score: -5.919085515663028; Action: ([0.97, 0.0, 1.97, 2.0, 0.97], [1, 0, 2, 2, 1])
Episode: 275; Score: -3.1663427017629147; Action: ([0.0, 1.07, 1.05, 1.05, 0.0], [0, 1, 1, 1, 0])
Episode: 276; Score: -3.0666982010006905; Action: ([2.0, 1.03, 1.04, 0.0, 1.92], [2, 1, 1, 0, 2])
Episode: 277; Score: -3.9256244748830795; Action: ([1.99, 1.04, 0.0, 2.0, 1.89], [2, 1, 0, 2, 2])
Episode: 278; Score: -3.8096991814672947; Action: ([0.97, 0.04, 1.86, 2.0, 1.04], [1, 0, 2, 2, 1])
Episode: 279; Score: -6.233874041587114; Action: ([0.0, 0.95, 0.79, 1.01, 0.01], [0, 1, 1, 1, 0])
Episode: 280; Score: -2.1436202563345432; Action: ([1.98, 1.03, 0.88, 0.04, 1.98], [2, 1, 1, 0, 2])
Episode: 281; Score: -1.0780620202422142; Action: ([2.0, 0.92, 0.0, 2.0, 2.0], [2, 1, 0, 2, 2])
Episode: 282; Score: -3.8979044668376446; Action: ([1.04, 0.1, 2.0, 2.0, 0.96], [1, 0, 2, 2, 1])
Episode: 283; Score: -3.3492466574534774; Action: ([0.0, 1.06, 1.01, 1.0, 0.27], [0, 1, 1, 1, 0])
Episode: 284; Score: -2.3921820670366287; Action: ([2.0, 0.83, 1.17, 0.0, 1.94], [2, 1, 1, 0, 2])
Episode: 285; Score: -7.1239607855677605; Action: ([2.0, 1.12, 0.08, 1.93, 2.0], [2, 1, 0, 2, 2])
Episode: 286; Score: -2.9671571417711675; Action: ([0.93, 0.0, 1.98, 1.91, 1.0], [1, 0, 2, 2, 1])
Episode: 287; Score: -6.0945699559524655; Action: ([0.0, 1.04, 1.01, 0.94, 0.0], [0, 1, 1, 1, 0])
Episode: 288; Score: -2.0694853086024523; Action: ([1.91, 0.9, 1.01, 0.14, 2.0], [2, 1, 1, 0, 2])
Episode: 289; Score: -6.90269242413342; Action: ([1.94, 1.02, 0.01, 1.93, 2.0], [2, 1, 0, 2, 2])
Episode: 290; Score: -3.012952644377947; Action: ([0.87, 0.15, 2.0, 1.95, 1.03], [1, 0, 2, 2, 1])
Episode: 291; Score: -5.1745116245001554; Action: ([0.0, 1.07, 1.1, 0.99, 0.0], [0, 1, 1, 1, 0])
Episode: 292; Score: -2.181013584136963; Action: ([1.97, 1.11, 1.21, 0.2, 1.97], [2, 1, 1, 0, 2])
Episode: 293; Score: -2.291932813823223; Action: ([1.83, 1.07, 0.0, 2.0, 1.95], [2, 1, 0, 2, 2])
