Episode: 0; Score: [-4.08362257]; Action: ([1.0841566941026162, 1.570353762211897, 0.8291261139568953, 0.5999859993564589, 0.0], [0, 0, 0, 0, 0])
Episode: 1; Score: [-5.9976309]; Action: ([0.14967349229201, 2.0, 1.7621470654342613, 0.8404538501655712, 1.2453564922371063], [0, 1, 1, 0, 0])
Episode: 2; Score: [-4.76065744]; Action: ([0.6199207312810473, 1.9410950140423446, 2.0, 1.887019880098063, 0.673496959621575], [0, 1, 1, 1, 0])
Episode: 3; Score: [-2.13070096]; Action: ([0.0, 0.7373056658887205, 1.1389217265704563, 0.7485317342744358, 1.4776166383207834], [0, 0, 0, 0, 0])
Episode: 4; Score: [-4.0736877]; Action: ([0.8719351888483982, 1.859199227701746, 0.761323840340685, 0.9183634024879279, 1.2338890970921987], [0, 1, 0, 0, 0])
Episode: 5; Score: [-5.77129314]; Action: ([0.37313761659027733, 1.4036733848622716, 0.0948922300427475, 0.49317806736744196, 1.6711723261569387], [0, 0, 0, 0, 1])
Episode: 6; Score: [-4.70763318]; Action: ([0.9936845717301839, 2.0, 1.1583429751467382, 0.41133166165737745, 0.1442739740765664], [0, 1, 0, 0, 0])
Episode: 7; Score: [-1.93097878]; Action: ([1.310857023046025, 0.552487338290294, 1.3264481871774407, 0.25950120847202096, 1.105662115426167], [0, 0, 0, 0, 0])
Episode: 8; Score: [-2.2606514]; Action: ([1.4284266328964559, 1.7434123541701518, 1.2176745439844041, 1.5495405620605602, 1.32159730227373], [0, 1, 0, 0, 0])
Episode: 9; Score: [-2.50570217]; Action: ([1.628757825114055, 0.8273732533483822, 0.5565190711797465, 0.7391633343040875, 2.0], [0, 0, 0, 0, 1])
Episode: 10; Score: [-3.6203753]; Action: ([1.990984680699507, 0.6505637717289612, 0.5302148495257122, 1.323891776737136, 0.883969623400906], [1, 0, 0, 0, 0])
Episode: 11; Score: [-3.14633045]; Action: ([0.9427650888251884, 1.5119846781752584, 1.8718255888275108, 1.2947147281580562, 2.0], [0, 0, 1, 0, 1])
Episode: 12; Score: [-2.04413155]; Action: ([1.9204960853043853, 1.003051547217516, 1.0009092492719143, 1.4023197033206825, 0.6370134583598424], [1, 0, 0, 0, 0])
Episode: 13; Score: [-2.01293938]; Action: ([1.9503311242467092, 1.1921960172332056, 0.879717393102611, 0.4305875824675274, 0.8192827836765759], [1, 0, 0, 0, 0])
Episode: 14; Score: [-4.61629153]; Action: ([0.7145736290761597, 0.0, 1.5270455991259235, 1.5664461559126648, 0.575643084442885], [0, 0, 0, 0, 0])
Episode: 15; Score: [-3.92526163]; Action: ([0.13845224007043688, 1.614696179872997, 0.08652668234870409, 1.9107382763376894, 1.5537173463976808], [0, 0, 0, 1, 0])
Episode: 16; Score: [-4.62428377]; Action: ([1.6809649094194283, 0.5565095460851717, 0.8188923061525879, 0.12068615528829985, 1.1986633165936194], [1, 0, 0, 0, 0])
Episode: 17; Score: [-3.83088083]; Action: ([1.721834864391806, 0.5185073425966058, 0.14227685835560133, 1.6627887022505654, 0.12371139913391294], [1, 0, 0, 0, 0])
Episode: 18; Score: [-6.25573661]; Action: ([0.9327763184807762, 1.44437473319493, 0.25104281423970876, 0.1199590497917098, 0.884859938600594], [0, 0, 0, 0, 0])
Episode: 19; Score: [-3.66900509]; Action: ([1.9810733163272274, 1.5984042086043342, 0.1128785671130883, 1.2890158744922968, 0.5464313653620467], [1, 0, 0, 0, 0])
Episode: 20; Score: [-4.96852788]; Action: ([1.6060236392660958, 0.3937836923682183, 1.065245940404336, 1.4551770863850457, 0.4482975259901836], [0, 0, 0, 0, 0])
Episode: 21; Score: [-5.12796312]; Action: ([1.7212384177451452, 0.11283903335991274, 1.5716817842163473, 0.15915884664422597, 0.4504823629421062], [1, 0, 0, 0, 0])
Episode: 22; Score: [-5.65212501]; Action: ([0.9660562654491713, 1.355767995225221, 1.5552041654761275, 1.5104930657393825, 0.2646035221780092], [0, 0, 0, 0, 0])
Episode: 23; Score: [-3.53364849]; Action: ([1.2654331063126203, 0.5624089935094292, 0.4540798730569173, 0.4476807263638176, 1.7367488126479773], [0, 0, 0, 0, 1])
Episode: 24; Score: [-3.3670199]; Action: ([0.66541558532788, 0.8235792992637432, 1.3198065228170475, 0.39580796213899516, 0.16241053091016555], [0, 0, 0, 0, 0])
Episode: 25; Score: [-3.29203151]; Action: ([1.3097124471369443, 0.29706569427718077, 1.9278630658341906, 1.3818963638485553, 0.030374670677136395], [0, 0, 1, 0, 0])
Episode: 26; Score: [-5.64394972]; Action: ([0.027409760662613136, 1.805915804876222, 0.6871821714933974, 1.2132592325436777, 1.910182754739005], [0, 1, 0, 0, 1])
Episode: 27; Score: [-1.92670786]; Action: ([1.4975170891044185, 0.461854801637537, 1.0586697041936237, 0.690497035237639, 1.5228729065868276], [0, 0, 0, 0, 0])
Episode: 28; Score: [-3.11153294]; Action: ([1.9284135422916422, 1.692144306049872, 0.6717190664759762, 1.8601845423312162, 0.12029421622806669], [1, 1, 0, 1, 0])
Episode: 29; Score: [-2.76725821]; Action: ([1.3278049290987797, 1.9261557471410178, 0.7584029118444093, 1.614343850765891, 1.6573565975617601], [0, 1, 0, 0, 0])
Episode: 30; Score: [-3.23287161]; Action: ([0.9213851571974105, 1.7483693369145201, 0.1606638821934383, 0.10290267117910967, 0.33054601996673605], [0, 1, 0, 0, 0])
Episode: 31; Score: [-1.4051068]; Action: ([0.8488051339800959, 0.7561593852249726, 0.5283052378161939, 0.8635347833624092, 0.5980886615628858], [0, 0, 0, 0, 0])
Episode: 32; Score: [-5.83478138]; Action: ([0.7450843715901472, 0.34512632767919715, 1.6304848868967488, 0.0, 0.44452303314007646], [0, 0, 0, 0, 0])
Episode: 33; Score: [-3.08663766]; Action: ([0.14048919615258404, 0.6907421808033298, 1.4807073139727693, 0.5628382790687823, 2.0], [0, 0, 0, 0, 1])
Episode: 34; Score: [-4.1214675]; Action: ([0.9340558879596059, 1.085201288371315, 0.1184871535901546, 1.35526924859828, 0.5559215017835502], [0, 0, 0, 0, 0])
Episode: 35; Score: [-6.27057623]; Action: ([0.15362381190291674, 0.9750365684301632, 0.3212399828558379, 0.7047348638733704, 0.5747885433618654], [0, 0, 0, 0, 0])
Episode: 36; Score: [-5.42580265]; Action: ([0.8005638840518772, 1.0383922377063137, 1.6203086636463129, 1.1018271718638124, 0.8647106890841765], [0, 0, 0, 0, 0])
Episode: 37; Score: [-5.04606368]; Action: ([0.48741863677720443, 0.6789640408399749, 1.5375624830430157, 0.4525577165515047, 0.7974334454248104], [0, 0, 0, 0, 0])
Episode: 38; Score: [-2.25221309]; Action: ([1.0439612005691008, 0.7774615486959473, 0.4064125831339289, 1.6331528348564524, 1.8867987379718494], [0, 0, 0, 0, 1])
Episode: 39; Score: [-3.80849679]; Action: ([1.3925447304584537, 0.5935514465878158, 0.553702843267502, 1.3140205774907083, 1.3376836073862588], [0, 0, 0, 0, 0])
Episode: 40; Score: [-7.53847271]; Action: ([0.11481201705203925, 0.822184715623109, 0.07677016000324044, 0.19372322179381096, 0.25403717401887826], [0, 0, 0, 0, 0])
Episode: 41; Score: [-4.72613652]; Action: ([0.0, 1.3061645208670154, 1.6220449692151389, 0.8040045431813558, 0.9939224820205679], [0, 0, 0, 0, 0])
Episode: 42; Score: [-1.68308747]; Action: ([1.9289386049846662, 0.37808708511344924, 0.7080032537452914, 1.6181675359664027, 1.6837160516143423], [1, 0, 0, 0, 1])
Episode: 43; Score: [-5.68114661]; Action: ([0.3802998608779209, 0.410627480931965, 1.4876018501323565, 1.7584655642142537, 1.6441518505635127], [0, 0, 0, 1, 0])
Episode: 44; Score: [-6.83020218]; Action: ([1.6244659687707907, 1.1822435613880482, 1.5247434984795265, 1.0846710620387223, 1.4140780909598338], [0, 0, 0, 0, 0])
Episode: 45; Score: [-4.9366389]; Action: ([1.5930871092482126, 1.5133358762074107, 1.1654505184257027, 0.02363891706391552, 0.6411264807743182], [0, 0, 0, 0, 0])
Episode: 46; Score: [-3.6059902]; Action: ([0.0, 1.4660861648826466, 0.7176283176867524, 1.791707714093569, 1.350759929370373], [0, 0, 0, 1, 0])
Episode: 47; Score: [-2.61803799]; Action: ([1.4334013640400325, 1.1981606219554557, 1.1633950424077353, 0.6941881050869605, 1.6159282094389815], [0, 0, 0, 0, 0])
Episode: 48; Score: [-4.13999901]; Action: ([0.485797451604723, 0.2843723078411877, 0.8546038548699737, 1.3042684423973239, 1.2109569529480453], [0, 0, 0, 0, 0])
Episode: 49; Score: [-5.90438312]; Action: ([0.8937158639149918, 1.4523132451797238, 0.9184844679349438, 0.7357297940051621, 0.0], [0, 0, 0, 0, 0])
Episode: 50; Score: [-5.84389773]; Action: ([1.5337006340112291, 0.10107274538324496, 1.635116319763099, 1.3336202340470893, 1.240387793521559], [0, 0, 0, 0, 0])
Episode: 51; Score: [-4.36642278]; Action: ([1.3929665612448998, 0.4353621439464761, 1.2263518067728374, 0.2718222029317039, 1.0399200623350326], [0, 0, 0, 0, 0])
Episode: 52; Score: [-3.90548672]; Action: ([1.4140501946567015, 0.10971169814490889, 1.3630570248070952, 0.0, 1.9338084087514469], [0, 0, 0, 0, 1])
Episode: 53; Score: [-3.18931147]; Action: ([1.2352751095907182, 1.3844294018828618, 1.298708455404105, 1.3294690081922533, 0.9290822712061269], [0, 0, 0, 0, 0])
Episode: 54; Score: [-5.04740707]; Action: ([0.0, 0.7415479266270981, 1.1957403690445243, 0.8198906347366675, 0.5868947354308502], [0, 0, 0, 0, 0])
Episode: 55; Score: [-2.18846298]; Action: ([1.5051968914711038, 1.2660054088165391, 0.23662592434498997, 1.0719577359118733, 1.5819288677487], [0, 0, 0, 0, 0])
Episode: 56; Score: [-4.2624456]; Action: ([0.44876996243232603, 0.22449791917960815, 1.1151233954105613, 1.5606938636379177, 0.9133604638231385], [0, 0, 0, 0, 0])
Episode: 57; Score: [-4.06281412]; Action: ([0.8296681961828858, 1.001213948496398, 1.6959733890568767, 1.549686537132016, 0.2550184887516831], [0, 0, 1, 0, 0])
Episode: 58; Score: [-5.05263351]; Action: ([0.291759456692648, 0.9873888982097669, 1.854219195520397, 1.2126700256118568, 0.7065959379081515], [0, 0, 1, 0, 0])
Episode: 59; Score: [-6.832951]; Action: ([1.771105994918135, 0.43625227743146855, 1.4134995099868561, 1.9096601768507981, 1.3024330447203833], [1, 0, 0, 1, 0])
Episode: 60; Score: [-6.13379534]; Action: ([0.3961554331267585, 1.5544237111443142, 1.5804442764346474, 1.376513560265908, 1.2262583603278447], [0, 0, 0, 0, 0])
Episode: 61; Score: [-2.32258619]; Action: ([0.0, 0.6933482437110445, 0.08804713740634162, 0.1832402269973381, 1.3579505867701958], [0, 0, 0, 0, 0])
Episode: 62; Score: [-5.908734]; Action: ([0.01736131996398793, 1.0581020224364668, 0.4347058553173959, 0.9430739176067813, 0.7542269342892964], [0, 0, 0, 0, 0])
Episode: 63; Score: [-6.99041462]; Action: ([0.3838063886586207, 0.6204008023840022, 0.7106985908085974, 0.10020928331225076, 0.19447031373350931], [0, 0, 0, 0, 0])
Episode: 64; Score: [-5.63400663]; Action: ([0.22955654911599188, 0.5063382693136149, 0.8303002090848177, 0.5318462176297201, 1.2679521257176603], [0, 0, 0, 0, 0])
Episode: 65; Score: [-6.28743483]; Action: ([0.5056754602947655, 1.4245527066347121, 1.3778917724998725, 1.9548600063270525, 1.0244548865809353], [0, 0, 0, 1, 0])
Episode: 66; Score: [-5.32575114]; Action: ([0.7807128399975218, 1.5046834848640642, 1.2244985177663905, 1.7202211696477667, 0.09563513216738162], [0, 0, 0, 1, 0])
Episode: 67; Score: [-3.64863498]; Action: ([0.4489904804509335, 0.10712292224279762, 0.8209854141925872, 1.523718944956988, 1.4505472597432105], [0, 0, 0, 0, 0])
Episode: 68; Score: [-5.53251003]; Action: ([1.3532402462024533, 1.7960231257027452, 1.8900271102925563, 0.0472958932789318, 0.44592365023364366], [0, 1, 1, 0, 0])
Episode: 69; Score: [-5.69877135]; Action: ([0.8847514871527213, 1.9649672683890722, 0.9463107280052465, 0.23614232133936053, 0.19899138356836255], [0, 1, 0, 0, 0])
Episode: 70; Score: [-2.55652893]; Action: ([1.0535542051799487, 1.4516923861798074, 1.0598184243479059, 1.672286625414657, 1.2291410463496186], [0, 0, 0, 1, 0])
Episode: 71; Score: [-3.29552612]; Action: ([0.864065522739101, 1.2679822086732162, 0.9152572581722966, 1.3371255457869593, 1.8560077663227996], [0, 0, 0, 0, 1])
Episode: 72; Score: [-3.38154463]; Action: ([1.0647002894663935, 0.7785796816270751, 0.0841891292428314, 1.6952690514523363, 0.9957172158667831], [0, 0, 0, 1, 0])
Episode: 73; Score: [-3.28248617]; Action: ([1.3510580210555938, 1.2689677639509334, 0.7257946906794679, 0.35338415621188046, 1.556244726738611], [0, 0, 0, 0, 0])
Episode: 74; Score: [-4.66713241]; Action: ([1.3313798246210544, 1.0651979712406567, 1.150745779072043, 0.4036497510634125, 0.7161590847677126], [0, 0, 0, 0, 0])
Episode: 75; Score: [-4.12479595]; Action: ([1.8005623555190704, 2.0, 2.0, 1.4576548126275837, 1.8665787795367685], [1, 1, 1, 0, 1])
Episode: 76; Score: [-3.43901242]; Action: ([1.7868569829560166, 0.05487416585703153, 1.7425494733372264, 0.5517269760589945, 0.48379288994798886], [1, 0, 1, 0, 0])
Episode: 77; Score: [-3.663883]; Action: ([0.458329811270225, 0.7900336656353177, 1.9455618612395642, 1.7836946390801078, 1.2496207416602405], [0, 0, 1, 1, 0])
Episode: 78; Score: [-4.70443802]; Action: ([0.5714092696770361, 1.229045759837768, 1.3493359810658496, 0.514939483159339, 0.7875949689897597], [0, 0, 0, 0, 0])
Episode: 79; Score: [-1.72750859]; Action: ([0.07563540917225464, 1.5790966550454648, 0.9842230694532375, 1.104073394534378, 0.8958029833563521], [0, 0, 0, 0, 0])
Episode: 80; Score: [-4.51824786]; Action: ([0.3741351480690578, 0.98862446547483, 0.6525639536661181, 1.626529505901817, 0.8763947846560862], [0, 0, 0, 0, 0])
Episode: 81; Score: [-3.06622804]; Action: ([1.1903992059182589, 0.19142794520446604, 0.33929449245393095, 0.37859586399026823, 1.7851471353034807], [0, 0, 0, 0, 1])
Episode: 82; Score: [-2.11873437]; Action: ([1.5518964731767262, 0.9037568361445829, 0.2851383685260669, 1.055937152588266, 1.6997959538144336], [0, 0, 0, 0, 1])
Episode: 83; Score: [-4.37818025]; Action: ([1.56069835749303, 0.006881193516120598, 0.2948348518588415, 0.7057516541834605, 1.0536536976354876], [0, 0, 0, 0, 0])
Episode: 84; Score: [-2.55767411]; Action: ([0.9029165810006268, 1.7898918487954882, 0.8500538303433243, 1.5524055220449202, 1.92684180462363], [0, 1, 0, 0, 1])
Episode: 85; Score: [-2.1343753]; Action: ([0.7151132387953412, 1.2174418070048034, 1.2577644141078994, 1.435153567896139, 0.060871248216299634], [0, 0, 0, 0, 0])
Episode: 86; Score: [-4.19607695]; Action: ([0.37604803696730604, 1.0324574573483856, 0.06370499104176996, 1.2045257661211646, 1.519340702238081], [0, 0, 0, 0, 0])
Episode: 87; Score: [-4.66437872]; Action: ([0.774895004155653, 1.434772944266358, 0.3774866494045286, 0.28826076672883394, 1.788963355586246], [0, 0, 0, 0, 1])
Episode: 88; Score: [-2.82255997]; Action: ([1.6733095260525643, 0.7258286795627766, 1.8352650479210761, 1.732204300462309, 0.21083247262671656], [1, 0, 1, 1, 0])
Episode: 89; Score: [-3.37486811]; Action: ([1.6411032544986264, 1.4331034285409365, 1.2691962334448992, 1.5501007140108543, 0.13622758357598896], [0, 0, 0, 0, 0])
Episode: 90; Score: [-2.93260109]; Action: ([1.1938744369047485, 0.47673631726621113, 0.16694312712794201, 1.7338401052854424, 1.6485659966764254], [0, 0, 0, 1, 0])
Episode: 91; Score: [-6.67517582]; Action: ([2.0, 1.6640158688371594, 1.4089344001215425, 0.537597558422547, 1.064627990349308], [1, 0, 0, 0, 0])
Episode: 92; Score: [-2.88818502]; Action: ([0.208944792723738, 0.0, 0.7036730069796251, 1.1129035932767877, 1.6878992241959194], [0, 0, 0, 0, 1])
Episode: 93; Score: [-6.2246512]; Action: ([0.5266170842392788, 0.8454194508468489, 0.029107108117848668, 0.5761888792912688, 0.798016280603346], [0, 0, 0, 0, 0])
Episode: 94; Score: [-1.8183646]; Action: ([0.9889361737730682, 0.8353011922258324, 0.43208454230049065, 0.7074344293662029, 0.21787906522273603], [0, 0, 0, 0, 0])
Episode: 95; Score: [-2.55543425]; Action: ([1.920831880691898, 1.727395946671258, 0.9114653829195536, 1.7230581171287744, 0.90438631196946], [1, 1, 0, 1, 0])
Episode: 96; Score: [-1.4516748]; Action: ([0.9267099114514683, 1.5779450254501828, 0.4118380619164135, 1.0970955115613203, 1.1151822351096004], [0, 0, 0, 0, 0])
Episode: 97; Score: [-4.97866522]; Action: ([1.5879810141337773, 0.13787516871845473, 1.1199598874170547, 0.16046399998704475, 0.25497448037272696], [0, 0, 0, 0, 0])
Episode: 98; Score: [-3.01742361]; Action: ([0.8888776992631051, 0.5076107487521782, 1.622002515428939, 1.832479013881198, 1.1316064159669648], [0, 0, 0, 1, 0])
Episode: 99; Score: [-2.52125212]; Action: ([1.8035038677066537, 1.5835284747076726, 0.9100821586996066, 1.8948547888811318, 0.4538355348538694], [1, 0, 0, 1, 0])
Episode: 100; Score: [-2.42750614]; Action: ([0.4959879071740998, 0.6855826261744133, 1.0005925937264404, 0.24534301651824597, 0.0], [0, 0, 0, 0, 0])
Episode: 101; Score: [-4.85752732]; Action: ([0.8320876486635402, 2.0, 1.3733934000339083, 1.0003359295799756, 0.9366556989495924], [0, 1, 0, 0, 0])
Episode: 102; Score: [-5.52336257]; Action: ([0.1188118977376802, 1.9303235226917614, 1.0697352329843253, 0.7694330748816243, 1.6350588449226853], [0, 1, 0, 0, 0])
Episode: 103; Score: [-5.97416487]; Action: ([1.522648745656384, 1.0030402720979659, 1.1190756683936725, 1.5753299541933123, 0.7540702264914607], [0, 0, 0, 0, 0])
Episode: 104; Score: [-2.46589564]; Action: ([1.9589531180665394, 0.730843618153783, 0.4371218345379846, 1.7808593394365648, 1.6263264547774217], [1, 0, 0, 1, 0])
Episode: 105; Score: [-4.76195066]; Action: ([0.6584909891976416, 0.3120697456650472, 1.0114555296963128, 1.2431276851289716, 1.5368067084584607], [0, 0, 0, 0, 0])
Episode: 106; Score: [-3.2680295]; Action: ([1.123183094161744, 0.428443302379359, 0.20901838498296144, 0.0, 1.7823080976794776], [0, 0, 0, 0, 1])
Episode: 107; Score: [-5.22432274]; Action: ([0.379087274419879, 0.7846469915137577, 1.0445670900282076, 0.715500721289849, 0.8518751823788409], [0, 0, 0, 0, 0])
Episode: 108; Score: [-5.07588751]; Action: ([0.0, 1.7156089283516556, 0.6164075350942244, 0.36646912234174067, 1.6568447617718411], [0, 1, 0, 0, 0])
Episode: 109; Score: [-5.64760361]; Action: ([1.10155407477145, 0.21498267930080628, 1.045734332774618, 0.0, 0.08159396715006717], [0, 0, 0, 0, 0])
Episode: 110; Score: [-1.95755863]; Action: ([0.9328776782951085, 1.3339071765081014, 0.677614615745425, 1.757387184849346, 0.5232434410478692], [0, 0, 0, 1, 0])
Episode: 111; Score: [-6.68498058]; Action: ([0.12386826967195552, 1.8962484070221715, 0.47145679866764545, 0.615942756614295, 0.0], [0, 1, 0, 0, 0])
Episode: 112; Score: [-3.69195781]; Action: ([0.0018611793616991612, 0.11668423440217057, 0.7202813072499494, 1.8300366820120784, 1.7007478493173023], [0, 0, 0, 1, 1])
Episode: 113; Score: [-6.82261952]; Action: ([1.339639618963792, 1.5377250966258738, 0.8339283208074744, 1.1994907371540127, 1.9118357426118686], [0, 0, 0, 0, 1])
Episode: 114; Score: [-6.72524117]; Action: ([1.8843494022595881, 0.2770763395737219, 0.9783579184344557, 1.8227258066910363, 1.7627317035890344], [1, 0, 0, 1, 1])
Episode: 115; Score: [-3.64980663]; Action: ([1.9620418894595948, 1.849596380910568, 0.30443017865019795, 1.4759250142274125, 0.4573926639661634], [1, 1, 0, 0, 0])
Episode: 116; Score: [-3.30479563]; Action: ([0.2711859547707347, 1.463525628932578, 1.4441415656133103, 1.968612827194765, 0.30029843921641586], [0, 0, 0, 1, 0])
Episode: 117; Score: [-1.89692921]; Action: ([0.5861904073080857, 0.06910803411820843, 0.5153459581348769, 0.5563058933871148, 0.1699789177600033], [0, 0, 0, 0, 0])
Episode: 118; Score: [-4.73429467]; Action: ([0.4954985951037616, 0.06863174588235155, 1.8582506197002966, 0.9542573359097608, 1.6055682762150731], [0, 0, 1, 0, 0])
Episode: 119; Score: [-2.44921804]; Action: ([1.6458791078214645, 0.9792893358110859, 1.741664706055583, 1.1021205632709141, 1.5651576555525064], [0, 0, 1, 0, 0])
Episode: 120; Score: [-3.46800311]; Action: ([0.07453665896328343, 0.043833897208902295, 1.4436560916707235, 0.2005254214282488, 1.3432429986528112], [0, 0, 0, 0, 0])
Episode: 121; Score: [-2.56072165]; Action: ([1.0224706625839646, 1.4764258911472623, 0.10402228807155622, 1.9933814181398872, 1.1724659618014024], [0, 0, 0, 1, 0])
Episode: 122; Score: [-2.43477203]; Action: ([1.37284540093102, 1.995538752655266, 0.5839656690054176, 1.3147835650222943, 0.6644300190475965], [0, 1, 0, 0, 0])
Episode: 123; Score: [-3.91655493]; Action: ([0.08274471895541691, 1.7515927873082058, 0.521549886786268, 1.9212465508555385, 1.3094967035592713], [0, 1, 0, 1, 0])
Episode: 124; Score: [-5.39998879]; Action: ([0.32957161699931614, 1.6996810923324315, 0.474714788336966, 1.0220253802800494, 1.4733805192968097], [0, 1, 0, 0, 0])
Episode: 125; Score: [-2.75833306]; Action: ([0.7899091640605673, 1.3659557211388345, 0.6839954732713862, 1.283500803089382, 1.8502172244887094], [0, 0, 0, 0, 1])
Episode: 126; Score: [-3.15497843]; Action: ([0.08931990346835805, 0.4561003926091076, 1.2250700747634793, 0.0, 1.3844880611582084], [0, 0, 0, 0, 0])
Episode: 127; Score: [-5.34905018]; Action: ([0.797238298747545, 0.7247292254551334, 0.2552390627124599, 1.0078431066613198, 0.865900129568451], [0, 0, 0, 0, 0])
Episode: 128; Score: [-2.62143311]; Action: ([1.5469929220817287, 0.9951834310074119, 1.4208374551003529, 1.5012356367871422, 0.914317441290279], [0, 0, 0, 0, 0])
Episode: 129; Score: [-3.6996276]; Action: ([0.5675926066620083, 1.699825221109559, 1.451228219008184, 1.6046165285634801, 1.3767602658776354], [0, 1, 0, 0, 0])
Episode: 130; Score: [-2.7391332]; Action: ([1.4903509288030097, 0.5287387288549379, 0.2595679379220681, 0.0, 0.9629110570764476], [0, 0, 0, 0, 0])
Episode: 131; Score: [-5.14444498]; Action: ([0.7257288118384453, 0.9286115415183633, 0.8072267037145917, 0.9107183306970636, 0.48326963531800815], [0, 0, 0, 0, 0])
Episode: 132; Score: [-4.62297645]; Action: ([0.6958888368746794, 1.1247883100767722, 1.4730558309139536, 0.980455414752724, 0.34878806184441613], [0, 0, 0, 0, 0])
Episode: 133; Score: [-7.40518015]; Action: ([1.7500662806698024, 1.6124163576604789, 1.642324920524604, 0.843378892582398, 1.5569936990345772], [1, 0, 0, 0, 0])
Episode: 134; Score: [-2.73559535]; Action: ([1.694024892570107, 1.237202767384198, 0.5519774818353227, 1.551530175428548, 1.7040748679072535], [1, 0, 0, 0, 1])
Episode: 135; Score: [-7.35837667]; Action: ([0.3983331582341221, 0.6626839018787034, 0.0650307456998942, 0.344685984700845, 0.17088954321032968], [0, 0, 0, 0, 0])
Episode: 136; Score: [-2.08162098]; Action: ([1.1505139805332705, 1.3923318424867899, 1.0808381121018396, 0.4033651059101411, 0.13869785076856744], [0, 0, 0, 0, 0])
Episode: 137; Score: [-2.95757004]; Action: ([1.0038279184561367, 1.7238862089059177, 1.7864104379551742, 1.5777680086525931, 0.13432253033266983], [0, 1, 1, 0, 0])
Episode: 138; Score: [-9.08840459]; Action: ([1.6725790232740765, 1.597908037427917, 2.0, 1.8655543284593383, 1.9523632011857193], [1, 0, 1, 1, 1])
Episode: 139; Score: [-3.59557132]; Action: ([1.4776264599964015, 1.3558192522033368, 1.046913168659553, 0.8912425518821587, 1.344465747407732], [0, 0, 0, 0, 0])
Episode: 140; Score: [-2.72876776]; Action: ([2.0, 0.999641010344327, 0.7747873012438016, 1.9481341901815608, 0.4449381220314246], [1, 0, 0, 1, 0])
Episode: 141; Score: [-1.98590234]; Action: ([1.1365991551856942, 0.28865206105465235, 0.316864092666318, 1.0908963193976267, 1.3639230151105746], [0, 0, 0, 0, 0])
Episode: 142; Score: [-3.81832995]; Action: ([1.1464756209878966, 1.8507595094291531, 1.563712958940064, 0.5814644343384168, 1.7407765494071537], [0, 1, 0, 0, 1])
Episode: 143; Score: [-3.68616057]; Action: ([1.7995564074637147, 1.726338998168235, 0.35897306692253617, 1.8093264560967317, 1.0723225023381522], [1, 1, 0, 1, 0])
Episode: 144; Score: [-2.40446258]; Action: ([1.1851751337262302, 0.991931170355997, 1.627279015388464, 1.257068182895477, 1.7886419516841983], [0, 0, 0, 0, 1])
Episode: 145; Score: [-5.59651601]; Action: ([1.1086722512763578, 2.0, 0.975029463109166, 0.7465932373292168, 0.5731890378499385], [0, 1, 0, 0, 0])
Episode: 146; Score: [-4.8278127]; Action: ([1.3777463572946045, 0.9424976860845495, 1.3625289115692962, 0.7142471198031692, 0.43079262777270366], [0, 0, 0, 0, 0])
Episode: 147; Score: [-3.17270245]; Action: ([1.5086072635442136, 0.6884109844042141, 0.254459541585895, 1.7210735806280122, 0.11410786781799986], [0, 0, 0, 1, 0])
Episode: 148; Score: [-5.61716192]; Action: ([0.8589281782532698, 1.3655039953242911, 1.242273068048309, 1.509681312400203, 0.6407753630822564], [0, 0, 0, 0, 0])
Episode: 149; Score: [-5.08931697]; Action: ([0.14212625183438554, 0.6085508823224128, 1.6907123337153696, 0.8090968968842989, 1.838830606888617], [0, 0, 1, 0, 1])
Episode: 150; Score: [-4.83959301]; Action: ([0.6682499145171013, 1.3899042260413266, 0.74321208697205, 1.5483726208164397, 0.48985416462758824], [0, 0, 0, 0, 0])
Episode: 151; Score: [-2.20889001]; Action: ([0.8881219631154216, 0.0, 1.3220629968891682, 1.7007213562061043, 0.925772376262537], [0, 0, 0, 1, 0])
Episode: 152; Score: [-5.03598457]; Action: ([0.37881124980571057, 1.2833402821265576, 1.6547941746746906, 1.0201834903385891, 0.5031551496657658], [0, 0, 0, 0, 0])
Episode: 153; Score: [-4.79489939]; Action: ([1.4968477522127235, 0.46973569652903957, 0.673266640127572, 0.06203600345206661, 0.5032145219537218], [0, 0, 0, 0, 0])
Episode: 154; Score: [-1.9302714]; Action: ([1.4477549699170909, 0.6373667641380594, 0.9402124120096798, 0.4082742120350611, 0.5316301862643316], [0, 0, 0, 0, 0])
Episode: 155; Score: [-4.43193108]; Action: ([0.6847786866396639, 0.5435713915245994, 1.9774528365602513, 0.3662408685599907, 0.9960251332004011], [0, 0, 1, 0, 0])
Episode: 156; Score: [-5.56682766]; Action: ([0.4869180297076572, 0.7629447271679255, 0.528141805391966, 0.19564278427813386, 0.4595249926145448], [0, 0, 0, 0, 0])
Episode: 157; Score: [-5.19423546]; Action: ([0.46410428908294543, 0.2652313181776407, 2.0, 0.8943956905619443, 1.5705041624154243], [0, 0, 1, 0, 0])
Episode: 158; Score: [-2.41589169]; Action: ([0.18917946675181319, 1.65100350546967, 1.0541151512434193, 1.4792590575184832, 0.5793065534046575], [0, 0, 0, 0, 0])
Episode: 159; Score: [-4.01484775]; Action: ([0.3393503938698532, 0.17828458914089196, 1.9779403014997792, 1.5963661116739738, 1.9581763205172398], [0, 0, 1, 0, 1])
Episode: 160; Score: [-4.36768793]; Action: ([0.6582652900887729, 1.7155897666885365, 1.5630310992578909, 1.2368354686824243, 1.0158321726274557], [0, 1, 0, 0, 0])
Episode: 161; Score: [-2.02850998]; Action: ([0.580687531703008, 1.4057500143935837, 0.3052413184673288, 0.6872261924445024, 1.1959150107018368], [0, 0, 0, 0, 0])
Episode: 162; Score: [-2.88291974]; Action: ([1.9261847617672367, 1.3306214997535397, 1.5959675579420027, 1.9076716597330126, 1.1224742576785764], [1, 0, 0, 1, 0])
Episode: 163; Score: [-4.29741358]; Action: ([1.6202301398096521, 0.7347565419670732, 0.0, 1.4018322901433875, 0.9457674488249412], [0, 0, 0, 0, 0])
Episode: 164; Score: [-3.51817914]; Action: ([0.9454652621399648, 1.41445087479573, 1.9661405691341654, 0.9635674367495317, 1.0210984692808536], [0, 0, 1, 0, 0])
Episode: 165; Score: [-3.9991488]; Action: ([0.632217592137182, 0.7927690101004055, 0.8677828373446792, 1.4701577597161142, 1.2379239997640823], [0, 0, 0, 0, 0])
Episode: 166; Score: [-2.78081366]; Action: ([1.9564793651408312, 1.6389574101846713, 1.1766219393437833, 0.49633866084222955, 1.5050936014877048], [1, 0, 0, 0, 0])
Episode: 167; Score: [-5.86094899]; Action: ([1.83239893108662, 0.3630604465460787, 0.2144070168998684, 1.6691837617981744, 1.781898833446473], [1, 0, 0, 1, 1])
Episode: 168; Score: [-2.93796971]; Action: ([1.8164282273324206, 1.0897954157964707, 1.6827691637731677, 0.3723014204066555, 1.721278323507104], [1, 0, 1, 0, 1])
Episode: 169; Score: [-5.86970242]; Action: ([0.5145146934373193, 1.684118697396148, 0.1984127916565792, 1.6289188621342965, 1.8437373785801512], [0, 1, 0, 0, 1])
Episode: 170; Score: [-2.13804611]; Action: ([1.3184833183224756, 1.064565853627733, 1.0008602716835566, 1.6796026497838064, 1.927573504121036], [0, 0, 0, 1, 1])
Episode: 171; Score: [-4.36066738]; Action: ([1.3180562767119193, 0.5672848618681006, 1.520625002254593, 0.1910935934581055, 0.7636076445070556], [0, 0, 0, 0, 0])
Episode: 172; Score: [-2.70574705]; Action: ([1.7500655046686724, 1.1037699692464404, 1.0086866350728951, 1.7768051327186154, 0.8624656459837823], [1, 0, 0, 1, 0])
Episode: 173; Score: [-4.12512554]; Action: ([1.7663075131656605, 0.169695252198949, 0.26687815427672534, 1.1592213853127353, 1.5127721579788886], [1, 0, 0, 0, 0])
Episode: 174; Score: [-3.87792809]; Action: ([1.1914758320420167, 1.3530896652902753, 0.32350301977150786, 0.8562552803513095, 0.15360429692664157], [0, 0, 0, 0, 0])
Episode: 175; Score: [-2.03549806]; Action: ([1.6500814182536228, 0.6826178062827564, 0.7894106097199927, 0.8119992960314728, 1.6694443506386263], [0, 0, 0, 0, 1])
Episode: 176; Score: [-1.98022864]; Action: ([1.5559749812568036, 0.5057675486806343, 1.1216032311592694, 1.5993337301268604, 1.2090842483526518], [0, 0, 0, 0, 0])
Episode: 177; Score: [-2.42826787]; Action: ([1.170323206849656, 0.56277763561446, 0.5134934071887018, 1.7002652683560806, 1.6339504391527255], [0, 0, 0, 1, 0])
Episode: 178; Score: [-2.27892817]; Action: ([2.0, 1.1104977949968222, 0.6469047805243708, 0.20860770131410966, 1.0239428583164967], [1, 0, 0, 0, 0])
Episode: 179; Score: [-4.40637394]; Action: ([1.1894829700533103, 1.951917430152595, 0.9158958307110994, 1.4511135755051778, 0.989051113976513], [0, 1, 0, 0, 0])
Episode: 180; Score: [-5.22126682]; Action: ([1.3112880405110108, 0.08727586537046395, 0.7283422526218586, 1.7164173930427666, 1.3779432649969858], [0, 0, 0, 1, 0])
Episode: 181; Score: [-5.46140215]; Action: ([0.12685647269378397, 0.46484167937698784, 1.435170847037411, 1.33296465468071, 0.049105887683948746], [0, 0, 0, 0, 0])
Episode: 182; Score: [-2.24371162]; Action: ([2.0, 1.2503828340500815, 1.6292432188593202, 0.9039566056141102, 1.7319578277287238], [1, 0, 0, 0, 1])
Episode: 183; Score: [-5.46927652]; Action: ([1.4992808394926014, 1.5419554726650395, 0.0747202356879415, 0.1667922134961506, 1.3318856623551127], [0, 0, 0, 0, 0])
Episode: 184; Score: [-5.95837642]; Action: ([1.7973083192956862, 1.3409883285763937, 1.3385448542737646, 0.0, 1.4815349151754813], [1, 0, 0, 0, 0])
Episode: 185; Score: [-5.16743327]; Action: ([0.1884995135507912, 0.8271172208834403, 0.09756547973578811, 1.1273463081015087, 0.5920382039082284], [0, 0, 0, 0, 0])
Episode: 186; Score: [-4.32210691]; Action: ([1.3207441228593704, 1.0286825576668077, 0.7885026946826215, 1.0488768075032582, 0.5484520216626758], [0, 0, 0, 0, 0])
Episode: 187; Score: [-3.96540559]; Action: ([0.6578286484330036, 0.9964392658985473, 0.4504832418219946, 1.5019629541578043, 0.4278803001209106], [0, 0, 0, 0, 0])
Episode: 188; Score: [-3.32985918]; Action: ([0.07743761525382387, 0.6795346905717765, 0.231037457591325, 0.0, 0.6821310604404145], [0, 0, 0, 0, 0])
Episode: 189; Score: [-5.44333708]; Action: ([2.0, 1.9451863760677344, 0.8602673750244587, 0.0913512342591265, 0.5502306893522919], [1, 1, 0, 0, 0])
Episode: 190; Score: [-2.13072362]; Action: ([1.6183437964923895, 1.3535181941560932, 2.0, 0.949516264838735, 1.6549345112407225], [0, 0, 1, 0, 0])
Episode: 191; Score: [-3.79216816]; Action: ([1.5467828608394818, 0.01220210879341499, 1.2345581596578368, 1.906939088776465, 0.5073496235429384], [0, 0, 0, 1, 0])
Episode: 192; Score: [-5.59546365]; Action: ([0.29666735423286306, 1.320344221792044, 0.8197571192144402, 1.4271062313323175, 0.18134986544360943], [0, 0, 0, 0, 0])
Episode: 193; Score: [-3.57210976]; Action: ([0.6959128199915385, 0.08484785134358064, 0.2914379679405279, 1.563946298949457, 0.9359648200355517], [0, 0, 0, 0, 0])
Episode: 194; Score: [-4.51063104]; Action: ([1.6413521965895432, 1.280876746703398, 0.3270449741302148, 0.5791014202251923, 0.682255703532745], [0, 0, 0, 0, 0])
Episode: 195; Score: [-5.81024119]; Action: ([1.4917136944732123, 1.3016124873821233, 0.6621256232097477, 0.5422258751167177, 1.812563506537429], [0, 0, 0, 0, 1])
Episode: 196; Score: [-3.63476597]; Action: ([1.541587868782266, 0.4463951828516659, 0.4742601621121456, 0.6017841710361873, 1.3012066498091595], [0, 0, 0, 0, 0])
Episode: 197; Score: [-2.45234718]; Action: ([1.6160684624081136, 0.8722938139386329, 0.9493425073134265, 0.436234539637685, 1.6737134925135082], [0, 0, 0, 0, 1])
Episode: 198; Score: [-2.4747249]; Action: ([1.2488013407406182, 0.8744456471354891, 1.6907986595492952, 1.9373133595593302, 1.155513408115664], [0, 0, 1, 1, 0])
Episode: 199; Score: [-3.39631335]; Action: ([0.42746714583150425, 0.9648783788403144, 1.514796251683068, 1.4600619019105796, 1.236482969581727], [0, 0, 0, 0, 0])
Episode: 200; Score: [-1.96982796]; Action: ([1.2503345827969798, 1.2857973148453654, 1.4120767529730935, 0.6585205961705081, 1.6801399055244453], [0, 0, 0, 0, 1])
Episode: 201; Score: [-3.86385439]; Action: ([1.7367636965957247, 1.7145061757292783, 0.4547024638991308, 0.8500251922120616, 0.8091604367011118], [1, 1, 0, 0, 0])
Episode: 202; Score: [-3.05715744]; Action: ([1.2781356249718332, 0.7734208495399502, 1.937441365966962, 0.797496408747133, 1.1563483112488961], [0, 0, 1, 0, 0])
Episode: 203; Score: [-3.65423914]; Action: ([1.8468933496561761, 0.3852824980180394, 1.5824091531672702, 0.3637266811858777, 1.3322674878926906], [1, 0, 0, 0, 0])
Episode: 204; Score: [-2.75395308]; Action: ([1.2593305934568149, 0.0, 0.512429292599659, 0.8380346140641504, 0.1549136055239102], [0, 0, 0, 0, 0])
Episode: 205; Score: [-4.18247742]; Action: ([1.89905901934223, 0.05501480896036259, 1.0901899723234432, 0.3109598842741019, 1.4622988976594513], [1, 0, 0, 0, 0])
Episode: 206; Score: [-5.98501134]; Action: ([1.0248313607077817, 0.22504185006027377, 1.1863894923787437, 1.5487486344803352, 2.0], [0, 0, 0, 0, 1])
Episode: 207; Score: [-4.82316152]; Action: ([1.0793440696175913, 0.2393773276742448, 1.6667623609489757, 1.3706988705120509, 0.4669788877715193], [0, 0, 1, 0, 0])
Episode: 208; Score: [-5.26344332]; Action: ([1.812514124713721, 1.0684753292085445, 0.6674810813508463, 1.435309292796611, 0.279663495848844], [1, 0, 0, 0, 0])
Episode: 209; Score: [-5.69005876]; Action: ([0.19072909242902503, 1.9406344511366571, 1.8492944356050292, 1.076164503115937, 0.6332362742095465], [0, 1, 1, 0, 0])
Episode: 210; Score: [-4.22265157]; Action: ([0.07361607988838026, 0.8167575572558516, 1.2683631483224036, 0.1380929064709291, 1.9258218750374017], [0, 0, 0, 0, 1])
Episode: 211; Score: [-2.97870731]; Action: ([0.28646472802379574, 1.3599190988947636, 0.1444843793139592, 0.0, 0.9502626787803776], [0, 0, 0, 0, 0])
Episode: 212; Score: [-3.82568397]; Action: ([0.0, 1.7205570000071915, 0.6493807402248217, 0.0, 0.24549229252111493], [0, 1, 0, 0, 0])
Episode: 213; Score: [-4.19482965]; Action: ([0.6177443734641272, 1.7230141077600283, 0.8234533234126522, 1.645792812561008, 0.44119395269701456], [0, 1, 0, 0, 0])
Episode: 214; Score: [-2.56872609]; Action: ([2.0, 1.6740433880232668, 1.283979911287894, 1.2838617723719665, 1.1054354366837265], [1, 1, 0, 0, 0])
Episode: 215; Score: [-3.19553341]; Action: ([0.0, 1.0005774741654576, 1.2008301142434288, 2.0, 1.0058741790460874], [0, 0, 0, 1, 0])
Episode: 216; Score: [-3.87264514]; Action: ([0.25470688845260225, 1.0907759543938687, 0.5051885438259953, 0.8542247121716324, 1.16774904382523], [0, 0, 0, 0, 0])
Episode: 217; Score: [-6.40488139]; Action: ([0.13746352273332763, 1.7713638526255908, 1.3783749400670569, 0.20915772658086929, 0.6414862744997372], [0, 1, 0, 0, 0])
Episode: 218; Score: [-2.01811677]; Action: ([1.6513897341048067, 1.0196963946260635, 1.8473975904955289, 1.0052512763814714, 0.5056182278532955], [0, 0, 1, 0, 0])
Episode: 219; Score: [-4.71379605]; Action: ([1.744370169415507, 0.24593717745819088, 0.7980904087452121, 1.1120237067236176, 0.813374590434307], [1, 0, 0, 0, 0])
Episode: 220; Score: [-3.73761572]; Action: ([1.1329360297400495, 1.433849783251266, 0.29270042069106506, 1.9834217711573876, 0.28717584596665535], [0, 0, 0, 1, 0])
Episode: 221; Score: [-3.82979999]; Action: ([0.3718797871950319, 0.5545668874524565, 1.3030602554977841, 1.085005539387023, 0.5152875219578219], [0, 0, 0, 0, 0])
Episode: 222; Score: [-2.33179847]; Action: ([0.3282499410356361, 0.08879804769376354, 0.6813360621847302, 0.1432182508234734, 1.090196172745526], [0, 0, 0, 0, 0])
Episode: 223; Score: [-2.86391829]; Action: ([1.3490146985688354, 0.9034395376158282, 0.40328858086333885, 1.6860104354575771, 1.7943284576264318], [0, 0, 0, 1, 1])
Episode: 224; Score: [-3.95708503]; Action: ([0.070620344612494, 1.728598306466211, 0.2664627583769761, 0.3603689771794232, 1.9259388083057112], [0, 1, 0, 0, 1])
Episode: 225; Score: [-6.95384773]; Action: ([0.662648888234153, 1.676038240294352, 1.5580311156158209, 1.6805476684599459, 1.376581818665385], [0, 1, 0, 1, 0])
Episode: 226; Score: [-5.56661902]; Action: ([0.996506187981925, 1.2310896050235214, 0.7418058172163593, 0.7153275144301134, 0.2108310624707348], [0, 0, 0, 0, 0])
Episode: 227; Score: [-3.3718352]; Action: ([0.1573800972476893, 1.8391993942434868, 0.5255256159105064, 1.8886707000947436, 1.8957877781006602], [0, 1, 0, 1, 1])
Episode: 228; Score: [-3.98649013]; Action: ([1.0193145859713166, 0.6646092988907493, 0.9392215020459913, 0.5044301488699361, 0.8589145947014916], [0, 0, 0, 0, 0])
Episode: 229; Score: [-4.99878423]; Action: ([0.9289935253050787, 0.08116378365065358, 1.171419886455185, 0.5838851995477277, 0.5785931442065346], [0, 0, 0, 0, 0])
Episode: 230; Score: [-4.40121829]; Action: ([0.9287748061107974, 0.2260554256853835, 1.9492833692173668, 0.5851474215341919, 1.8080874291934244], [0, 0, 1, 0, 1])
Episode: 231; Score: [-5.42971595]; Action: ([0.16264977685303328, 1.0696140745197253, 0.6976073629390223, 0.4566077413746086, 0.32303324611252116], [0, 0, 0, 0, 0])
Episode: 232; Score: [-5.36452311]; Action: ([1.2435582414385906, 1.5010082703892262, 0.2650449444669607, 0.9101661220338872, 1.4447455351889442], [0, 0, 0, 0, 0])
Episode: 233; Score: [-3.97262998]; Action: ([0.9917484740164184, 0.424871822533593, 0.6050995815425462, 1.661811897494593, 0.2890982078599764], [0, 0, 0, 0, 0])
Episode: 234; Score: [-3.35724321]; Action: ([0.15318124781943343, 0.40996155546017765, 1.1527825517517765, 0.8271550122579134, 0.8141628415792563], [0, 0, 0, 0, 0])
Episode: 235; Score: [-4.12043226]; Action: ([1.2539674032256096, 1.7736883239340633, 0.6476242725563819, 1.4042780217024444, 0.34738636267461764], [0, 1, 0, 0, 0])
Episode: 236; Score: [-3.27219089]; Action: ([1.3570558372674237, 1.6289766861173942, 1.6282937582507322, 1.0784982954230282, 1.549525422929573], [0, 0, 0, 0, 0])
Episode: 237; Score: [-3.53482213]; Action: ([1.4593477090307152, 1.67283481639911, 1.1607481012652352, 1.49960739342338, 0.3398056810115737], [0, 1, 0, 0, 0])
Episode: 238; Score: [-2.0014972]; Action: ([1.3497904428722238, 0.15256609660963982, 0.6943845334357572, 1.1821535164514054, 1.316503866866932], [0, 0, 0, 0, 0])
Episode: 239; Score: [-7.01178064]; Action: ([0.558257469662149, 1.5672130764574057, 0.63199779640038, 0.21988361800239953, 0.1452935505112547], [0, 0, 0, 0, 0])
Episode: 240; Score: [-7.9149127]; Action: ([0.08508718013763428, 0.0, 0.0, 0.0, 0.0], [0, 0, 0, 0, 0])
Episode: 241; Score: [-7.922008]; Action: ([0.0, 0.028904497623443604, 0.0, 0.0, 0.04908740520477295], [0, 0, 0, 0, 0])
Episode: 242; Score: [-0.01060933]; Action: ([0.0, 0.0, 0.0, 0.010609328746795654, 0.0], [0, 0, 0, 0, 0])
Episode: 243; Score: [-8.952586]; Action: ([0.0, 0.0, 0.0, 0.04741388559341431, 0.0], [0, 0, 0, 0, 0])
Episode: 244; Score: [-8.]; Action: ([0.0, 0.0, 0.0, 0.0, 0.0], [0, 0, 0, 0, 0])
Episode: 245; Score: [-4.8231683]; Action: ([0.0, 0.11138015985488892, 0.0, 0.0, 0.06545150279998779], [0, 0, 0, 0, 0])
Episode: 246; Score: [-4.76404]; Action: ([0.2290968894958496, 0.003978371620178223, 0.0028847455978393555, 0.0, 0.0], [0, 0, 0, 0, 0])
Episode: 247; Score: [-0.3186413]; Action: ([0.03456473350524902, 0.05649399757385254, 0.05761253833770752, 0.015434443950653076, 0.15453559160232544], [0, 0, 0, 0, 0])
Episode: 248; Score: [-7.786521]; Action: ([0.1126052737236023, 0.0, 0.10087382793426514, 0.0, 0.0], [0, 0, 0, 0, 0])
Episode: 249; Score: [-8.921772]; Action: ([0.0, 0.07822853326797485, 0.0, 0.0, 0.0], [0, 0, 0, 0, 0])
Episode: 250; Score: [-4.8374076]; Action: ([0.0, 0.0, 0.007100582122802734, 0.0, 0.15549182891845703], [0, 0, 0, 0, 0])
Episode: 251; Score: [-7.7135186]; Action: ([0.053200602531433105, 0.0, 0.15576303005218506, 0.0, 0.07751762866973877], [0, 0, 0, 0, 0])
Episode: 252; Score: [-0.1531989]; Action: ([0.0, 0.0365336537361145, 0.06945890188217163, 0.0329279899597168, 0.0142783522605896], [0, 0, 0, 0, 0])
Episode: 253; Score: [-8.753357]; Action: ([0.0, 0.12096041440963745, 0.041332244873046875, 0.0843508243560791, 0.0], [0, 0, 0, 0, 0])
Episode: 254; Score: [-7.686451]; Action: ([0.022235572338104248, 0.04442107677459717, 0.0, 0.24689245223999023, 0.0], [0, 0, 0, 0, 0])
Episode: 255; Score: [-4.739373]; Action: ([0.17462003231048584, 0.006580948829650879, 0.0, 0.0, 0.07942605018615723], [0, 0, 0, 0, 0])
Episode: 256; Score: [-4.7090516]; Action: ([0.0, 0.031394243240356445, 0.0, 0.13627159595489502, 0.1232825517654419], [0, 0, 0, 0, 0])
Episode: 257; Score: [-0.2846914]; Action: ([0.1428343653678894, 0.0, 0.04092550277709961, 0.058670639991760254, 0.04226088523864746], [0, 0, 0, 0, 0])
Episode: 258; Score: [-4.923877]; Action: ([0.0, 0.05735325813293457, 0.0, 0.018769800662994385, 0.0], [0, 0, 0, 0, 0])
Episode: 259; Score: [-4.8672953]; Action: ([0.0, 0.0, 0.04446524381637573, 0.08823931217193604, 0.0], [0, 0, 0, 0, 0])
Episode: 260; Score: [-4.905725]; Action: ([0.0, 0.0690874457359314, 0.0021982789039611816, 0.00933617353439331, 0.013653099536895752], [0, 0, 0, 0, 0])
Episode: 261; Score: [-7.8445935]; Action: ([0.0, 0.08857905864715576, 0.0, 0.0595703125, 0.007256865501403809], [0, 0, 0, 0, 0])
Episode: 262; Score: [-0.29678386]; Action: ([0.13568687438964844, 0.0, 0.0, 0.1344367265701294, 0.026660263538360596], [0, 0, 0, 0, 0])
Episode: 263; Score: [-0.03530353]; Action: ([0.0, 0.0, 0.0, 0.03530353307723999, 0.0], [0, 0, 0, 0, 0])
Episode: 264; Score: [-0.09310347]; Action: ([0.0, 0.0, 0.09310346841812134, 0.0, 0.0], [0, 0, 0, 0, 0])
Episode: 265; Score: [-0.42182273]; Action: ([0.15334343910217285, 0.13970452547073364, 0.11795645952224731, 0.0, 0.010818302631378174], [0, 0, 0, 0, 0])
Episode: 266; Score: [-7.776589]; Action: ([0.020241200923919678, 0.0, 0.12163114547729492, 0.047414183616638184, 0.03412431478500366], [0, 0, 0, 0, 0])
Episode: 267; Score: [-0.2580098]; Action: ([0.09009766578674316, 0.16791212558746338, 0.0, 0.0, 0.0], [0, 0, 0, 0, 0])
Episode: 268; Score: [-4.7321024]; Action: ([0.0, 0.0, 0.0, 0.18362963199615479, 0.08426803350448608], [0, 0, 0, 0, 0])
Episode: 269; Score: [-4.8682165]; Action: ([0.0, 0.03608214855194092, 0.09407228231430054, 0.0, 0.0016293525695800781], [0, 0, 0, 0, 0])
Episode: 270; Score: [-8.93725]; Action: ([0.0, 0.0, 0.0, 0.03260636329650879, 0.03014373779296875], [0, 0, 0, 0, 0])
Episode: 271; Score: [-4.7402787]; Action: ([0.022097527980804443, 0.1961362361907959, 0.04148757457733154, 0.0, 0.0], [0, 0, 0, 0, 0])
Episode: 272; Score: [-4.6956706]; Action: ([0.17252123355865479, 0.0, 0.1094515323638916, 0.02235645055770874, 0.0], [0, 0, 0, 0, 0])
Episode: 273; Score: [-4.850915]; Action: ([0.0, 0.0, 0.11151736974716187, 0.037567853927612305, 0.0], [0, 0, 0, 0, 0])
Episode: 274; Score: [-7.5680723]; Action: ([0.0, 0.06462740898132324, 0.15564262866973877, 0.10303831100463867, 0.10861891508102417], [0, 0, 0, 0, 0])
Episode: 275; Score: [-7.7835445]; Action: ([0.0, 0.21645569801330566, 0.0, 0.0, 0.0], [0, 0, 0, 0, 0])
Episode: 276; Score: [-4.8994265]; Action: ([0.03583317995071411, 0.0, 0.005777716636657715, 0.05896306037902832, 0.0], [0, 0, 0, 0, 0])
Episode: 277; Score: [-7.7536135]; Action: ([0.019305288791656494, 0.0, 0.1767714023590088, 0.05031007528305054, 0.0], [0, 0, 0, 0, 0])
Episode: 278; Score: [-4.67775]; Action: ([0.11840498447418213, 0.0, 0.0, 0.2038450837135315, 0.0], [0, 0, 0, 0, 0])
Episode: 279; Score: [-7.402602]; Action: ([0.10921484231948853, 0.1327962875366211, 0.2872239947319031, 0.06816256046295166, 0.0], [0, 0, 0, 0, 0])
Episode: 280; Score: [-0.11778563]; Action: ([0.0, 0.046901822090148926, 0.07088381052017212, 0.0, 0.0], [0, 0, 0, 0, 0])
Episode: 281; Score: [-0.64479876]; Action: ([0.2983548641204834, 0.07607722282409668, 0.14809787273406982, 0.0, 0.12226879596710205], [0, 0, 0, 0, 0])
Episode: 282; Score: [-4.823785]; Action: ([0.07242465019226074, 0.0, 0.0, 0.0, 0.10379040241241455], [0, 0, 0, 0, 0])
Episode: 283; Score: [-8.]; Action: ([0.0, 0.0, 0.0, 0.0, 0.0], [0, 0, 0, 0, 0])
Episode: 284; Score: [-0.15949297]; Action: ([0.1128612756729126, 0.0, 0.0, 0.046631693840026855, 0.0], [0, 0, 0, 0, 0])
Episode: 285; Score: [-8.9071865]; Action: ([0.07300716638565063, 0.0, 0.0, 0.01980692148208618, 0.0], [0, 0, 0, 0, 0])
Episode: 286; Score: [0.]; Action: ([0.0, 0.0, 0.0, 0.0, 0.0], [0, 0, 0, 0, 0])
Episode: 287; Score: [-4.9142995]; Action: ([0.0, 0.02556896209716797, 0.0, 0.032955050468444824, 0.02717655897140503], [0, 0, 0, 0, 0])
Episode: 288; Score: [-4.805338]; Action: ([0.19466185569763184, 0.0, 0.0, 0.0, 0.0], [0, 0, 0, 0, 0])
Episode: 289; Score: [-0.15795249]; Action: ([0.0, 0.0, 0.0, 0.07048922777175903, 0.08746325969696045], [0, 0, 0, 0, 0])
Episode: 290; Score: [-0.04941493]; Action: ([0.0, 0.04364633560180664, 0.0, 0.00576859712600708, 0.0], [0, 0, 0, 0, 0])
Episode: 291; Score: [-7.986742]; Action: ([0.0, 0.0, 0.0, 0.0, 0.013258039951324463], [0, 0, 0, 0, 0])
Episode: 292; Score: [-4.6046724]; Action: ([0.03854650259017944, 0.09224218130111694, 0.0, 0.12975025177001953, 0.13478827476501465], [0, 0, 0, 0, 0])
Episode: 293; Score: [-7.814881]; Action: ([0.004954338073730469, 0.0, 0.007855653762817383, 0.0, 0.17230939865112305], [0, 0, 0, 0, 0])
Episode: 294; Score: [-8.895731]; Action: ([0.0, 0.038678526878356934, 0.06559067964553833, 0.0, 0.0], [0, 0, 0, 0, 0])
Episode: 295; Score: [-4.377115]; Action: ([0.10673469305038452, 0.0, 0.22151625156402588, 0.09779524803161621, 0.19683897495269775], [0, 0, 0, 0, 0])
Episode: 296; Score: [-8.792623]; Action: ([0.0, 0.06053471565246582, 0.0, 0.017598211765289307, 0.12924456596374512], [0, 0, 0, 0, 0])
Episode: 297; Score: [-7.699964]; Action: ([0.0, 0.10485285520553589, 0.04961603879928589, 0.007560312747955322, 0.1380068063735962], [0, 0, 0, 0, 0])
Episode: 298; Score: [-7.841069]; Action: ([0.0, 0.0, 0.09106391668319702, 0.06510674953460693, 0.0027601122856140137], [0, 0, 0, 0, 0])
Episode: 299; Score: [-0.12977839]; Action: ([0.019412100315093994, 0.0, 0.0, 0.0, 0.11036628484725952], [0, 0, 0, 0, 0])
Episode: 300; Score: [-4.971134]; Action: ([0.0, 0.028865516185760498, 0.0, 0.0, 0.0], [0, 0, 0, 0, 0])
Episode: 301; Score: [-7.792966]; Action: ([0.06586599349975586, 0.0, 0.11160606145858765, 0.02956181764602661, 0.0], [0, 0, 0, 0, 0])
Episode: 302; Score: [-8.946705]; Action: ([0.0, 0.0, 0.0, 0.05329537391662598, 0.0], [0, 0, 0, 0, 0])
Episode: 303; Score: [-0.3817494]; Action: ([0.12167584896087646, 0.09719395637512207, 0.12068629264831543, 0.0, 0.04219329357147217], [0, 0, 0, 0, 0])
Episode: 304; Score: [-7.499166]; Action: ([0.1865086555480957, 0.06631523370742798, 0.0, 0.24801015853881836, 0.0], [0, 0, 0, 0, 0])
Episode: 305; Score: [-4.9724393]; Action: ([0.0, 0.027560770511627197, 0.0, 0.0, 0.0], [0, 0, 0, 0, 0])
Episode: 306; Score: [-8.83579]; Action: ([0.1642102599143982, 0.0, 0.0, 0.0, 0.0], [0, 0, 0, 0, 0])
Episode: 307; Score: [-8.696172]; Action: ([0.012491583824157715, 0.1127392053604126, 0.05811429023742676, 0.09706592559814453, 0.023417353630065918], [0, 0, 0, 0, 0])
Episode: 308; Score: [-0.04091406]; Action: ([0.0, 0.0, 0.0, 0.023229777812957764, 0.01768428087234497], [0, 0, 0, 0, 0])
Episode: 309; Score: [-8.639374]; Action: ([0.0, 0.24501723051071167, 0.0, 0.06321489810943604, 0.0523945689201355], [0, 0, 0, 0, 0])
Episode: 310; Score: [-4.5658426]; Action: ([0.0, 0.06712281703948975, 0.14953696727752686, 0.21749776601791382, 0.0], [0, 0, 0, 0, 0])
Episode: 311; Score: [-0.02071404]; Action: ([0.0, 0.0, 0.0, 0.02071404457092285, 0.0], [0, 0, 0, 0, 0])
Episode: 312; Score: [-7.831807]; Action: ([0.0, 0.13618308305740356, 0.032009899616241455, 0.0, 0.0], [0, 0, 0, 0, 0])
Episode: 313; Score: [-4.858798]; Action: ([0.0, 0.0, 0.05802106857299805, 0.0726006031036377, 0.010580480098724365], [0, 0, 0, 0, 0])
Episode: 314; Score: [-8.7894745]; Action: ([0.20053231716156006, 0.009993195533752441, 0.0, 0.0, 0.0], [0, 0, 0, 0, 0])
Episode: 315; Score: [-4.59427]; Action: ([0.0, 0.01809227466583252, 0.22055208683013916, 0.0, 0.16708552837371826], [0, 0, 0, 0, 0])
Episode: 316; Score: [-4.892903]; Action: ([0.0008370876312255859, 0.0, 0.07625460624694824, 0.0, 0.030005276203155518], [0, 0, 0, 0, 0])
Episode: 317; Score: [-8.851304]; Action: ([0.08102601766586304, 0.03607010841369629, 0.01934051513671875, 0.01225978136062622, 0.0], [0, 0, 0, 0, 0])
Episode: 318; Score: [-8.629074]; Action: ([0.0, 0.0, 0.0793258547782898, 0.20974385738372803, 0.0818566083908081], [0, 0, 0, 0, 0])
Episode: 319; Score: [-0.44054425]; Action: ([0.18136733770370483, 0.23063993453979492, 0.0, 0.028536975383758545, 0.0], [0, 0, 0, 0, 0])
Episode: 320; Score: [-8.819516]; Action: ([0.0, 0.05418288707733154, 0.12630081176757812, 0.0, 0.0], [0, 0, 0, 0, 0])
Episode: 321; Score: [-4.700494]; Action: ([0.13637828826904297, 0.04351520538330078, 0.10939556360244751, 0.0, 0.010217249393463135], [0, 0, 0, 0, 0])
Episode: 322; Score: [-7.835705]; Action: ([0.0, 0.0, 0.08387792110443115, 0.05221593379974365, 0.02820110321044922], [0, 0, 0, 0, 0])
Episode: 323; Score: [-4.9167557]; Action: ([0.017083406448364258, 0.0, 0.0, 0.06616109609603882, 0.0], [0, 0, 0, 0, 0])
Episode: 324; Score: [-8.810453]; Action: ([0.015664637088775635, 0.0, 0.1142842173576355, 0.05229508876800537, 0.007302224636077881], [0, 0, 0, 0, 0])
Episode: 325; Score: [-0.11456984]; Action: ([0.0, 0.08210724592208862, 0.03246259689331055, 0.0, 0.0], [0, 0, 0, 0, 0])
Episode: 326; Score: [-4.621434]; Action: ([0.08819770812988281, 0.10071778297424316, 0.17468947172164917, 0.0, 0.014961004257202148], [0, 0, 0, 0, 0])
Episode: 327; Score: [-4.8004923]; Action: ([0.0, 0.05182540416717529, 0.0, 0.1476823091506958, 0.0], [0, 0, 0, 0, 0])
Episode: 328; Score: [0.]; Action: ([0.0, 0.0, 0.0, 0.0, 0.0], [0, 0, 0, 0, 0])
Episode: 329; Score: [-0.4662429]; Action: ([0.1355196237564087, 0.0, 0.19201183319091797, 0.0008745193481445312, 0.13783693313598633], [0, 0, 0, 0, 0])
Episode: 330; Score: [-7.755029]; Action: ([0.0, 0.15916800498962402, 0.05329418182373047, 0.00605398416519165, 0.026454567909240723], [0, 0, 0, 0, 0])
