Episode: 0; Score: -2.16092931246385; Action: ([1.95, 0.92, 1.01, 0.0, 1.98], [2, 1, 1, 0, 2])
Episode: 1; Score: -6.967664793133736; Action: ([2.0, 0.97, 0.0, 2.0, 2.0], [2, 1, 0, 2, 2])
Episode: 2; Score: -2.895751038682647; Action: ([1.04, 0.12, 1.98, 2.0, 1.0], [1, 0, 2, 2, 1])
Episode: 3; Score: -2.1581069016829133; Action: ([0.0, 1.01, 0.95, 1.1, 0.0], [0, 1, 1, 1, 0])
Episode: 4; Score: -5.987161861732602; Action: ([1.97, 1.03, 0.96, 0.03, 2.0], [2, 1, 1, 0, 2])
Episode: 5; Score: -1.0798773169517517; Action: ([2.0, 0.97, 0.01, 1.98, 1.95], [2, 1, 0, 2, 2])
Episode: 6; Score: -3.057976046577096; Action: ([0.94, 0.0, 2.0, 1.98, 0.97], [1, 0, 2, 2, 1])
Episode: 7; Score: -5.88828937895596; Action: ([0.06, 0.91, 0.98, 1.03, 0.14], [0, 1, 1, 1, 0])
Episode: 8; Score: -2.230464542284608; Action: ([1.89, 1.11, 0.98, 0.01, 2.0], [2, 1, 1, 0, 2])
Episode: 9; Score: -2.0785761419683695; Action: ([2.0, 0.97, 0.0, 1.95, 2.0], [2, 1, 0, 2, 2])
Episode: 10; Score: -3.0199105963110924; Action: ([0.95, 0.01, 1.94, 2.0, 1.03], [1, 0, 2, 2, 1])
Episode: 11; Score: -2.0965711772441864; Action: ([0.01, 0.96, 1.03, 0.95, 0.01], [0, 1, 1, 1, 0])
Episode: 12; Score: -2.172965805977583; Action: ([1.94, 1.08, 1.05, 0.02, 2.0], [2, 1, 1, 0, 2])
Episode: 13; Score: -7.000461506657302; Action: ([2.0, 1.01, 0.03, 1.97, 2.0], [2, 1, 0, 2, 2])
Episode: 14; Score: -3.215953268110752; Action: ([0.91, 0.02, 2.0, 1.95, 0.9], [1, 0, 2, 2, 1])
Episode: 15; Score: -2.949020439758897; Action: ([0.0, 1.02, 0.96, 0.96, 0.02], [0, 1, 1, 1, 0])
Episode: 16; Score: -2.141700081527233; Action: ([1.96, 1.05, 0.94, 0.0, 2.0], [2, 1, 1, 0, 2])
Episode: 17; Score: -6.910465352237225; Action: ([1.95, 1.04, 0.02, 1.98, 1.92], [2, 1, 0, 2, 2])
Episode: 18; Score: -4.061987314373255; Action: ([1.03, 0.0, 2.0, 1.95, 0.95], [1, 0, 2, 2, 1])
Episode: 19; Score: -5.861939363181591; Action: ([0.0, 1.04, 1.06, 1.06, 0.05], [0, 1, 1, 1, 0])
Episode: 20; Score: -6.003728412091732; Action: ([2.0, 0.98, 1.01, 0.04, 1.97], [2, 1, 1, 0, 2])
Episode: 21; Score: -6.98575309664011; Action: ([1.98, 1.07, 0.02, 2.0, 1.92], [2, 1, 0, 2, 2])
Episode: 22; Score: -3.1106089930981398; Action: ([1.02, 0.0, 1.98, 1.93, 0.96], [1, 0, 2, 2, 1])
Episode: 23; Score: -6.002751402556896; Action: ([0.0, 0.98, 1.06, 0.96, 0.0], [0, 1, 1, 1, 0])
Episode: 24; Score: -3.057444930076599; Action: ([2.0, 1.03, 1.04, 0.0, 1.98], [2, 1, 1, 0, 2])
Episode: 25; Score: -7.0198522582650185; Action: ([2.0, 1.03, 0.01, 2.0, 1.98], [2, 1, 0, 2, 2])
Episode: 26; Score: -5.928686875849962; Action: ([0.92, 0.05, 2.0, 2.0, 0.96], [1, 0, 2, 2, 1])
Episode: 27; Score: -2.0264806896448135; Action: ([0.0, 1.03, 0.94, 0.96, 0.12], [0, 1, 1, 1, 0])
Episode: 28; Score: -3.0044700144790113; Action: ([2.0, 1.01, 0.96, 0.04, 2.0], [2, 1, 1, 0, 2])
Episode: 29; Score: -3.9916402101516724; Action: ([2.0, 0.94, 0.01, 2.0, 1.94], [2, 1, 0, 2, 2])
Episode: 30; Score: -2.874485567212105; Action: ([1.07, 0.05, 2.0, 1.99, 1.01], [1, 0, 2, 2, 1])
Episode: 31; Score: -5.029131511226296; Action: ([0.03, 0.97, 1.04, 1.0, 0.0], [0, 1, 1, 1, 0])
Episode: 32; Score: -3.0035881580915884; Action: ([2.0, 0.98, 1.0, 0.02, 2.0], [2, 1, 1, 0, 2])
Episode: 33; Score: -3.90401359135285; Action: ([1.95, 1.0, 0.05, 2.0, 2.0], [2, 1, 0, 2, 2])
Episode: 34; Score: -5.996594682335854; Action: ([1.01, 0.0, 1.92, 2.0, 1.07], [1, 0, 2, 2, 1])
Episode: 35; Score: -2.010255513014272; Action: ([0.07, 0.98, 0.94, 1.0, 0.0], [0, 1, 1, 1, 0])
Episode: 36; Score: -6.048680350184441; Action: ([1.99, 1.02, 1.04, 0.0, 2.0], [2, 1, 1, 0, 2])
Episode: 37; Score: -2.143550961976871; Action: ([1.94, 1.0, 0.02, 1.9, 2.0], [2, 1, 0, 2, 2])
Episode: 38; Score: -6.065443907864392; Action: ([1.01, 0.05, 2.0, 2.0, 1.01], [1, 0, 2, 2, 1])
Episode: 39; Score: -2.1446144990622997; Action: ([0.0, 0.99, 0.97, 0.9, 0.0], [0, 1, 1, 1, 0])
Episode: 40; Score: -2.954688150435686; Action: ([2.0, 0.98, 1.08, 0.0, 1.99], [2, 1, 1, 0, 2])
Episode: 41; Score: -1.0541763519868255; Action: ([1.95, 1.0, 0.01, 1.98, 2.0], [2, 1, 0, 2, 2])
Episode: 42; Score: -3.127762198448181; Action: ([1.06, 0.0, 2.0, 2.0, 0.93], [1, 0, 2, 2, 1])
Episode: 43; Score: -2.0403248337097466; Action: ([0.0, 1.02, 1.01, 1.0, 0.0], [0, 1, 1, 1, 0])
Episode: 44; Score: -5.990555498749018; Action: ([1.92, 1.08, 1.02, 0.0, 1.97], [2, 1, 1, 0, 2])
Episode: 45; Score: -6.928372073918581; Action: ([2.0, 0.97, 0.0, 2.0, 1.95], [2, 1, 0, 2, 2])
Episode: 46; Score: -5.947197187691927; Action: ([0.98, 0.03, 1.99, 2.0, 0.95], [1, 0, 2, 2, 1])
Episode: 47; Score: -3.046493398025632; Action: ([0.0, 1.08, 0.93, 1.02, 0.02], [0, 1, 1, 1, 0])
Episode: 48; Score: -3.0104148164391518; Action: ([2.0, 0.95, 1.03, 0.07, 2.0], [2, 1, 1, 0, 2])
Episode: 49; Score: -6.856355965137482; Action: ([2.0, 0.87, 0.0, 2.0, 1.99], [2, 1, 0, 2, 2])
Episode: 50; Score: -5.969246795808431; Action: ([1.0, 0.0, 2.0, 2.0, 0.97], [1, 0, 2, 2, 1])
Episode: 51; Score: -3.1541721262037754; Action: ([0.0, 1.05, 1.08, 1.02, 0.0], [0, 1, 1, 1, 0])
Episode: 52; Score: -2.9674329180270433; Action: ([1.94, 0.99, 1.02, 0.0, 1.99], [2, 1, 1, 0, 2])
Episode: 53; Score: -6.960680551826954; Action: ([2.0, 0.96, 0.0, 2.0, 2.0], [2, 1, 0, 2, 2])
Episode: 54; Score: -5.97019774466753; Action: ([1.03, 0.0, 1.93, 1.99, 1.02], [1, 0, 2, 2, 1])
Episode: 55; Score: -5.015205192845315; Action: ([0.0, 1.0, 1.03, 1.01, 0.0], [0, 1, 1, 1, 0])
Episode: 56; Score: -5.848848983645439; Action: ([2.0, 0.91, 1.0, 0.0, 1.95], [2, 1, 1, 0, 2])
Episode: 57; Score: -0.9942699912935495; Action: ([2.0, 1.03, 0.04, 2.0, 1.99], [2, 1, 0, 2, 2])
Episode: 58; Score: -6.129286658018827; Action: ([1.05, 0.08, 2.0, 1.97, 1.03], [1, 0, 2, 2, 1])
Episode: 59; Score: -5.044840754941106; Action: ([0.01, 1.06, 1.04, 1.0, 0.04], [0, 1, 1, 1, 0])
Episode: 60; Score: -3.2472762018442154; Action: ([1.91, 0.93, 0.89, 0.02, 2.0], [2, 1, 1, 0, 2])
Episode: 61; Score: -2.1035572262480855; Action: ([2.0, 1.01, 0.0, 1.91, 2.0], [2, 1, 0, 2, 2])
Episode: 62; Score: -5.968690780631732; Action: ([1.02, 0.0, 1.95, 2.0, 1.0], [1, 0, 2, 2, 1])
Episode: 63; Score: -2.1311462111771107; Action: ([0.0, 0.91, 0.94, 0.99, 0.02], [0, 1, 1, 1, 0])
Episode: 64; Score: -2.100698077119887; Action: ([1.91, 1.01, 1.02, 0.02, 2.0], [2, 1, 1, 0, 2])
Episode: 65; Score: -1.012049657292664; Action: ([2.0, 1.01, 0.0, 2.0, 2.0], [2, 1, 0, 2, 2])
Episode: 66; Score: -4.024566100910306; Action: ([0.95, 0.0, 2.0, 2.0, 1.03], [1, 0, 2, 2, 1])
Episode: 67; Score: -2.1150320172309875; Action: ([0.0, 0.99, 0.96, 0.93, 0.0], [0, 1, 1, 1, 0])
Episode: 68; Score: -6.134612858295441; Action: ([2.0, 1.06, 1.06, 0.02, 1.99], [2, 1, 1, 0, 2])
Episode: 69; Score: -3.9924703165888786; Action: ([2.0, 0.92, 0.0, 1.98, 1.93], [2, 1, 0, 2, 2])
Episode: 70; Score: -6.067130733281374; Action: ([1.05, 0.02, 2.0, 1.96, 1.04], [1, 0, 2, 2, 1])
Episode: 71; Score: -3.035447794944048; Action: ([0.0, 1.02, 1.03, 0.99, 0.0], [0, 1, 1, 1, 0])
Episode: 72; Score: -3.045837489888072; Action: ([2.0, 1.06, 0.98, 0.0, 1.97], [2, 1, 1, 0, 2])
Episode: 73; Score: -2.0807277876883745; Action: ([1.96, 0.97, 0.0, 2.0, 1.99], [2, 1, 0, 2, 2])
Episode: 74; Score: -3.029822263866663; Action: ([0.99, 0.05, 2.0, 1.98, 0.96], [1, 0, 2, 2, 1])
Episode: 75; Score: -4.896148370578885; Action: ([0.04, 1.03, 0.98, 1.03, 0.08], [0, 1, 1, 1, 0])
Episode: 76; Score: -2.1156688388437033; Action: ([1.98, 0.99, 0.91, 0.0, 2.0], [2, 1, 1, 0, 2])
Episode: 77; Score: -3.9729963317513466; Action: ([2.0, 0.97, 0.05, 2.0, 1.99], [2, 1, 0, 2, 2])
Episode: 78; Score: -3.982373706996441; Action: ([1.03, 0.0, 1.95, 2.0, 0.93], [1, 0, 2, 2, 1])
Episode: 79; Score: -5.068494122475386; Action: ([0.02, 1.04, 1.02, 0.97, 0.0], [0, 1, 1, 1, 0])
Episode: 80; Score: -3.1293401792645454; Action: ([1.89, 1.03, 0.98, 0.05, 1.97], [2, 1, 1, 0, 2])
Episode: 81; Score: -7.034504137933254; Action: ([2.0, 0.97, 0.07, 2.0, 2.0], [2, 1, 0, 2, 2])
Episode: 82; Score: -3.1517472863197327; Action: ([0.96, 0.0, 1.88, 1.97, 1.04], [1, 0, 2, 2, 1])
Episode: 83; Score: -6.146945245563984; Action: ([0.0, 1.04, 0.89, 1.01, 0.0], [0, 1, 1, 1, 0])
Episode: 84; Score: -3.0792466700077057; Action: ([1.99, 1.02, 0.95, 0.0, 2.0], [2, 1, 1, 0, 2])
Episode: 85; Score: -6.8550572246313095; Action: ([2.0, 0.99, 0.0, 1.94, 1.93], [2, 1, 0, 2, 2])
Episode: 86; Score: -3.073464587330818; Action: ([0.96, 0.09, 2.0, 2.0, 0.87], [1, 0, 2, 2, 1])
Episode: 87; Score: -2.057846455834806; Action: ([0.0, 1.04, 0.99, 1.0, 0.0], [0, 1, 1, 1, 0])
Episode: 88; Score: -5.988448719523149; Action: ([2.0, 0.99, 1.0, 0.0, 2.0], [2, 1, 1, 0, 2])
Episode: 89; Score: -3.886149365454912; Action: ([2.0, 0.96, 0.0, 1.92, 1.92], [2, 1, 0, 2, 2])
Episode: 90; Score: -3.023559592664242; Action: ([0.96, 0.0, 2.0, 1.97, 1.01], [1, 0, 2, 2, 1])
Episode: 91; Score: -2.9442173615098; Action: ([0.08, 0.96, 0.95, 0.95, 0.0], [0, 1, 1, 1, 0])
Episode: 92; Score: -2.931174226803705; Action: ([1.98, 1.0, 1.0, 0.0, 1.94], [2, 1, 1, 0, 2])
Episode: 93; Score: -1.2101524323225021; Action: ([1.97, 0.92, 0.0, 1.91, 1.98], [2, 1, 0, 2, 2])
Episode: 94; Score: -6.001347696408629; Action: ([1.02, 0.08, 2.0, 2.0, 0.9], [1, 0, 2, 2, 1])
Episode: 95; Score: -5.0295381201431155; Action: ([0.0, 0.99, 0.95, 1.03, 0.0], [0, 1, 1, 1, 0])
Episode: 96; Score: -5.992273807525635; Action: ([2.0, 0.94, 1.07, 0.0, 1.98], [2, 1, 1, 0, 2])
Episode: 97; Score: -2.182344987988472; Action: ([1.96, 0.92, 0.0, 1.99, 1.94], [2, 1, 0, 2, 2])
Episode: 98; Score: -2.9984194487333298; Action: ([1.08, 0.09, 1.97, 1.99, 1.06], [1, 0, 2, 2, 1])
Episode: 99; Score: -2.2270686249248683; Action: ([0.0, 1.13, 0.91, 1.01, 0.0], [0, 1, 1, 1, 0])
Episode: 100; Score: -2.12828940525651; Action: ([2.0, 1.04, 0.96, 0.0, 1.96], [2, 1, 1, 0, 2])
Episode: 101; Score: -1.1130013521760702; Action: ([1.9, 1.02, 0.01, 2.0, 2.0], [2, 1, 0, 2, 2])
Episode: 102; Score: -6.0600084867328405; Action: ([1.02, 0.07, 1.99, 2.0, 0.98], [1, 0, 2, 2, 1])
Episode: 103; Score: -5.04080750583671; Action: ([0.0, 0.98, 0.98, 1.0, 0.0], [0, 1, 1, 1, 0])
Episode: 104; Score: -5.855918310582638; Action: ([2.0, 0.97, 0.89, 0.08, 1.91], [2, 1, 1, 0, 2])
Episode: 105; Score: -1.9939442500472069; Action: ([2.0, 0.97, 0.05, 1.99, 2.0], [2, 1, 0, 2, 2])
Episode: 106; Score: -2.908156106248498; Action: ([1.01, 0.12, 1.96, 2.0, 1.05], [1, 0, 2, 2, 1])
Episode: 107; Score: -4.925277009606361; Action: ([0.05, 0.96, 1.04, 1.05, 0.05], [0, 1, 1, 1, 0])
Episode: 108; Score: -3.0625371411442757; Action: ([2.0, 0.96, 1.05, 0.02, 1.99], [2, 1, 1, 0, 2])
Episode: 109; Score: -6.893937516957521; Action: ([2.0, 0.95, 0.05, 1.97, 1.93], [2, 1, 0, 2, 2])
Episode: 110; Score: -4.122889099642634; Action: ([0.93, 0.0, 1.97, 1.93, 0.99], [1, 0, 2, 2, 1])
Episode: 111; Score: -3.0779409054666758; Action: ([0.15, 0.95, 1.02, 0.95, 0.0], [0, 1, 1, 1, 0])
Episode: 112; Score: -1.991265432909131; Action: ([2.0, 0.94, 0.98, 0.1, 2.0], [2, 1, 1, 0, 2])
Episode: 113; Score: -7.0315303057432175; Action: ([2.0, 1.06, 0.0, 2.0, 1.97], [2, 1, 0, 2, 2])
Episode: 114; Score: -3.0910809338092804; Action: ([0.92, 0.0, 1.94, 1.98, 1.07], [1, 0, 2, 2, 1])
Episode: 115; Score: -4.9929189558606595; Action: ([0.0, 1.06, 1.0, 1.02, 0.06], [0, 1, 1, 1, 0])
Episode: 116; Score: -3.01430534850806; Action: ([2.0, 1.08, 1.01, 0.08, 2.0], [2, 1, 1, 0, 2])
Episode: 117; Score: -6.992711845785379; Action: ([1.99, 1.02, 0.0, 1.98, 2.0], [2, 1, 0, 2, 2])
Episode: 118; Score: -3.8549528610892594; Action: ([1.04, 0.05, 1.94, 2.0, 1.0], [1, 0, 2, 2, 1])
Episode: 119; Score: -2.1132288984954357; Action: ([0.01, 1.03, 0.92, 1.05, 0.04], [0, 1, 1, 1, 0])
Episode: 120; Score: -2.928552377037704; Action: ([1.94, 1.0, 1.07, 0.0, 1.91], [2, 1, 1, 0, 2])
Episode: 121; Score: -1.123587891459465; Action: ([1.98, 0.94, 0.01, 1.96, 1.98], [2, 1, 0, 2, 2])
Episode: 122; Score: -4.071465935558081; Action: ([0.98, 0.0, 1.97, 2.0, 0.93], [1, 0, 2, 2, 1])
Episode: 123; Score: -2.229536112397909; Action: ([0.0, 0.92, 0.86, 1.03, 0.02], [0, 1, 1, 1, 0])
Episode: 124; Score: -2.058906866237521; Action: ([1.97, 0.98, 1.03, 0.03, 2.0], [2, 1, 1, 0, 2])
Episode: 125; Score: -1.0699710547924042; Action: ([2.0, 1.05, 0.0, 1.98, 2.0], [2, 1, 0, 2, 2])
Episode: 126; Score: -3.9110326021909714; Action: ([0.97, 0.0, 2.0, 2.0, 1.12], [1, 0, 2, 2, 1])
Episode: 127; Score: -2.0988067351281643; Action: ([0.0, 1.02, 0.95, 1.05, 0.03], [0, 1, 1, 1, 0])
Episode: 128; Score: -6.104406628757715; Action: ([1.93, 1.07, 1.03, 0.09, 1.99], [2, 1, 1, 0, 2])
Episode: 129; Score: -2.0999202579259872; Action: ([1.97, 0.93, 0.0, 2.0, 2.0], [2, 1, 0, 2, 2])
Episode: 130; Score: -3.099238669499755; Action: ([0.99, 0.0, 1.98, 2.0, 0.89], [1, 0, 2, 2, 1])
Episode: 131; Score: -2.9176730676554143; Action: ([0.0, 1.01, 0.94, 0.97, 0.0], [0, 1, 1, 1, 0])
Episode: 132; Score: -2.032172666862607; Action: ([2.0, 1.04, 1.03, 0.04, 2.0], [2, 1, 1, 0, 2])
Episode: 133; Score: -6.931116694584489; Action: ([1.97, 1.01, 0.0, 2.0, 1.95], [2, 1, 0, 2, 2])
Episode: 134; Score: -3.9306781589984894; Action: ([1.03, 0.01, 2.0, 2.0, 1.03], [1, 0, 2, 2, 1])
Episode: 135; Score: -5.081459098495543; Action: ([0.0, 0.94, 0.96, 0.99, 0.03], [0, 1, 1, 1, 0])
Episode: 136; Score: -2.079478271305561; Action: ([1.99, 0.98, 0.96, 0.0, 1.99], [2, 1, 1, 0, 2])
Episode: 137; Score: -0.9891815152950585; Action: ([2.0, 0.99, 0.02, 2.0, 2.0], [2, 1, 0, 2, 2])
Episode: 138; Score: -4.060228889808059; Action: ([1.0, 0.09, 2.0, 1.95, 0.9], [1, 0, 2, 2, 1])
Episode: 139; Score: -2.040368465706706; Action: ([0.07, 1.04, 0.95, 0.97, 0.0], [0, 1, 1, 1, 0])
Episode: 140; Score: -3.0453108735382557; Action: ([2.0, 1.09, 1.05, 0.04, 1.95], [2, 1, 1, 0, 2])
Episode: 141; Score: -1.1595729142427444; Action: ([1.87, 1.11, 0.08, 2.0, 2.0], [2, 1, 0, 2, 2])
Episode: 142; Score: -3.9490730799734592; Action: ([0.98, 0.0, 1.95, 1.97, 1.06], [1, 0, 2, 2, 1])
Episode: 143; Score: -2.0869511254131794; Action: ([0.0, 1.03, 0.96, 0.99, 0.0], [0, 1, 1, 1, 0])
Episode: 144; Score: -3.141906525939703; Action: ([2.0, 0.94, 0.91, 0.0, 2.0], [2, 1, 1, 0, 2])
Episode: 145; Score: -7.041893699206412; Action: ([1.98, 1.01, 0.1, 2.0, 1.95], [2, 1, 0, 2, 2])
Episode: 146; Score: -6.0535796489566565; Action: ([0.97, 0.06, 2.0, 1.96, 1.07], [1, 0, 2, 2, 1])
Episode: 147; Score: -5.165909871459007; Action: ([0.04, 0.96, 0.92, 0.91, 0.0], [0, 1, 1, 1, 0])
Episode: 148; Score: -2.0623268242925406; Action: ([2.0, 0.98, 0.95, 0.01, 2.0], [2, 1, 1, 0, 2])
Episode: 149; Score: -4.0430040769279; Action: ([2.0, 1.06, 0.01, 1.99, 2.0], [2, 1, 0, 2, 2])
Episode: 150; Score: -3.996411845088005; Action: ([1.01, 0.0, 2.0, 2.0, 1.0], [1, 0, 2, 2, 1])
Episode: 151; Score: -5.918693182058632; Action: ([0.0, 1.01, 1.03, 0.99, 0.08], [0, 1, 1, 1, 0])
Episode: 152; Score: -5.998648753389716; Action: ([2.0, 1.01, 1.02, 0.0, 1.96], [2, 1, 1, 0, 2])
Episode: 153; Score: -1.0877445191144943; Action: ([2.0, 0.98, 0.04, 1.92, 1.96], [2, 1, 0, 2, 2])
Episode: 154; Score: -2.9514900594949722; Action: ([1.13, 0.0, 2.0, 1.98, 0.94], [1, 0, 2, 2, 1])
Episode: 155; Score: -3.0824309289455414; Action: ([0.01, 0.92, 1.08, 1.07, 0.0], [0, 1, 1, 1, 0])
Episode: 156; Score: -3.09212115034461; Action: ([1.95, 0.98, 1.03, 0.0, 1.95], [2, 1, 1, 0, 2])
Episode: 157; Score: -2.1756272353231907; Action: ([1.99, 1.06, 0.03, 1.99, 1.87], [2, 1, 0, 2, 2])
Episode: 158; Score: -4.067413713783026; Action: ([0.91, 0.01, 1.97, 2.0, 0.98], [1, 0, 2, 2, 1])
Episode: 159; Score: -5.1198255233466625; Action: ([0.0, 1.07, 1.12, 1.02, 0.05], [0, 1, 1, 1, 0])
Episode: 160; Score: -3.0483157820999622; Action: ([1.99, 1.04, 1.02, 0.0, 2.0], [2, 1, 1, 0, 2])
Episode: 161; Score: -1.0065916953608394; Action: ([2.0, 0.99, 0.0, 2.0, 2.0], [2, 1, 0, 2, 2])
Episode: 162; Score: -2.9463027520105243; Action: ([1.01, 0.03, 2.0, 1.94, 1.03], [1, 0, 2, 2, 1])
Episode: 163; Score: -5.01596892811358; Action: ([0.0, 0.99, 1.06, 1.06, 0.0], [0, 1, 1, 1, 0])
Episode: 164; Score: -3.0783196967095137; Action: ([2.0, 0.98, 0.94, 0.0, 2.0], [2, 1, 1, 0, 2])
Episode: 165; Score: -3.987490029539913; Action: ([2.0, 1.0, 0.0, 2.0, 1.99], [2, 1, 0, 2, 2])
Episode: 166; Score: -5.881700026337057; Action: ([0.99, 0.0, 2.0, 1.92, 0.97], [1, 0, 2, 2, 1])
Episode: 167; Score: -6.025769260711968; Action: ([0.0, 0.98, 1.01, 0.99, 0.0], [0, 1, 1, 1, 0])
Episode: 168; Score: -3.029903195798397; Action: ([2.0, 1.04, 1.01, 0.0, 1.99], [2, 1, 1, 0, 2])
Episode: 169; Score: -6.842781588435173; Action: ([2.0, 0.92, 0.05, 1.91, 1.97], [2, 1, 0, 2, 2])
Episode: 170; Score: -3.040188742801547; Action: ([0.92, 0.04, 1.98, 1.98, 0.97], [1, 0, 2, 2, 1])
Episode: 171; Score: -3.16689539141953; Action: ([0.02, 1.04, 1.02, 1.02, 0.06], [0, 1, 1, 1, 0])
Episode: 172; Score: -2.9772822251543403; Action: ([2.0, 1.05, 1.01, 0.08, 1.99], [2, 1, 1, 0, 2])
Episode: 173; Score: -6.785315510351211; Action: ([1.92, 1.0, 0.0, 1.91, 1.96], [2, 1, 0, 2, 2])
Episode: 174; Score: -4.031671203672886; Action: ([1.06, 0.0, 1.99, 1.95, 0.94], [1, 0, 2, 2, 1])
Episode: 175; Score: -3.0095272213220596; Action: ([0.02, 1.03, 0.97, 0.99, 0.0], [0, 1, 1, 1, 0])
Episode: 176; Score: -2.077595978975296; Action: ([2.0, 1.04, 1.03, 0.05, 1.94], [2, 1, 1, 0, 2])
Episode: 177; Score: -0.9007904683239758; Action: ([2.0, 1.0, 0.1, 2.0, 2.0], [2, 1, 0, 2, 2])
Episode: 178; Score: -3.2187590771354735; Action: ([0.87, 0.0, 2.0, 1.91, 1.0], [1, 0, 2, 2, 1])
Episode: 179; Score: -3.0793065391480923; Action: ([0.0, 1.1, 0.93, 1.05, 0.0], [0, 1, 1, 1, 0])
Episode: 180; Score: -2.0983345257118344; Action: ([1.99, 0.99, 0.99, 0.0, 1.94], [2, 1, 1, 0, 2])
Episode: 181; Score: -2.1318012177944183; Action: ([1.97, 1.1, 0.0, 2.0, 2.0], [2, 1, 0, 2, 2])
Episode: 182; Score: -3.0647320859134197; Action: ([0.91, 0.0, 1.96, 1.96, 0.95], [1, 0, 2, 2, 1])
Episode: 183; Score: -4.935691891238093; Action: ([0.06, 1.05, 0.99, 1.03, 0.04], [0, 1, 1, 1, 0])
Episode: 184; Score: -3.0236904229968786; Action: ([2.0, 0.98, 0.97, 0.0, 1.98], [2, 1, 1, 0, 2])
Episode: 185; Score: -4.003582503646612; Action: ([2.0, 1.06, 0.03, 2.0, 1.97], [2, 1, 0, 2, 2])
Episode: 186; Score: -3.838873567059636; Action: ([0.98, 0.11, 2.0, 1.99, 1.09], [1, 0, 2, 2, 1])
Episode: 187; Score: -6.074738496798091; Action: ([0.0, 1.0, 0.95, 0.97, 0.0], [0, 1, 1, 1, 0])
Episode: 188; Score: -2.112076811492443; Action: ([2.0, 0.96, 0.93, 0.0, 2.0], [2, 1, 1, 0, 2])
Episode: 189; Score: -2.0072192987427115; Action: ([1.98, 0.99, 0.03, 2.0, 2.0], [2, 1, 0, 2, 2])
Episode: 190; Score: -3.8639955054968596; Action: ([1.07, 0.0, 1.95, 2.0, 1.02], [1, 0, 2, 2, 1])
Episode: 191; Score: -5.0838581919670105; Action: ([0.0, 0.92, 0.98, 1.02, 0.0], [0, 1, 1, 1, 0])
Episode: 192; Score: -3.049929575994611; Action: ([1.96, 0.94, 0.97, 0.0, 2.0], [2, 1, 1, 0, 2])
Episode: 193; Score: -2.0819717720150948; Action: ([2.0, 1.04, 0.0, 2.0, 1.96], [2, 1, 0, 2, 2])
Episode: 194; Score: -3.074170334264636; Action: ([1.02, 0.0, 2.0, 2.0, 1.06], [1, 0, 2, 2, 1])
Episode: 195; Score: -2.0830388134345412; Action: ([0.0, 0.98, 0.99, 1.06, 0.0], [0, 1, 1, 1, 0])
Episode: 196; Score: -5.960323709761724; Action: ([2.0, 0.99, 1.0, 0.0, 1.97], [2, 1, 1, 0, 2])
Episode: 197; Score: -7.096108078956604; Action: ([2.0, 1.15, 0.0, 1.99, 1.96], [2, 1, 0, 2, 2])
Episode: 198; Score: -2.9364082999527454; Action: ([1.02, 0.02, 2.0, 2.0, 1.02], [1, 0, 2, 2, 1])
Episode: 199; Score: -3.0901112109422684; Action: ([0.0, 0.99, 1.07, 1.03, 0.0], [0, 1, 1, 1, 0])
Episode: 200; Score: -2.8860434065572917; Action: ([1.87, 1.0, 0.96, 0.03, 2.0], [2, 1, 1, 0, 2])
Episode: 201; Score: -1.0970157124102116; Action: ([1.96, 0.99, 0.0, 2.0, 1.96], [2, 1, 0, 2, 2])
Episode: 202; Score: -3.8332113660871983; Action: ([1.08, 0.03, 2.0, 2.0, 1.06], [1, 0, 2, 2, 1])
Episode: 203; Score: -5.097619013860822; Action: ([0.01, 1.03, 1.03, 0.93, 0.03], [0, 1, 1, 1, 0])
Episode: 204; Score: -3.017931468784809; Action: ([2.0, 0.91, 1.07, 0.0, 2.0], [2, 1, 1, 0, 2])
Episode: 205; Score: -6.965493925847113; Action: ([1.96, 1.0, 0.0, 2.0, 2.0], [2, 1, 0, 2, 2])
Episode: 206; Score: -4.0573618924827315; Action: ([1.0, 0.0, 2.0, 1.97, 0.97], [1, 0, 2, 2, 1])
Episode: 207; Score: -5.973880555480719; Action: ([0.03, 1.02, 1.04, 0.98, 0.0], [0, 1, 1, 1, 0])
Episode: 208; Score: -6.018338227178901; Action: ([1.94, 1.01, 1.03, 0.04, 2.0], [2, 1, 1, 0, 2])
Episode: 209; Score: -4.010614916682243; Action: ([1.98, 1.03, 0.0, 1.99, 2.0], [2, 1, 0, 2, 2])
Episode: 210; Score: -5.765215423889458; Action: ([0.99, 0.0, 1.88, 1.96, 0.93], [1, 0, 2, 2, 1])
Episode: 211; Score: -5.051461755749187; Action: ([0.0, 1.03, 1.02, 1.0, 0.0], [0, 1, 1, 1, 0])
Episode: 212; Score: -2.0285964868962765; Action: ([2.0, 1.08, 1.03, 0.08, 2.0], [2, 1, 1, 0, 2])
Episode: 213; Score: -6.865896370261908; Action: ([1.97, 0.95, 0.0, 1.95, 2.0], [2, 1, 0, 2, 2])
Episode: 214; Score: -3.048466734588146; Action: ([0.98, 0.02, 1.98, 2.0, 0.94], [1, 0, 2, 2, 1])
Episode: 215; Score: -5.071940572932363; Action: ([0.0, 0.96, 0.97, 0.96, 0.03], [0, 1, 1, 1, 0])
Episode: 216; Score: -2.9852029718458652; Action: ([1.94, 0.98, 0.98, 0.01, 2.0], [2, 1, 1, 0, 2])
Episode: 217; Score: -1.076224684715271; Action: ([2.0, 0.93, 0.01, 2.0, 1.98], [2, 1, 0, 2, 2])
Episode: 218; Score: -3.0529053900390863; Action: ([0.95, 0.0, 2.0, 1.99, 1.02], [1, 0, 2, 2, 1])
Episode: 219; Score: -2.001708816504106; Action: ([0.01, 0.95, 0.95, 1.0, 0.08], [0, 1, 1, 1, 0])
Episode: 220; Score: -6.014622528105974; Action: ([1.93, 0.97, 1.06, 0.09, 1.96], [2, 1, 1, 0, 2])
Episode: 221; Score: -7.001885309815407; Action: ([2.0, 1.05, 0.0, 1.96, 2.0], [2, 1, 0, 2, 2])
Episode: 222; Score: -3.951498858630657; Action: ([0.97, 0.01, 1.92, 1.96, 1.03], [1, 0, 2, 2, 1])
Episode: 223; Score: -5.960713986336486; Action: ([0.0, 1.0, 0.95, 1.0, 0.09], [0, 1, 1, 1, 0])
Episode: 224; Score: -6.008955648634583; Action: ([1.95, 1.0, 1.02, 0.03, 2.0], [2, 1, 1, 0, 2])
Episode: 225; Score: -7.042449232190847; Action: ([2.0, 1.04, 0.0, 2.0, 2.0], [2, 1, 0, 2, 2])
Episode: 226; Score: -3.972737983800471; Action: ([1.01, 0.0, 2.0, 2.0, 1.02], [1, 0, 2, 2, 1])
Episode: 227; Score: -5.03376935608685; Action: ([0.04, 1.04, 0.96, 0.97, 0.04], [0, 1, 1, 1, 0])
Episode: 228; Score: -2.097488399595022; Action: ([2.0, 1.09, 1.02, 0.01, 2.0], [2, 1, 1, 0, 2])
Episode: 229; Score: -6.938418397679925; Action: ([1.93, 0.98, 0.03, 2.0, 2.0], [2, 1, 0, 2, 2])
Episode: 230; Score: -2.924117272719741; Action: ([1.01, 0.0, 2.0, 2.0, 1.07], [1, 0, 2, 2, 1])
Episode: 231; Score: -2.963321730494499; Action: ([0.0, 1.04, 1.01, 0.91, 0.0], [0, 1, 1, 1, 0])
Episode: 232; Score: -3.124432422220707; Action: ([1.94, 1.03, 0.99, 0.02, 1.96], [2, 1, 1, 0, 2])
Episode: 233; Score: -2.01622380502522; Action: ([2.0, 1.03, 0.03, 1.98, 2.0], [2, 1, 0, 2, 2])
Episode: 234; Score: -5.945272418030072; Action: ([0.95, 0.0, 2.0, 2.0, 1.0], [1, 0, 2, 2, 1])
Episode: 235; Score: -4.864999283105135; Action: ([0.07, 0.95, 0.96, 1.08, 0.09], [0, 1, 1, 1, 0])
Episode: 236; Score: -1.920844716951251; Action: ([2.0, 0.98, 1.0, 0.11, 1.99], [2, 1, 1, 0, 2])
Episode: 237; Score: -1.0486633442342281; Action: ([2.0, 0.95, 0.0, 2.0, 2.0], [2, 1, 0, 2, 2])
Episode: 238; Score: -3.880723549722461; Action: ([1.0, 0.09, 2.0, 2.0, 1.03], [1, 0, 2, 2, 1])
Episode: 239; Score: -6.027259183116257; Action: ([0.03, 1.0, 0.99, 0.95, 0.0], [0, 1, 1, 1, 0])
Episode: 240; Score: -3.06156138330698; Action: ([2.0, 1.04, 0.98, 0.0, 2.0], [2, 1, 1, 0, 2])
Episode: 241; Score: -6.950944904237986; Action: ([2.0, 0.95, 0.03, 2.0, 1.96], [2, 1, 0, 2, 2])
Episode: 242; Score: -2.986423319671303; Action: ([1.01, 0.0, 2.0, 1.9, 0.92], [1, 0, 2, 2, 1])
Episode: 243; Score: -2.080128476023674; Action: ([0.0, 1.02, 0.94, 1.02, 0.01], [0, 1, 1, 1, 0])
Episode: 244; Score: -3.05999250151217; Action: ([2.0, 1.01, 0.95, 0.0, 2.0], [2, 1, 1, 0, 2])
Episode: 245; Score: -3.974996816366911; Action: ([1.97, 1.03, 0.01, 1.99, 1.99], [2, 1, 0, 2, 2])
Episode: 246; Score: -5.940366046503186; Action: ([0.9, 0.01, 2.0, 2.0, 1.03], [1, 0, 2, 2, 1])
Episode: 247; Score: -2.086909083649516; Action: ([0.0, 0.99, 1.05, 1.03, 0.01], [0, 1, 1, 1, 0])
Episode: 248; Score: -5.923114032484591; Action: ([2.0, 1.01, 0.89, 0.02, 2.0], [2, 1, 1, 0, 2])
Episode: 249; Score: -4.079113841056824; Action: ([2.0, 1.15, 0.02, 2.0, 1.95], [2, 1, 0, 2, 2])
Episode: 250; Score: -3.8275627094553784; Action: ([1.05, 0.09, 1.97, 2.0, 1.0], [1, 0, 2, 2, 1])
Episode: 251; Score: -5.002503748051822; Action: ([0.04, 1.0, 1.08, 1.03, 0.0], [0, 1, 1, 1, 0])
Episode: 252; Score: -3.0491506047546864; Action: ([2.0, 1.04, 0.97, 0.03, 1.99], [2, 1, 1, 0, 2])
Episode: 253; Score: -3.9827096574008465; Action: ([2.0, 0.96, 0.0, 1.99, 1.96], [2, 1, 0, 2, 2])
Episode: 254; Score: -5.9163396041840315; Action: ([0.99, 0.0, 2.0, 2.0, 0.92], [1, 0, 2, 2, 1])
Episode: 255; Score: -6.018525689840317; Action: ([0.09, 1.01, 0.95, 0.94, 0.0], [0, 1, 1, 1, 0])
Episode: 256; Score: -6.121922139078379; Action: ([1.99, 1.07, 1.06, 0.04, 1.96], [2, 1, 1, 0, 2])
Episode: 257; Score: -3.9107180759310722; Action: ([1.95, 1.06, 0.04, 1.95, 1.99], [2, 1, 0, 2, 2])
Episode: 258; Score: -3.9433863488957286; Action: ([1.01, 0.01, 2.0, 2.0, 1.03], [1, 0, 2, 2, 1])
Episode: 259; Score: -6.024071902036667; Action: ([0.0, 1.05, 0.96, 0.99, 0.07], [0, 1, 1, 1, 0])
Episode: 260; Score: -5.925197935663164; Action: ([1.98, 0.99, 1.0, 0.0, 1.95], [2, 1, 1, 0, 2])
Episode: 261; Score: -1.0429651383310556; Action: ([1.98, 1.03, 0.08, 1.97, 1.96], [2, 1, 0, 2, 2])
Episode: 262; Score: -5.872232111170888; Action: ([0.89, 0.0, 2.0, 2.0, 0.99], [1, 0, 2, 2, 1])
Episode: 263; Score: -5.130110815167427; Action: ([0.02, 1.09, 1.07, 0.99, 0.02], [0, 1, 1, 1, 0])
Episode: 264; Score: -3.0376245258376002; Action: ([1.98, 0.98, 1.01, 0.0, 1.99], [2, 1, 1, 0, 2])
Episode: 265; Score: -6.987693099305034; Action: ([1.97, 1.01, 0.0, 2.0, 2.0], [2, 1, 0, 2, 2])
Episode: 266; Score: -5.937339486554265; Action: ([1.03, 0.0, 1.97, 2.0, 0.94], [1, 0, 2, 2, 1])
Episode: 267; Score: -5.116160943172872; Action: ([0.0, 1.03, 0.9, 1.01, 0.0], [0, 1, 1, 1, 0])
Episode: 268; Score: -5.891112616285682; Action: ([2.0, 0.98, 0.91, 0.02, 1.98], [2, 1, 1, 0, 2])
Episode: 269; Score: -6.78897531144321; Action: ([1.91, 0.99, 0.01, 1.91, 1.97], [2, 1, 0, 2, 2])
Episode: 270; Score: -4.037081111222506; Action: ([1.05, 0.03, 2.0, 1.97, 0.91], [1, 0, 2, 2, 1])
Episode: 271; Score: -5.158752849325538; Action: ([0.02, 0.95, 1.1, 0.97, 0.0], [0, 1, 1, 1, 0])
Episode: 272; Score: -5.9262421992607415; Action: ([1.94, 1.0, 0.93, 0.09, 1.96], [2, 1, 1, 0, 2])
Episode: 273; Score: -6.874244548380375; Action: ([1.96, 0.93, 0.03, 1.98, 1.97], [2, 1, 0, 2, 2])
Episode: 274; Score: -3.0492091849446297; Action: ([1.06, 0.04, 2.0, 2.0, 1.03], [1, 0, 2, 2, 1])
Episode: 275; Score: -3.045086871832609; Action: ([0.04, 1.04, 0.96, 0.97, 0.03], [0, 1, 1, 1, 0])
Episode: 276; Score: -6.001664060167968; Action: ([1.99, 1.07, 1.01, 0.0, 1.93], [2, 1, 1, 0, 2])
Episode: 277; Score: -1.0801719576120377; Action: ([2.0, 0.92, 0.0, 2.0, 2.0], [2, 1, 0, 2, 2])
Episode: 278; Score: -3.084331177175045; Action: ([1.02, 0.0, 1.97, 2.0, 1.1], [1, 0, 2, 2, 1])
Episode: 279; Score: -5.064057134091854; Action: ([0.0, 1.06, 0.97, 0.97, 0.06], [0, 1, 1, 1, 0])
Episode: 280; Score: -2.912897476926446; Action: ([1.98, 0.98, 1.03, 0.11, 2.0], [2, 1, 1, 0, 2])
Episode: 281; Score: -1.082081362605095; Action: ([1.92, 1.02, 0.05, 1.99, 1.97], [2, 1, 0, 2, 2])
Episode: 282; Score: -2.911104340106249; Action: ([1.07, 0.05, 2.0, 2.0, 0.96], [1, 0, 2, 2, 1])
Episode: 283; Score: -2.106048888526857; Action: ([0.0, 0.96, 0.95, 0.99, 0.0], [0, 1, 1, 1, 0])
Episode: 284; Score: -5.9575668675825; Action: ([2.0, 0.99, 0.93, 0.04, 2.0], [2, 1, 1, 0, 2])
Episode: 285; Score: -1.0629525892436504; Action: ([2.0, 0.97, 0.0, 1.96, 2.0], [2, 1, 0, 2, 2])
Episode: 286; Score: -3.8344744201749563; Action: ([1.03, 0.06, 1.94, 1.95, 1.07], [1, 0, 2, 2, 1])
Episode: 287; Score: -2.8947658110409975; Action: ([0.0, 0.95, 0.98, 0.96, 0.0], [0, 1, 1, 1, 0])
Episode: 288; Score: -2.059519370086491; Action: ([2.0, 0.99, 0.95, 0.02, 1.97], [2, 1, 1, 0, 2])
Episode: 289; Score: -7.021507071331143; Action: ([2.0, 1.02, 0.0, 2.0, 2.0], [2, 1, 0, 2, 2])
Episode: 290; Score: -4.015910297632217; Action: ([0.98, 0.0, 2.0, 1.99, 1.02], [1, 0, 2, 2, 1])
Episode: 291; Score: -3.013362863101065; Action: ([0.0, 1.0, 0.95, 1.01, 0.05], [0, 1, 1, 1, 0])
Episode: 292; Score: -2.1472325436770916; Action: ([1.96, 0.97, 1.08, 0.04, 1.96], [2, 1, 1, 0, 2])
Episode: 293; Score: -6.946111777797341; Action: ([2.0, 1.01, 0.0, 1.96, 1.97], [2, 1, 0, 2, 2])
Episode: 294; Score: -6.02539499849081; Action: ([0.95, 0.03, 1.99, 2.0, 1.05], [1, 0, 2, 2, 1])
Episode: 295; Score: -2.0832697902806103; Action: ([0.0, 0.95, 1.03, 1.01, 0.0], [0, 1, 1, 1, 0])
Episode: 296; Score: -3.167930606752634; Action: ([1.95, 1.04, 0.9, 0.02, 2.0], [2, 1, 1, 0, 2])
Episode: 297; Score: -3.858320484869182; Action: ([2.0, 1.01, 0.03, 1.88, 2.0], [2, 1, 0, 2, 2])
Episode: 298; Score: -3.0218862015753984; Action: ([0.97, 0.03, 2.0, 2.0, 0.98], [1, 0, 2, 2, 1])
Episode: 299; Score: -4.945631178095937; Action: ([0.0, 0.99, 1.01, 1.04, 0.03], [0, 1, 1, 1, 0])
Episode: 300; Score: -3.0186825562268496; Action: ([1.96, 0.99, 1.03, 0.0, 2.0], [2, 1, 1, 0, 2])
Episode: 301; Score: -2.0547315031290054; Action: ([2.0, 1.05, 0.0, 2.0, 2.0], [2, 1, 0, 2, 2])
Episode: 302; Score: -4.051679814234376; Action: ([0.97, 0.0, 2.0, 2.0, 0.98], [1, 0, 2, 2, 1])
Episode: 303; Score: -5.2052689678967; Action: ([0.0, 0.92, 1.05, 0.92, 0.0], [0, 1, 1, 1, 0])
Episode: 304; Score: -3.1324940472841263; Action: ([1.99, 1.05, 1.09, 0.0, 2.0], [2, 1, 1, 0, 2])
Episode: 305; Score: -2.1029016971588135; Action: ([1.98, 0.99, 0.0, 2.0, 1.93], [2, 1, 0, 2, 2])
Episode: 306; Score: -3.9834123449400067; Action: ([1.01, 0.01, 1.96, 1.99, 0.97], [1, 0, 2, 2, 1])
Episode: 307; Score: -2.033283080905676; Action: ([0.0, 0.94, 1.02, 1.02, 0.07], [0, 1, 1, 1, 0])
Episode: 308; Score: -3.001698253210634; Action: ([2.0, 1.0, 1.0, 0.0, 2.0], [2, 1, 1, 0, 2])
Episode: 309; Score: -6.98871665331535; Action: ([1.95, 1.0, 0.04, 2.0, 2.0], [2, 1, 0, 2, 2])
Episode: 310; Score: -6.0867072911933064; Action: ([1.03, 0.06, 1.98, 2.0, 1.01], [1, 0, 2, 2, 1])
Episode: 311; Score: -3.077101788017899; Action: ([0.04, 1.02, 1.02, 1.0, 0.0], [0, 1, 1, 1, 0])
Episode: 312; Score: -3.105036557186395; Action: ([2.0, 0.85, 1.0, 0.02, 1.97], [2, 1, 1, 0, 2])
Episode: 313; Score: -4.011421003378928; Action: ([2.0, 1.01, 0.0, 2.0, 2.0], [2, 1, 0, 2, 2])
Episode: 314; Score: -5.9052120596170425; Action: ([0.96, 0.0, 2.0, 2.0, 0.95], [1, 0, 2, 2, 1])
Episode: 315; Score: -3.190381337888539; Action: ([0.02, 1.06, 0.99, 1.05, 0.07], [0, 1, 1, 1, 0])
Episode: 316; Score: -3.110151344910264; Action: ([2.0, 1.08, 1.03, 0.0, 2.0], [2, 1, 1, 0, 2])
Episode: 317; Score: -4.026895571500063; Action: ([2.0, 0.94, 0.0, 1.99, 1.97], [2, 1, 0, 2, 2])
Episode: 318; Score: -3.8828510693565477; Action: ([1.0, 0.06, 2.0, 2.0, 1.05], [1, 0, 2, 2, 1])
Episode: 319; Score: -2.9407531758770347; Action: ([0.0, 0.95, 0.96, 0.99, 0.04], [0, 1, 1, 1, 0])
Episode: 320; Score: -2.0449014990590513; Action: ([1.97, 1.0, 1.01, 0.0, 2.0], [2, 1, 1, 0, 2])
Episode: 321; Score: -7.015962813049555; Action: ([2.0, 1.03, 0.06, 1.95, 1.98], [2, 1, 0, 2, 2])
Episode: 322; Score: -6.073676120489836; Action: ([1.04, 0.01, 1.98, 1.97, 1.07], [1, 0, 2, 2, 1])
Episode: 323; Score: -5.048789782449603; Action: ([0.0, 1.01, 1.04, 0.95, 0.04], [0, 1, 1, 1, 0])
Episode: 324; Score: -2.1317817494273186; Action: ([1.97, 1.02, 1.12, 0.04, 2.0], [2, 1, 1, 0, 2])
Episode: 325; Score: -6.914187856018543; Action: ([1.98, 0.93, 0.0, 2.0, 2.0], [2, 1, 0, 2, 2])
Episode: 326; Score: -3.009492276236415; Action: ([1.01, 0.0, 2.0, 1.97, 1.02], [1, 0, 2, 2, 1])
Episode: 327; Score: -5.021018167724833; Action: ([0.0, 1.04, 0.99, 1.0, 0.03], [0, 1, 1, 1, 0])
Episode: 328; Score: -5.898651643656194; Action: ([2.0, 0.94, 0.99, 0.02, 1.94], [2, 1, 1, 0, 2])
Episode: 329; Score: -6.915588965639472; Action: ([1.94, 1.03, 0.0, 2.0, 1.95], [2, 1, 0, 2, 2])
Episode: 330; Score: -2.95297309756279; Action: ([0.95, 0.0, 2.0, 1.99, 1.1], [1, 0, 2, 2, 1])
Episode: 331; Score: -3.2282302919775248; Action: ([0.0, 1.07, 1.02, 1.05, 0.08], [0, 1, 1, 1, 0])
Episode: 332; Score: -2.09535289183259; Action: ([1.95, 0.97, 1.02, 0.0, 2.0], [2, 1, 1, 0, 2])
Episode: 333; Score: -3.8977735601365566; Action: ([1.92, 1.03, 0.03, 2.0, 1.97], [2, 1, 0, 2, 2])
Episode: 334; Score: -4.00910384953022; Action: ([1.02, 0.0, 1.99, 2.0, 0.97], [1, 0, 2, 2, 1])
Episode: 335; Score: -5.056054159998894; Action: ([0.0, 0.89, 0.99, 0.98, 0.09], [0, 1, 1, 1, 0])
Episode: 336; Score: -5.777425996959209; Action: ([2.0, 0.96, 0.9, 0.0, 1.91], [2, 1, 1, 0, 2])
Episode: 337; Score: -1.1528206914663315; Action: ([2.0, 1.08, 0.0, 1.99, 1.94], [2, 1, 0, 2, 2])
Episode: 338; Score: -3.9693868812173605; Action: ([0.98, 0.04, 1.95, 1.99, 0.97], [1, 0, 2, 2, 1])
Episode: 339; Score: -6.034240189939737; Action: ([0.04, 0.99, 0.98, 0.92, 0.04], [0, 1, 1, 1, 0])
Episode: 340; Score: -3.1321721859276295; Action: ([1.93, 0.98, 0.96, 0.0, 2.0], [2, 1, 1, 0, 2])
Episode: 341; Score: -3.935446225106716; Action: ([1.86, 1.07, 0.0, 2.0, 2.0], [2, 1, 0, 2, 2])
Episode: 342; Score: -3.973707029595971; Action: ([0.95, 0.05, 1.97, 1.98, 1.02], [1, 0, 2, 2, 1])
Episode: 343; Score: -5.971111904131249; Action: ([0.0, 1.09, 1.07, 1.0, 0.05], [0, 1, 1, 1, 0])
Episode: 344; Score: -5.966091860085726; Action: ([1.98, 1.05, 0.93, 0.04, 1.96], [2, 1, 1, 0, 2])
Episode: 345; Score: -3.923288356512785; Action: ([1.95, 0.95, 0.0, 1.95, 1.98], [2, 1, 0, 2, 2])
Episode: 346; Score: -3.9244849591632374; Action: ([1.01, 0.06, 2.0, 2.0, 1.0], [1, 0, 2, 2, 1])
Episode: 347; Score: -2.016562193923164; Action: ([0.0, 1.0, 1.0, 0.98, 0.0], [0, 1, 1, 1, 0])
Episode: 348; Score: -3.0635414489079267; Action: ([1.95, 0.94, 1.0, 0.05, 2.0], [2, 1, 1, 0, 2])
Episode: 349; Score: -1.1201324723660946; Action: ([2.0, 1.03, 0.0, 1.92, 1.98], [2, 1, 0, 2, 2])
Episode: 350; Score: -5.983259779633954; Action: ([0.95, 0.03, 2.0, 2.0, 1.0], [1, 0, 2, 2, 1])
Episode: 351; Score: -3.0109626036137342; Action: ([0.04, 1.04, 0.96, 0.97, 0.0], [0, 1, 1, 1, 0])
Episode: 352; Score: -5.855496112257242; Action: ([2.0, 0.96, 0.94, 0.05, 1.91], [2, 1, 1, 0, 2])
Episode: 353; Score: -0.9670138768851757; Action: ([2.0, 0.96, 0.07, 2.0, 2.0], [2, 1, 0, 2, 2])
Episode: 354; Score: -3.0250349920243025; Action: ([1.01, 0.0, 1.96, 2.0, 0.95], [1, 0, 2, 2, 1])
Episode: 355; Score: -2.159403775818646; Action: ([0.0, 0.92, 1.07, 1.0, 0.0], [0, 1, 1, 1, 0])
Episode: 356; Score: -2.167813815176487; Action: ([1.87, 1.03, 0.98, 0.02, 2.0], [2, 1, 1, 0, 2])
Episode: 357; Score: -6.963467855704948; Action: ([2.0, 1.0, 0.04, 1.96, 1.97], [2, 1, 0, 2, 2])
Episode: 358; Score: -6.008983255713247; Action: ([1.03, 0.0, 1.98, 2.0, 1.0], [1, 0, 2, 2, 1])
Episode: 359; Score: -5.943568255752325; Action: ([0.03, 0.97, 0.96, 1.04, 0.06], [0, 1, 1, 1, 0])
Episode: 360; Score: -2.9940405394881964; Action: ([1.95, 0.99, 1.06, 0.01, 2.0], [2, 1, 1, 0, 2])
Episode: 361; Score: -3.975048029795289; Action: ([2.0, 1.02, 0.0, 1.95, 2.0], [2, 1, 0, 2, 2])
Episode: 362; Score: -5.807406652718782; Action: ([1.05, 0.03, 1.9, 1.93, 0.9], [1, 0, 2, 2, 1])
Episode: 363; Score: -1.9688189290463924; Action: ([0.11, 0.96, 1.05, 0.97, 0.04], [0, 1, 1, 1, 0])
Episode: 364; Score: -3.049872886389494; Action: ([2.0, 1.02, 0.96, 0.0, 1.99], [2, 1, 1, 0, 2])
Episode: 365; Score: -1.0521939769387245; Action: ([2.0, 1.06, 0.08, 2.0, 1.93], [2, 1, 0, 2, 2])
Episode: 366; Score: -3.0847364738583565; Action: ([1.08, 0.0, 1.93, 2.0, 1.07], [1, 0, 2, 2, 1])
Episode: 367; Score: -3.006388154812157; Action: ([0.04, 0.99, 0.97, 0.97, 0.05], [0, 1, 1, 1, 0])
Episode: 368; Score: -3.0000281929969788; Action: ([1.99, 0.97, 1.01, 0.02, 2.0], [2, 1, 1, 0, 2])
Episode: 369; Score: -2.112685199826956; Action: ([1.97, 1.01, 0.0, 1.93, 2.0], [2, 1, 0, 2, 2])
Episode: 370; Score: -5.938644026406109; Action: ([1.01, 0.0, 2.0, 1.96, 0.96], [1, 0, 2, 2, 1])
Episode: 371; Score: -5.147785231471062; Action: ([0.02, 1.06, 0.95, 0.94, 0.01], [0, 1, 1, 1, 0])
Episode: 372; Score: -3.016824398189783; Action: ([1.95, 1.07, 1.02, 0.03, 2.0], [2, 1, 1, 0, 2])
Episode: 373; Score: -4.014725685119629; Action: ([1.99, 0.93, 0.0, 1.98, 1.97], [2, 1, 0, 2, 2])
Episode: 374; Score: -3.9463802613317966; Action: ([1.04, 0.0, 2.0, 1.98, 1.03], [1, 0, 2, 2, 1])
Episode: 375; Score: -3.026315463706851; Action: ([0.0, 1.0, 0.98, 1.04, 0.0], [0, 1, 1, 1, 0])
Episode: 376; Score: -2.9985220790840685; Action: ([2.0, 0.99, 0.99, 0.02, 2.0], [2, 1, 1, 0, 2])
Episode: 377; Score: -6.967572443187237; Action: ([2.0, 1.03, 0.0, 2.0, 1.93], [2, 1, 0, 2, 2])
Episode: 378; Score: -6.011204617097974; Action: ([1.01, 0.01, 1.93, 2.0, 1.06], [1, 0, 2, 2, 1])
Episode: 379; Score: -2.2120584808290005; Action: ([0.0, 0.89, 0.96, 0.92, 0.01], [0, 1, 1, 1, 0])
Episode: 380; Score: -2.0291379769332707; Action: ([2.0, 0.99, 1.01, 0.0, 1.99], [2, 1, 1, 0, 2])
Episode: 381; Score: -3.8888754434883595; Action: ([1.95, 0.97, 0.0, 1.98, 1.93], [2, 1, 0, 2, 2])
Episode: 382; Score: -2.9359098374843597; Action: ([1.09, 0.03, 1.94, 1.93, 1.01], [1, 0, 2, 2, 1])
Episode: 383; Score: -2.911087050801143; Action: ([0.04, 1.0, 0.92, 0.95, 0.0], [0, 1, 1, 1, 0])
Episode: 384; Score: -3.10101318359375; Action: ([2.0, 1.09, 1.06, 0.0, 1.95], [2, 1, 1, 0, 2])
Episode: 385; Score: -4.026213951408863; Action: ([2.0, 0.97, 0.0, 2.0, 2.0], [2, 1, 0, 2, 2])
Episode: 386; Score: -4.090104764327407; Action: ([1.01, 0.0, 2.0, 2.0, 0.9], [1, 0, 2, 2, 1])
Episode: 387; Score: -3.1843955889344215; Action: ([0.0, 1.06, 1.06, 1.06, 0.0], [0, 1, 1, 1, 0])
Episode: 388; Score: -2.147380441427231; Action: ([2.0, 0.97, 1.04, 0.03, 1.89], [2, 1, 1, 0, 2])
Episode: 389; Score: -7.0859686732292175; Action: ([2.0, 1.09, 0.0, 2.0, 2.0], [2, 1, 0, 2, 2])
Episode: 390; Score: -5.93201868981123; Action: ([0.96, 0.03, 2.0, 2.0, 0.95], [1, 0, 2, 2, 1])
Episode: 391; Score: -3.0524242643732578; Action: ([0.05, 0.98, 1.02, 1.0, 0.0], [0, 1, 1, 1, 0])
Episode: 392; Score: -2.1064155399799347; Action: ([2.0, 1.07, 1.02, 0.0, 1.99], [2, 1, 1, 0, 2])
Episode: 393; Score: -1.152973962482065; Action: ([1.94, 0.99, 0.02, 1.97, 1.93], [2, 1, 0, 2, 2])
Episode: 394; Score: -6.067236425355077; Action: ([0.98, 0.0, 2.0, 1.99, 1.1], [1, 0, 2, 2, 1])
Episode: 395; Score: -3.10647948179394; Action: ([0.03, 0.98, 0.99, 1.05, 0.06], [0, 1, 1, 1, 0])
Episode: 396; Score: -2.1105560809373856; Action: ([2.0, 0.95, 0.94, 0.0, 2.0], [2, 1, 1, 0, 2])
Episode: 397; Score: -2.061952155083418; Action: ([2.0, 0.96, 0.02, 1.95, 2.0], [2, 1, 0, 2, 2])
Episode: 398; Score: -6.025606542825699; Action: ([1.05, 0.0, 1.95, 1.98, 1.04], [1, 0, 2, 2, 1])
Episode: 399; Score: -2.9259411776438355; Action: ([0.0, 0.98, 1.01, 0.93, 0.0], [0, 1, 1, 1, 0])
Episode: 400; Score: -3.0307576283812523; Action: ([1.99, 0.98, 0.96, 0.0, 1.99], [2, 1, 1, 0, 2])
Episode: 401; Score: -3.8999093528836966; Action: ([1.97, 1.0, 0.0, 1.97, 1.96], [2, 1, 0, 2, 2])
Episode: 402; Score: -3.9649669975042343; Action: ([1.03, 0.0, 2.0, 1.99, 1.01], [1, 0, 2, 2, 1])
Episode: 403; Score: -5.719488921109587; Action: ([0.04, 1.01, 1.14, 1.04, 0.07], [0, 1, 1, 1, 0])
Episode: 404; Score: -2.0651881471276283; Action: ([2.0, 0.97, 0.97, 0.0, 2.0], [2, 1, 1, 0, 2])
Episode: 405; Score: -6.97426475211978; Action: ([1.99, 1.01, 0.0, 1.98, 2.0], [2, 1, 0, 2, 2])
Episode: 406; Score: -3.0334171541035175; Action: ([1.02, 0.0, 1.99, 2.0, 1.02], [1, 0, 2, 2, 1])
Episode: 407; Score: -2.1122165406122804; Action: ([0.0, 0.92, 0.98, 1.01, 0.0], [0, 1, 1, 1, 0])
Episode: 408; Score: -3.018341474235058; Action: ([1.96, 1.07, 1.06, 0.04, 1.97], [2, 1, 1, 0, 2])
Episode: 409; Score: -4.073529809713364; Action: ([2.0, 0.91, 0.0, 1.98, 2.0], [2, 1, 0, 2, 2])
Episode: 410; Score: -3.131814129650593; Action: ([0.92, 0.01, 1.99, 2.0, 0.92], [1, 0, 2, 2, 1])
Episode: 411; Score: -2.947811241261661; Action: ([0.05, 0.97, 0.94, 0.99, 0.0], [0, 1, 1, 1, 0])
Episode: 412; Score: -6.025614100042731; Action: ([2.0, 1.03, 0.99, 0.03, 1.98], [2, 1, 1, 0, 2])
Episode: 413; Score: -3.9662991166114807; Action: ([2.0, 0.95, 0.05, 1.97, 2.0], [2, 1, 0, 2, 2])
Episode: 414; Score: -5.96846566349268; Action: ([0.93, 0.0, 1.97, 2.0, 1.07], [1, 0, 2, 2, 1])
Episode: 415; Score: -3.185572177171707; Action: ([0.03, 1.04, 1.03, 0.96, 0.13], [0, 1, 1, 1, 0])
Episode: 416; Score: -3.008386667817831; Action: ([2.0, 1.01, 0.99, 0.07, 1.94], [2, 1, 1, 0, 2])
Episode: 417; Score: -4.032536510378122; Action: ([2.0, 0.96, 0.01, 2.0, 2.0], [2, 1, 0, 2, 2])
Episode: 418; Score: -3.0506313387304544; Action: ([0.97, 0.0, 1.98, 1.98, 1.02], [1, 0, 2, 2, 1])
Episode: 419; Score: -3.0213352346327156; Action: ([0.0, 1.04, 0.98, 1.0, 0.0], [0, 1, 1, 1, 0])
Episode: 420; Score: -2.0483012720942497; Action: ([2.0, 0.97, 0.98, 0.0, 2.0], [2, 1, 1, 0, 2])
Episode: 421; Score: -7.071968519128859; Action: ([2.0, 1.01, 0.06, 2.0, 2.0], [2, 1, 0, 2, 2])
Episode: 422; Score: -4.085900901816785; Action: ([0.94, 0.0, 2.0, 1.96, 1.02], [1, 0, 2, 2, 1])
Episode: 423; Score: -2.025724006816745; Action: ([0.0, 0.99, 1.01, 1.0, 0.0], [0, 1, 1, 1, 0])
Episode: 424; Score: -2.2616904005408287; Action: ([1.88, 0.93, 0.92, 0.0, 2.0], [2, 1, 1, 0, 2])
Episode: 425; Score: -1.0725178495049477; Action: ([2.0, 0.98, 0.03, 1.93, 1.99], [2, 1, 0, 2, 2])
Episode: 426; Score: -3.089783653616905; Action: ([1.04, 0.0, 1.96, 2.0, 0.92], [1, 0, 2, 2, 1])
Episode: 427; Score: -5.964155726134777; Action: ([0.07, 0.96, 0.99, 1.02, 0.0], [0, 1, 1, 1, 0])
Episode: 428; Score: -2.113807002082467; Action: ([2.0, 0.95, 0.98, 0.0, 1.95], [2, 1, 1, 0, 2])
Episode: 429; Score: -6.927969854325056; Action: ([2.0, 0.96, 0.09, 1.93, 1.95], [2, 1, 0, 2, 2])
Episode: 430; Score: -5.941586948931217; Action: ([1.04, 0.0, 2.0, 1.99, 0.91], [1, 0, 2, 2, 1])
Episode: 431; Score: -5.032328262925148; Action: ([0.0, 0.97, 0.98, 0.98, 0.04], [0, 1, 1, 1, 0])
Episode: 432; Score: -5.971509652212262; Action: ([1.96, 1.03, 0.94, 0.08, 1.96], [2, 1, 1, 0, 2])
Episode: 433; Score: -6.876448251307011; Action: ([1.97, 0.91, 0.0, 2.0, 2.0], [2, 1, 0, 2, 2])
Episode: 434; Score: -2.9328210093080997; Action: ([0.95, 0.05, 1.93, 1.96, 1.05], [1, 0, 2, 2, 1])
Episode: 435; Score: -5.086756939068437; Action: ([0.0, 0.95, 0.98, 0.96, 0.02], [0, 1, 1, 1, 0])
Episode: 436; Score: -2.1320715099573135; Action: ([1.98, 0.97, 0.94, 0.0, 1.98], [2, 1, 1, 0, 2])
Episode: 437; Score: -3.96684542670846; Action: ([1.94, 0.95, 0.0, 1.97, 2.0], [2, 1, 0, 2, 2])
Episode: 438; Score: -6.027974524535239; Action: ([1.02, 0.04, 1.99, 2.0, 0.99], [1, 0, 2, 2, 1])
Episode: 439; Score: -2.111469980329275; Action: ([0.0, 1.04, 1.09, 1.05, 0.06], [0, 1, 1, 1, 0])
Episode: 440; Score: -2.166206330060959; Action: ([2.0, 1.09, 1.07, 0.0, 2.0], [2, 1, 1, 0, 2])
Episode: 441; Score: -2.3039549998939037; Action: ([2.0, 1.05, 0.0, 1.84, 1.9], [2, 1, 0, 2, 2])
Episode: 442; Score: -3.912198707461357; Action: ([1.02, 0.0, 2.0, 2.0, 1.07], [1, 0, 2, 2, 1])
Episode: 443; Score: -5.027507114689797; Action: ([0.0, 1.07, 1.0, 0.98, 0.06], [0, 1, 1, 1, 0])
Episode: 444; Score: -2.996489966288209; Action: ([1.95, 0.94, 0.97, 0.01, 1.97], [2, 1, 1, 0, 2])
Episode: 445; Score: -1.080334410071373; Action: ([1.99, 1.07, 0.0, 2.0, 2.0], [2, 1, 0, 2, 2])
Episode: 446; Score: -3.038952451199293; Action: ([0.92, 0.02, 2.0, 1.93, 1.05], [1, 0, 2, 2, 1])
Episode: 447; Score: -3.076272419653833; Action: ([0.06, 1.01, 1.09, 0.91, 0.0], [0, 1, 1, 1, 0])
Episode: 448; Score: -5.90239929780364; Action: ([2.0, 0.99, 0.91, 0.0, 2.0], [2, 1, 1, 0, 2])
Episode: 449; Score: -7.04196659475565; Action: ([2.0, 1.04, 0.0, 2.0, 2.0], [2, 1, 0, 2, 2])
Episode: 450; Score: -3.0483338981866837; Action: ([0.98, 0.0, 2.0, 1.99, 0.98], [1, 0, 2, 2, 1])
Episode: 451; Score: -3.082120123668574; Action: ([0.0, 1.0, 1.02, 1.06, 0.0], [0, 1, 1, 1, 0])
Episode: 452; Score: -2.102635018527508; Action: ([2.0, 1.02, 0.95, 0.0, 1.97], [2, 1, 1, 0, 2])
Episode: 453; Score: -1.079619756899774; Action: ([2.0, 1.0, 0.05, 2.0, 1.88], [2, 1, 0, 2, 2])
Episode: 454; Score: -3.034983951598406; Action: ([1.04, 0.02, 2.0, 2.0, 1.02], [1, 0, 2, 2, 1])
Episode: 455; Score: -3.035381416324526; Action: ([0.0, 0.99, 1.03, 1.0, 0.01], [0, 1, 1, 1, 0])
Episode: 456; Score: -2.985209043137729; Action: ([2.0, 0.96, 1.01, 0.04, 2.0], [2, 1, 1, 0, 2])
Episode: 457; Score: -7.050640768371522; Action: ([2.0, 1.01, 0.04, 2.0, 2.0], [2, 1, 0, 2, 2])
Episode: 458; Score: -3.033928136341274; Action: ([0.96, 0.0, 2.0, 1.98, 0.99], [1, 0, 2, 2, 1])
Episode: 459; Score: -5.090882214019075; Action: ([0.01, 1.09, 0.99, 1.0, 0.0], [0, 1, 1, 1, 0])
Episode: 460; Score: -3.041379156522453; Action: ([1.93, 0.98, 0.89, 0.01, 1.99], [2, 1, 1, 0, 2])
Episode: 461; Score: -3.912322613876313; Action: ([2.0, 1.01, 0.0, 1.94, 1.97], [2, 1, 0, 2, 2])
Episode: 462; Score: -5.995589483529329; Action: ([0.92, 0.02, 2.0, 1.99, 1.06], [1, 0, 2, 2, 1])
Episode: 463; Score: -3.2099692970514297; Action: ([0.0, 1.08, 1.05, 1.08, 0.0], [0, 1, 1, 1, 0])
Episode: 464; Score: -5.957658030092716; Action: ([1.99, 1.03, 0.93, 0.0, 2.0], [2, 1, 1, 0, 2])
Episode: 465; Score: -4.0388769917190075; Action: ([2.0, 1.04, 0.0, 2.0, 2.0], [2, 1, 0, 2, 2])
Episode: 466; Score: -3.1069181114435196; Action: ([0.95, 0.0, 2.0, 2.0, 1.06], [1, 0, 2, 2, 1])
Episode: 467; Score: -3.1499035209417343; Action: ([0.0, 0.98, 1.08, 1.09, 0.0], [0, 1, 1, 1, 0])
Episode: 468; Score: -5.930056172888726; Action: ([2.0, 0.95, 1.01, 0.03, 1.95], [2, 1, 1, 0, 2])
Episode: 469; Score: -3.9989848360419273; Action: ([1.91, 0.91, 0.0, 2.0, 2.0], [2, 1, 0, 2, 2])
Episode: 470; Score: -2.920767080038786; Action: ([1.07, 0.02, 2.0, 2.0, 0.99], [1, 0, 2, 2, 1])
Episode: 471; Score: -5.085119288414717; Action: ([0.0, 0.95, 0.99, 0.97, 0.0], [0, 1, 1, 1, 0])
Episode: 472; Score: -2.094901494681835; Action: ([2.0, 0.94, 1.07, 0.07, 1.97], [2, 1, 1, 0, 2])
Episode: 473; Score: -3.9716964587569237; Action: ([1.94, 0.88, 0.04, 1.95, 2.0], [2, 1, 0, 2, 2])
Episode: 474; Score: -6.065447002649307; Action: ([1.05, 0.0, 2.0, 2.0, 1.02], [1, 0, 2, 2, 1])
Episode: 475; Score: -2.0623530412558466; Action: ([0.06, 1.1, 1.0, 1.02, 0.0], [0, 1, 1, 1, 0])
Episode: 476; Score: -2.095408523455262; Action: ([2.0, 1.01, 0.95, 0.0, 1.97], [2, 1, 1, 0, 2])
Episode: 477; Score: -1.0599575974047184; Action: ([1.98, 1.04, 0.0, 2.0, 2.0], [2, 1, 0, 2, 2])
Episode: 478; Score: -4.097619006410241; Action: ([0.95, 0.0, 1.98, 1.97, 0.97], [1, 0, 2, 2, 1])
Episode: 479; Score: -5.030772233381867; Action: ([0.0, 1.02, 0.94, 1.05, 0.0], [0, 1, 1, 1, 0])
Episode: 480; Score: -3.0170825319364667; Action: ([1.98, 1.01, 1.0, 0.03, 1.98], [2, 1, 1, 0, 2])
Episode: 481; Score: -2.1056079231202602; Action: ([1.97, 0.94, 0.07, 2.0, 1.91], [2, 1, 0, 2, 2])
Episode: 482; Score: -3.0035655181854963; Action: ([0.96, 0.0, 2.0, 1.96, 1.01], [1, 0, 2, 2, 1])
Episode: 483; Score: -2.185304466634989; Action: ([0.0, 0.97, 1.12, 1.05, 0.01], [0, 1, 1, 1, 0])
Episode: 484; Score: -3.0208233119919896; Action: ([2.0, 0.93, 1.0, 0.06, 2.0], [2, 1, 1, 0, 2])
Episode: 485; Score: -3.767109453678131; Action: ([1.91, 1.01, 0.05, 1.97, 1.92], [2, 1, 0, 2, 2])
Episode: 486; Score: -2.9343873504549265; Action: ([1.03, 0.02, 2.0, 2.0, 1.02], [1, 0, 2, 2, 1])
Episode: 487; Score: -5.044692989438772; Action: ([0.0, 1.04, 0.96, 1.03, 0.0], [0, 1, 1, 1, 0])
Episode: 488; Score: -2.946301331743598; Action: ([2.0, 1.02, 1.06, 0.02, 2.0], [2, 1, 1, 0, 2])
Episode: 489; Score: -6.91894172038883; Action: ([1.95, 1.01, 0.0, 1.96, 2.0], [2, 1, 0, 2, 2])
Episode: 490; Score: -6.064643403049558; Action: ([1.01, 0.06, 2.0, 1.96, 1.03], [1, 0, 2, 2, 1])
Episode: 491; Score: -3.1425227746367455; Action: ([0.0, 1.06, 0.95, 1.09, 0.05], [0, 1, 1, 1, 0])
Episode: 492; Score: -2.09072726033628; Action: ([1.97, 1.01, 0.96, 0.0, 1.99], [2, 1, 1, 0, 2])
Episode: 493; Score: -1.0932373479008675; Action: ([2.0, 1.06, 0.0, 2.0, 1.97], [2, 1, 0, 2, 2])
Episode: 494; Score: -3.9848510497249663; Action: ([1.01, 0.0, 2.0, 2.0, 1.01], [1, 0, 2, 2, 1])
Episode: 495; Score: -5.133094096556306; Action: ([0.01, 1.01, 1.11, 0.97, 0.0], [0, 1, 1, 1, 0])
Episode: 496; Score: -2.144714154303074; Action: ([2.0, 0.95, 1.05, 0.0, 1.95], [2, 1, 1, 0, 2])
Episode: 497; Score: -4.013837054371834; Action: ([2.0, 0.98, 0.0, 2.0, 1.99], [2, 1, 0, 2, 2])
Episode: 498; Score: -3.0225482736714184; Action: ([1.01, 0.0, 2.0, 2.0, 1.02], [1, 0, 2, 2, 1])
Episode: 499; Score: -5.059097707271576; Action: ([0.0, 0.92, 1.06, 1.04, 0.04], [0, 1, 1, 1, 0])
Episode: 500; Score: -3.16598754376173; Action: ([2.0, 1.07, 0.9, 0.0, 1.99], [2, 1, 1, 0, 2])
Episode: 501; Score: -7.027053801342845; Action: ([2.0, 1.0, 0.09, 2.0, 1.94], [2, 1, 0, 2, 2])
Episode: 502; Score: -3.0006239591166377; Action: ([1.01, 0.0, 1.99, 1.96, 1.05], [1, 0, 2, 2, 1])
Episode: 503; Score: -3.135116793215275; Action: ([0.09, 0.93, 1.03, 1.07, 0.01], [0, 1, 1, 1, 0])
Episode: 504; Score: -2.075952086597681; Action: ([2.0, 0.97, 0.97, 0.0, 1.99], [2, 1, 1, 0, 2])
Episode: 505; Score: -1.2480700612068176; Action: ([1.91, 0.92, 0.0, 1.92, 2.0], [2, 1, 0, 2, 2])
Episode: 506; Score: -3.864448130130768; Action: ([1.06, 0.07, 1.98, 1.96, 1.03], [1, 0, 2, 2, 1])
Episode: 507; Score: -5.00463642179966; Action: ([0.12, 0.94, 0.96, 0.96, 0.0], [0, 1, 1, 1, 0])
Episode: 508; Score: -2.9608395621180534; Action: ([1.96, 0.91, 1.12, 0.04, 2.0], [2, 1, 1, 0, 2])
Episode: 509; Score: -2.169181376695633; Action: ([2.0, 0.86, 0.0, 1.97, 2.0], [2, 1, 0, 2, 2])
Episode: 510; Score: -3.118768487125635; Action: ([1.02, 0.01, 1.98, 1.99, 0.89], [1, 0, 2, 2, 1])
Episode: 511; Score: -2.1841665767133236; Action: ([0.0, 1.12, 1.08, 0.98, 0.04], [0, 1, 1, 1, 0])
Episode: 512; Score: -3.032103670760989; Action: ([2.0, 0.97, 0.98, 0.02, 1.99], [2, 1, 1, 0, 2])
Episode: 513; Score: -7.058102555572987; Action: ([2.0, 1.03, 0.03, 2.0, 2.0], [2, 1, 0, 2, 2])
Episode: 514; Score: -4.087121916003525; Action: ([0.99, 0.0, 1.97, 2.0, 0.89], [1, 0, 2, 2, 1])
Episode: 515; Score: -5.946283936500549; Action: ([0.05, 0.95, 1.03, 1.02, 0.0], [0, 1, 1, 1, 0])
Episode: 516; Score: -6.042978018522263; Action: ([1.98, 1.03, 1.03, 0.0, 2.0], [2, 1, 1, 0, 2])
Episode: 517; Score: -6.954891685047187; Action: ([1.96, 1.0, 0.01, 2.0, 1.99], [2, 1, 0, 2, 2])
Episode: 518; Score: -5.916531100869179; Action: ([0.91, 0.09, 1.98, 2.0, 0.93], [1, 0, 2, 2, 1])
Episode: 519; Score: -6.114390255883336; Action: ([0.0, 0.93, 1.0, 0.96, 0.0], [0, 1, 1, 1, 0])
Episode: 520; Score: -3.014627045020461; Action: ([1.95, 0.93, 1.03, 0.03, 2.0], [2, 1, 1, 0, 2])
Episode: 521; Score: -3.9614556648302823; Action: ([2.0, 1.0, 0.0, 1.98, 1.98], [2, 1, 0, 2, 2])
Episode: 522; Score: -4.071429604664445; Action: ([0.93, 0.03, 2.0, 1.99, 0.99], [1, 0, 2, 2, 1])
Episode: 523; Score: -2.1266198698431253; Action: ([0.0, 1.03, 1.03, 0.93, 0.0], [0, 1, 1, 1, 0])
Episode: 524; Score: -3.0420808743219823; Action: ([2.0, 1.04, 1.0, 0.0, 2.0], [2, 1, 1, 0, 2])
Episode: 525; Score: -6.882300421595573; Action: ([2.0, 0.9, 0.0, 2.0, 1.98], [2, 1, 0, 2, 2])
Episode: 526; Score: -3.0537510365247726; Action: ([1.05, 0.0, 1.93, 1.94, 1.03], [1, 0, 2, 2, 1])
Episode: 527; Score: -4.886067643761635; Action: ([0.05, 1.07, 0.98, 1.1, 0.06], [0, 1, 1, 1, 0])
Episode: 528; Score: -2.0159245100803673; Action: ([2.0, 1.0, 1.02, 0.01, 2.0], [2, 1, 1, 0, 2])
Episode: 529; Score: -2.134811084717512; Action: ([1.92, 0.95, 0.01, 2.0, 1.99], [2, 1, 0, 2, 2])
Episode: 530; Score: -3.017505608848296; Action: ([1.0, 0.0, 2.0, 2.0, 1.02], [1, 0, 2, 2, 1])
Episode: 531; Score: -6.019557289779186; Action: ([0.08, 1.05, 0.99, 0.96, 0.0], [0, 1, 1, 1, 0])
Episode: 532; Score: -5.988114643609151; Action: ([1.96, 0.99, 1.0, 0.05, 2.0], [2, 1, 1, 0, 2])
Episode: 533; Score: -6.939281139522791; Action: ([2.0, 0.96, 0.04, 1.94, 2.0], [2, 1, 0, 2, 2])
Episode: 534; Score: -3.0772533556446433; Action: ([0.99, 0.0, 2.0, 1.96, 0.97], [1, 0, 2, 2, 1])
Episode: 535; Score: -3.1526169469580054; Action: ([0.0, 1.06, 0.99, 1.1, 0.0], [0, 1, 1, 1, 0])
Episode: 536; Score: -3.024140603840351; Action: ([2.0, 0.97, 0.95, 0.0, 1.94], [2, 1, 1, 0, 2])
Episode: 537; Score: -3.922305107116699; Action: ([1.98, 1.06, 0.0, 1.91, 1.98], [2, 1, 0, 2, 2])
Episode: 538; Score: -4.0511911399662495; Action: ([1.01, 0.06, 2.0, 2.0, 0.87], [1, 0, 2, 2, 1])
Episode: 539; Score: -2.0890601202845573; Action: ([0.0, 1.04, 1.03, 0.98, 0.0], [0, 1, 1, 1, 0])
Episode: 540; Score: -5.972916605183855; Action: ([1.98, 1.0, 0.95, 0.05, 2.0], [2, 1, 1, 0, 2])
Episode: 541; Score: -0.9861184321343899; Action: ([2.0, 1.05, 0.14, 2.0, 1.92], [2, 1, 0, 2, 2])
Episode: 542; Score: -3.7508844658732414; Action: ([1.06, 0.09, 2.0, 2.0, 1.09], [1, 0, 2, 2, 1])
Episode: 543; Score: -2.0882739778608084; Action: ([0.0, 1.01, 1.06, 1.02, 0.0], [0, 1, 1, 1, 0])
Episode: 544; Score: -2.084709784016013; Action: ([2.0, 0.98, 1.07, 0.0, 2.0], [2, 1, 1, 0, 2])
Episode: 545; Score: -7.110999546945095; Action: ([2.0, 1.08, 0.04, 2.0, 1.99], [2, 1, 0, 2, 2])
Episode: 546; Score: -3.865008395165205; Action: ([1.05, 0.07, 1.9, 1.97, 0.94], [1, 0, 2, 2, 1])
Episode: 547; Score: -5.869072231464088; Action: ([0.03, 1.01, 1.08, 0.96, 0.07], [0, 1, 1, 1, 0])
Episode: 548; Score: -2.045933837071061; Action: ([2.0, 0.99, 1.04, 0.0, 2.0], [2, 1, 1, 0, 2])
Episode: 549; Score: -1.0747443586587906; Action: ([1.99, 1.04, 0.0, 1.97, 2.0], [2, 1, 0, 2, 2])
Episode: 550; Score: -4.154998701065779; Action: ([0.95, 0.0, 2.0, 2.0, 0.9], [1, 0, 2, 2, 1])
Episode: 551; Score: -2.0773375537246466; Action: ([0.02, 1.01, 0.92, 1.04, 0.04], [0, 1, 1, 1, 0])
Episode: 552; Score: -2.9008418964222074; Action: ([1.96, 0.97, 0.99, 0.0, 1.9], [2, 1, 1, 0, 2])
Episode: 553; Score: -6.842580657219514; Action: ([2.0, 1.0, 0.0, 1.94, 1.9], [2, 1, 0, 2, 2])
Episode: 554; Score: -5.932427835650742; Action: ([0.93, 0.01, 2.0, 1.97, 1.02], [1, 0, 2, 2, 1])
Episode: 555; Score: -5.076484141871333; Action: ([0.06, 1.03, 1.09, 0.98, 0.0], [0, 1, 1, 1, 0])
Episode: 556; Score: -3.1190675515681505; Action: ([1.97, 0.96, 0.99, 0.0, 1.96], [2, 1, 1, 0, 2])
Episode: 557; Score: -1.1725887060165405; Action: ([1.96, 1.13, 0.03, 2.0, 1.97], [2, 1, 0, 2, 2])
Episode: 558; Score: -3.1576529406011105; Action: ([0.95, 0.1, 1.93, 2.0, 0.86], [1, 0, 2, 2, 1])
Episode: 559; Score: -2.116300503956154; Action: ([0.0, 0.94, 1.0, 1.06, 0.01], [0, 1, 1, 1, 0])
Episode: 560; Score: -2.0549668702296913; Action: ([1.98, 0.99, 1.02, 0.0, 2.0], [2, 1, 1, 0, 2])
Episode: 561; Score: -3.973598912358284; Action: ([2.0, 1.08, 0.0, 1.97, 1.93], [2, 1, 0, 2, 2])
Episode: 562; Score: -3.013559576123953; Action: ([0.97, 0.0, 1.95, 2.0, 0.97], [1, 0, 2, 2, 1])
Episode: 563; Score: -6.1099791917949915; Action: ([0.02, 1.06, 0.96, 0.97, 0.0], [0, 1, 1, 1, 0])
Episode: 564; Score: -3.0210732109844685; Action: ([2.0, 1.04, 1.04, 0.01, 1.96], [2, 1, 1, 0, 2])
Episode: 565; Score: -1.0363837406039238; Action: ([2.0, 0.93, 0.1, 1.93, 2.0], [2, 1, 0, 2, 2])
Episode: 566; Score: -2.9176452066749334; Action: ([0.98, 0.1, 2.0, 1.95, 0.95], [1, 0, 2, 2, 1])
Episode: 567; Score: -5.089585631270893; Action: ([0.0, 1.03, 1.06, 1.0, 0.0], [0, 1, 1, 1, 0])
Episode: 568; Score: -6.064167061820626; Action: ([2.0, 1.04, 1.03, 0.0, 2.0], [2, 1, 1, 0, 2])
Episode: 569; Score: -1.016490612179041; Action: ([2.0, 1.01, 0.0, 2.0, 1.99], [2, 1, 0, 2, 2])
Episode: 570; Score: -4.006698358221911; Action: ([1.07, 0.0, 2.0, 1.92, 1.0], [1, 0, 2, 2, 1])
Episode: 571; Score: -2.0831600595265627; Action: ([0.04, 0.94, 0.96, 0.98, 0.0], [0, 1, 1, 1, 0])
Episode: 572; Score: -2.0563474679365754; Action: ([1.97, 0.96, 0.99, 0.02, 2.0], [2, 1, 1, 0, 2])
Episode: 573; Score: -3.907077256590128; Action: ([2.0, 0.94, 0.06, 1.9, 2.0], [2, 1, 0, 2, 2])
Episode: 574; Score: -6.088174412958324; Action: ([0.99, 0.01, 2.0, 2.0, 1.09], [1, 0, 2, 2, 1])
Episode: 575; Score: -3.0270411260426044; Action: ([0.0, 1.04, 1.03, 0.96, 0.0], [0, 1, 1, 1, 0])
Episode: 576; Score: -3.0191946343984455; Action: ([2.0, 0.97, 1.0, 0.04, 1.98], [2, 1, 1, 0, 2])
Episode: 577; Score: -2.029395484365523; Action: ([1.99, 0.99, 0.01, 1.98, 2.0], [2, 1, 0, 2, 2])
Episode: 578; Score: -3.0371023332700133; Action: ([0.98, 0.0, 1.99, 2.0, 0.97], [1, 0, 2, 2, 1])
Episode: 579; Score: -2.9957589991390705; Action: ([0.0, 0.99, 0.99, 1.02, 0.0], [0, 1, 1, 1, 0])
Episode: 580; Score: -6.12256570905447; Action: ([1.9, 1.12, 1.09, 0.01, 2.0], [2, 1, 1, 0, 2])
Episode: 581; Score: -1.0075143054127693; Action: ([1.99, 0.97, 0.03, 2.0, 2.0], [2, 1, 0, 2, 2])
Episode: 582; Score: -3.1847852915525436; Action: ([1.13, 0.0, 1.99, 2.0, 0.93], [1, 0, 2, 2, 1])
Episode: 583; Score: -2.0709861163049936; Action: ([0.03, 1.01, 1.12, 1.04, 0.07], [0, 1, 1, 1, 0])
Episode: 584; Score: -3.083928942680359; Action: ([2.0, 0.96, 0.96, 0.0, 2.0], [2, 1, 1, 0, 2])
Episode: 585; Score: -7.019915509968996; Action: ([2.0, 0.97, 0.05, 2.0, 2.0], [2, 1, 0, 2, 2])
Episode: 586; Score: -2.9899770990014076; Action: ([0.96, 0.0, 2.0, 2.0, 1.05], [1, 0, 2, 2, 1])
Episode: 587; Score: -3.1237734630703926; Action: ([0.02, 1.03, 1.08, 0.99, 0.0], [0, 1, 1, 1, 0])
Episode: 588; Score: -2.0884731486439705; Action: ([2.0, 1.03, 0.97, 0.0, 1.98], [2, 1, 1, 0, 2])
Episode: 589; Score: -1.003314612666145; Action: ([2.0, 1.0, 0.0, 2.0, 2.0], [2, 1, 0, 2, 2])
Episode: 590; Score: -3.2397026643157005; Action: ([0.97, 0.0, 1.99, 1.91, 0.89], [1, 0, 2, 2, 1])
Episode: 591; Score: -4.941658408381045; Action: ([0.0, 1.0, 0.97, 1.09, 0.0], [0, 1, 1, 1, 0])
Episode: 592; Score: -3.1526618637144566; Action: ([1.92, 1.08, 0.97, 0.04, 2.0], [2, 1, 1, 0, 2])
Episode: 593; Score: -1.214506071060896; Action: ([1.97, 1.06, 0.0, 2.0, 1.88], [2, 1, 0, 2, 2])
Episode: 594; Score: -2.9500786550343037; Action: ([1.01, 0.07, 1.99, 2.0, 1.02], [1, 0, 2, 2, 1])
Episode: 595; Score: -5.903511997312307; Action: ([0.1, 0.9, 1.03, 1.07, 0.0], [0, 1, 1, 1, 0])
Episode: 596; Score: -5.936665499582887; Action: ([1.96, 0.95, 1.03, 0.0, 2.0], [2, 1, 1, 0, 2])
Episode: 597; Score: -1.0701789055019617; Action: ([1.93, 0.97, 0.03, 2.0, 2.0], [2, 1, 0, 2, 2])
Episode: 598; Score: -4.005294039117871; Action: ([0.9, 0.05, 1.95, 2.0, 1.0], [1, 0, 2, 2, 1])
Episode: 599; Score: -6.1579014509916306; Action: ([0.0, 1.04, 0.92, 0.95, 0.0], [0, 1, 1, 1, 0])
Episode: 600; Score: -5.9361891746521; Action: ([1.92, 1.07, 0.92, 0.03, 2.0], [2, 1, 1, 0, 2])
Episode: 601; Score: -6.919437304139137; Action: ([2.0, 1.02, 0.0, 1.91, 1.99], [2, 1, 0, 2, 2])
Episode: 602; Score: -5.840807482600212; Action: ([0.89, 0.0, 1.99, 1.87, 1.08], [1, 0, 2, 2, 1])
Episode: 603; Score: -6.1267991065979; Action: ([0.0, 0.96, 0.94, 0.93, 0.05], [0, 1, 1, 1, 0])
Episode: 604; Score: -3.049857672303915; Action: ([1.94, 1.04, 1.07, 0.0, 2.0], [2, 1, 1, 0, 2])
Episode: 605; Score: -4.018545662984252; Action: ([2.0, 0.98, 0.0, 2.0, 2.0], [2, 1, 0, 2, 2])
Episode: 606; Score: -2.9808017844334245; Action: ([1.01, 0.07, 2.0, 2.0, 0.94], [1, 0, 2, 2, 1])
Episode: 607; Score: -5.077956045046449; Action: ([0.0, 0.98, 0.99, 0.95, 0.0], [0, 1, 1, 1, 0])
Episode: 608; Score: -5.857079885900021; Action: ([2.0, 0.91, 0.94, 0.0, 2.0], [2, 1, 1, 0, 2])
Episode: 609; Score: -1.232165765017271; Action: ([1.92, 1.04, 0.0, 1.95, 1.93], [2, 1, 0, 2, 2])
Episode: 610; Score: -2.9947881028056145; Action: ([1.06, 0.0, 1.98, 2.0, 0.96], [1, 0, 2, 2, 1])
Episode: 611; Score: -6.0008104257285595; Action: ([0.0, 0.94, 1.05, 0.96, 0.05], [0, 1, 1, 1, 0])
Episode: 612; Score: -2.976011629216373; Action: ([1.97, 1.01, 1.02, 0.0, 1.97], [2, 1, 1, 0, 2])
Episode: 613; Score: -3.9332820996642113; Action: ([1.96, 0.92, 0.0, 1.99, 1.9], [2, 1, 0, 2, 2])
Episode: 614; Score: -3.1449945010244846; Action: ([0.94, 0.06, 1.97, 1.93, 0.95], [1, 0, 2, 2, 1])
Episode: 615; Score: -5.96344580873847; Action: ([0.1, 1.1, 0.98, 1.06, 0.0], [0, 1, 1, 1, 0])
Episode: 616; Score: -2.128044568002224; Action: ([2.0, 1.03, 1.04, 0.02, 1.93], [2, 1, 1, 0, 2])
Episode: 617; Score: -1.0005281954072416; Action: ([2.0, 0.99, 0.01, 2.0, 2.0], [2, 1, 0, 2, 2])
Episode: 618; Score: -3.019953839480877; Action: ([1.04, 0.05, 1.98, 1.97, 0.95], [1, 0, 2, 2, 1])
Episode: 619; Score: -5.88441766705364; Action: ([0.08, 1.05, 1.03, 1.0, 0.05], [0, 1, 1, 1, 0])
Episode: 620; Score: -3.0377713665366173; Action: ([1.98, 0.98, 0.94, 0.02, 2.0], [2, 1, 1, 0, 2])
Episode: 621; Score: -6.971458984538913; Action: ([1.97, 0.98, 0.04, 2.0, 1.98], [2, 1, 0, 2, 2])
Episode: 622; Score: -3.986283940030262; Action: ([0.95, 0.06, 1.98, 1.98, 1.0], [1, 0, 2, 2, 1])
Episode: 623; Score: -2.0454048942774534; Action: ([0.06, 1.08, 0.91, 0.98, 0.08], [0, 1, 1, 1, 0])
Episode: 624; Score: -2.0965787824243307; Action: ([1.98, 1.04, 0.98, 0.0, 1.99], [2, 1, 1, 0, 2])
Episode: 625; Score: -0.9890101500786841; Action: ([2.0, 1.0, 0.02, 2.0, 2.0], [2, 1, 0, 2, 2])
Episode: 626; Score: -5.865915085887536; Action: ([1.0, 0.0, 1.94, 1.95, 0.97], [1, 0, 2, 2, 1])
Episode: 627; Score: -2.1386001259088516; Action: ([0.0, 1.06, 1.06, 1.02, 0.0], [0, 1, 1, 1, 0])
Episode: 628; Score: -2.9925339836627245; Action: ([2.0, 0.99, 1.03, 0.0, 1.95], [2, 1, 1, 0, 2])
Episode: 629; Score: -2.143364618998021; Action: ([1.86, 0.99, 0.0, 2.0, 2.0], [2, 1, 0, 2, 2])
Episode: 630; Score: -5.899580394849181; Action: ([1.02, 0.0, 1.96, 2.0, 0.92], [1, 0, 2, 2, 1])
Episode: 631; Score: -2.9423774862661958; Action: ([0.0, 0.98, 1.0, 0.96, 0.0], [0, 1, 1, 1, 0])
Episode: 632; Score: -2.0685622366145253; Action: ([2.0, 1.06, 1.01, 0.0, 2.0], [2, 1, 1, 0, 2])
Episode: 633; Score: -1.0807043630629778; Action: ([1.94, 1.02, 0.0, 2.0, 2.0], [2, 1, 0, 2, 2])
Episode: 634; Score: -5.970320630818605; Action: ([0.98, 0.07, 1.97, 1.99, 0.96], [1, 0, 2, 2, 1])
Episode: 635; Score: -5.0651362258940935; Action: ([0.0, 0.97, 1.02, 0.99, 0.0], [0, 1, 1, 1, 0])
Episode: 636; Score: -2.009908394305967; Action: ([2.0, 1.0, 1.01, 0.0, 2.0], [2, 1, 1, 0, 2])
Episode: 637; Score: -6.900248389691114; Action: ([1.96, 1.01, 0.01, 1.95, 1.96], [2, 1, 0, 2, 2])
Episode: 638; Score: -3.9278768543154; Action: ([1.06, 0.0, 2.0, 2.0, 1.01], [1, 0, 2, 2, 1])
Episode: 639; Score: -2.061904198490083; Action: ([0.05, 0.95, 0.96, 0.98, 0.0], [0, 1, 1, 1, 0])
Episode: 640; Score: -6.0405631698668; Action: ([2.0, 1.06, 0.96, 0.02, 2.0], [2, 1, 1, 0, 2])
Episode: 641; Score: -1.0798488557338715; Action: ([1.98, 1.06, 0.03, 1.97, 2.0], [2, 1, 0, 2, 2])
Episode: 642; Score: -3.00056535564363; Action: ([1.02, 0.0, 2.0, 1.95, 1.03], [1, 0, 2, 2, 1])
Episode: 643; Score: -2.0391279773321003; Action: ([0.03, 1.0, 0.92, 1.02, 0.03], [0, 1, 1, 1, 0])
Episode: 644; Score: -3.0542981699109077; Action: ([1.98, 1.05, 1.04, 0.03, 2.0], [2, 1, 1, 0, 2])
Episode: 645; Score: -1.1833877228200436; Action: ([1.9, 1.04, 0.0, 1.95, 2.0], [2, 1, 0, 2, 2])
Episode: 646; Score: -3.0358959548175335; Action: ([1.03, 0.0, 2.0, 2.0, 1.01], [1, 0, 2, 2, 1])
Episode: 647; Score: -4.969643989577889; Action: ([0.04, 1.02, 0.99, 1.02, 0.0], [0, 1, 1, 1, 0])
Episode: 648; Score: -5.926734268665314; Action: ([2.0, 0.95, 0.96, 0.02, 2.0], [2, 1, 1, 0, 2])
Episode: 649; Score: -0.9828593470156193; Action: ([2.0, 1.03, 0.08, 1.97, 2.0], [2, 1, 0, 2, 2])
Episode: 650; Score: -2.9459839104674757; Action: ([1.0, 0.03, 2.0, 2.0, 1.03], [1, 0, 2, 2, 1])
Episode: 651; Score: -6.0317112393677235; Action: ([0.0, 0.97, 1.0, 1.0, 0.0], [0, 1, 1, 1, 0])
Episode: 652; Score: -1.9825385101139545; Action: ([2.0, 1.03, 0.92, 0.13, 2.0], [2, 1, 1, 0, 2])
Episode: 653; Score: -6.9747833255678415; Action: ([2.0, 1.02, 0.0, 1.99, 1.97], [2, 1, 0, 2, 2])
Episode: 654; Score: -3.0415040105581284; Action: ([1.03, 0.0, 1.96, 2.0, 0.95], [1, 0, 2, 2, 1])
Episode: 655; Score: -2.1178096644580364; Action: ([0.08, 1.03, 1.05, 0.88, 0.0], [0, 1, 1, 1, 0])
Episode: 656; Score: -6.098192952573299; Action: ([1.99, 1.03, 1.07, 0.0, 2.0], [2, 1, 1, 0, 2])
Episode: 657; Score: -1.0006532305851579; Action: ([2.0, 0.99, 0.02, 1.99, 2.0], [2, 1, 0, 2, 2])
Episode: 658; Score: -6.078462764620781; Action: ([1.06, 0.01, 1.96, 2.0, 1.05], [1, 0, 2, 2, 1])
Episode: 659; Score: -5.918135145679116; Action: ([0.1, 0.86, 1.02, 1.05, 0.05], [0, 1, 1, 1, 0])
Episode: 660; Score: -5.914263108046725; Action: ([1.91, 1.0, 0.99, 0.02, 1.99], [2, 1, 1, 0, 2])
Episode: 661; Score: -1.094118133187294; Action: ([1.99, 0.93, 0.0, 1.99, 2.0], [2, 1, 0, 2, 2])
Episode: 662; Score: -3.104036367731169; Action: ([0.85, 0.0, 1.98, 1.97, 1.0], [1, 0, 2, 2, 1])
Episode: 663; Score: -5.073038168251514; Action: ([0.0, 1.05, 1.04, 1.02, 0.0], [0, 1, 1, 1, 0])
Episode: 664; Score: -6.021677919314243; Action: ([2.0, 1.0, 0.97, 0.05, 2.0], [2, 1, 1, 0, 2])
Episode: 665; Score: -7.13914667069912; Action: ([2.0, 1.08, 0.06, 2.0, 2.0], [2, 1, 0, 2, 2])
Episode: 666; Score: -2.9625177066773176; Action: ([1.03, 0.02, 2.0, 1.97, 1.02], [1, 0, 2, 2, 1])
Episode: 667; Score: -2.1341974567621946; Action: ([0.0, 0.99, 0.93, 0.94, 0.01], [0, 1, 1, 1, 0])
Episode: 668; Score: -6.041114771738648; Action: ([2.0, 1.03, 0.99, 0.06, 1.96], [2, 1, 1, 0, 2])
Episode: 669; Score: -1.1486672200262547; Action: ([1.9, 0.97, 0.02, 2.0, 1.97], [2, 1, 0, 2, 2])
Episode: 670; Score: -3.110693769529462; Action: ([0.89, 0.01, 2.0, 2.0, 0.98], [1, 0, 2, 2, 1])
Episode: 671; Score: -6.066070385277271; Action: ([0.0, 0.98, 0.95, 0.96, 0.03], [0, 1, 1, 1, 0])
Episode: 672; Score: -5.961236411705613; Action: ([1.97, 1.02, 0.97, 0.0, 2.0], [2, 1, 1, 0, 2])
Episode: 673; Score: -1.0332943201065063; Action: ([2.0, 1.03, 0.04, 2.0, 1.96], [2, 1, 0, 2, 2])
Episode: 674; Score: -4.108040232211351; Action: ([0.94, 0.0, 2.0, 2.0, 0.95], [1, 0, 2, 2, 1])
Episode: 675; Score: -5.013397375361819; Action: ([0.0, 1.05, 0.96, 1.0, 0.08], [0, 1, 1, 1, 0])
Episode: 676; Score: -3.0494488747790456; Action: ([1.99, 1.01, 1.05, 0.0, 2.0], [2, 1, 1, 0, 2])
Episode: 677; Score: -2.1651263907551765; Action: ([2.0, 0.97, 0.0, 1.91, 1.95], [2, 1, 0, 2, 2])
Episode: 678; Score: -3.044087814167142; Action: ([1.02, 0.0, 2.0, 2.0, 0.98], [1, 0, 2, 2, 1])
Episode: 679; Score: -2.9090284053236246; Action: ([0.0, 0.96, 0.97, 0.97, 0.01], [0, 1, 1, 1, 0])
Episode: 680; Score: -3.0304078459739685; Action: ([1.95, 0.93, 0.89, 0.0, 1.9], [2, 1, 1, 0, 2])
Episode: 681; Score: -1.035087801516056; Action: ([2.0, 0.97, 0.0, 2.0, 2.0], [2, 1, 0, 2, 2])
Episode: 682; Score: -5.825502660125494; Action: ([0.97, 0.0, 2.0, 1.93, 0.93], [1, 0, 2, 2, 1])
Episode: 683; Score: -2.1050969287753105; Action: ([0.0, 0.98, 0.97, 1.05, 0.0], [0, 1, 1, 1, 0])
Episode: 684; Score: -2.927850558422506; Action: ([1.94, 1.01, 1.02, 0.0, 1.97], [2, 1, 1, 0, 2])
Episode: 685; Score: -1.0376538671553135; Action: ([2.0, 0.98, 0.0, 2.0, 1.98], [2, 1, 0, 2, 2])
Episode: 686; Score: -3.9971215780824423; Action: ([0.98, 0.0, 2.0, 2.0, 1.03], [1, 0, 2, 2, 1])
Episode: 687; Score: -2.969105673953891; Action: ([0.0, 0.94, 0.98, 1.05, 0.0], [0, 1, 1, 1, 0])
Episode: 688; Score: -3.086594372987747; Action: ([1.93, 1.07, 1.05, 0.01, 1.99], [2, 1, 1, 0, 2])
Episode: 689; Score: -6.9577504601329565; Action: ([1.94, 1.02, 0.0, 2.0, 2.0], [2, 1, 0, 2, 2])
Episode: 690; Score: -3.8955036625266075; Action: ([1.04, 0.01, 2.0, 2.0, 1.05], [1, 0, 2, 2, 1])
Episode: 691; Score: -3.139960289001465; Action: ([0.0, 1.07, 1.02, 1.05, 0.0], [0, 1, 1, 1, 0])
Episode: 692; Score: -3.0359205212444067; Action: ([1.88, 1.13, 1.03, 0.0, 2.0], [2, 1, 1, 0, 2])
Episode: 693; Score: -2.1854906007647514; Action: ([1.92, 1.03, 0.03, 2.0, 1.9], [2, 1, 0, 2, 2])
Episode: 694; Score: -4.130669705569744; Action: ([0.94, 0.0, 2.0, 2.0, 0.93], [1, 0, 2, 2, 1])
Episode: 695; Score: -5.948674712330103; Action: ([0.03, 1.03, 1.06, 0.99, 0.01], [0, 1, 1, 1, 0])
Episode: 696; Score: -5.945226272568107; Action: ([1.95, 0.99, 0.98, 0.07, 1.97], [2, 1, 1, 0, 2])
Episode: 697; Score: -1.03800543025136; Action: ([1.98, 0.95, 0.08, 1.96, 2.0], [2, 1, 0, 2, 2])
Episode: 698; Score: -3.9783451221883297; Action: ([1.04, 0.0, 2.0, 1.97, 1.02], [1, 0, 2, 2, 1])
Episode: 699; Score: -3.023266446776688; Action: ([0.0, 0.96, 1.0, 1.02, 0.04], [0, 1, 1, 1, 0])
Episode: 700; Score: -2.0587478950619698; Action: ([2.0, 1.05, 1.03, 0.01, 2.0], [2, 1, 1, 0, 2])
Episode: 701; Score: -3.9086573822423816; Action: ([2.0, 1.0, 0.02, 1.92, 2.0], [2, 1, 0, 2, 2])
Episode: 702; Score: -3.0420804182067513; Action: ([0.91, 0.0, 2.0, 1.94, 0.99], [1, 0, 2, 2, 1])
Episode: 703; Score: -5.026226413203403; Action: ([0.0, 1.02, 0.97, 1.0, 0.03], [0, 1, 1, 1, 0])
Episode: 704; Score: -5.995604995172471; Action: ([2.0, 0.93, 1.01, 0.06, 2.0], [2, 1, 1, 0, 2])
Episode: 705; Score: -3.973230242729187; Action: ([1.98, 0.93, 0.08, 2.0, 2.0], [2, 1, 0, 2, 2])
Episode: 706; Score: -3.0099082202650607; Action: ([1.0, 0.02, 2.0, 2.0, 0.97], [1, 0, 2, 2, 1])
Episode: 707; Score: -5.11773535516113; Action: ([0.0, 0.97, 1.01, 0.92, 0.0], [0, 1, 1, 1, 0])
Episode: 708; Score: -2.0561398901045322; Action: ([1.99, 1.04, 1.0, 0.0, 2.0], [2, 1, 1, 0, 2])
Episode: 709; Score: -1.0589961260557175; Action: ([1.95, 0.99, 0.0, 2.0, 2.0], [2, 1, 0, 2, 2])
Episode: 710; Score: -3.9480996038764715; Action: ([1.03, 0.0, 2.0, 2.0, 1.02], [1, 0, 2, 2, 1])
Episode: 711; Score: -2.9273386411368847; Action: ([0.0, 1.05, 0.97, 0.91, 0.0], [0, 1, 1, 1, 0])
Episode: 712; Score: -2.015750407241285; Action: ([2.0, 0.98, 0.96, 0.05, 1.99], [2, 1, 1, 0, 2])
Episode: 713; Score: -7.139378808438778; Action: ([1.99, 1.1, 0.06, 2.0, 2.0], [2, 1, 0, 2, 2])
Episode: 714; Score: -2.956499987281859; Action: ([1.03, 0.0, 2.0, 2.0, 1.02], [1, 0, 2, 2, 1])
Episode: 715; Score: -3.0002652686089277; Action: ([0.0, 0.92, 0.99, 1.01, 0.08], [0, 1, 1, 1, 0])
Episode: 716; Score: -2.901890967041254; Action: ([2.0, 0.95, 1.15, 0.0, 2.0], [2, 1, 1, 0, 2])
Episode: 717; Score: -3.9154452830553055; Action: ([1.95, 1.02, 0.0, 1.95, 2.0], [2, 1, 0, 2, 2])
Episode: 718; Score: -2.972190053202212; Action: ([0.94, 0.11, 2.0, 1.99, 0.99], [1, 0, 2, 2, 1])
Episode: 719; Score: -2.175707418471575; Action: ([0.0, 1.06, 1.04, 0.92, 0.0], [0, 1, 1, 1, 0])
Episode: 720; Score: -2.0036877654492855; Action: ([1.97, 0.96, 0.97, 0.09, 2.0], [2, 1, 1, 0, 2])
Episode: 721; Score: -6.9216212052851915; Action: ([1.92, 1.01, 0.0, 1.99, 2.0], [2, 1, 0, 2, 2])
Episode: 722; Score: -4.074107594322413; Action: ([0.92, 0.0, 2.0, 2.0, 1.01], [1, 0, 2, 2, 1])
Episode: 723; Score: -4.995457347482443; Action: ([0.0, 1.05, 0.95, 1.11, 0.0], [0, 1, 1, 1, 0])
Episode: 724; Score: -3.0733141757082194; Action: ([2.0, 1.07, 1.0, 0.0, 2.0], [2, 1, 1, 0, 2])
Episode: 725; Score: -2.132697533816099; Action: ([1.99, 1.04, 0.02, 1.96, 1.93], [2, 1, 0, 2, 2])
Episode: 726; Score: -6.00306386401644; Action: ([1.0, 0.0, 2.0, 2.0, 1.0], [1, 0, 2, 2, 1])
Episode: 727; Score: -5.16322124004364; Action: ([0.0, 1.1, 1.08, 1.02, 0.0], [0, 1, 1, 1, 0])
Episode: 728; Score: -2.254456117749214; Action: ([2.0, 1.14, 0.89, 0.0, 2.0], [2, 1, 1, 0, 2])
Episode: 729; Score: -3.9349597236141562; Action: ([2.0, 0.98, 0.02, 2.0, 1.94], [2, 1, 0, 2, 2])
Episode: 730; Score: -4.1781520545482635; Action: ([0.94, 0.0, 2.0, 1.95, 0.93], [1, 0, 2, 2, 1])
Episode: 731; Score: -5.001037317793816; Action: ([0.0, 1.06, 1.01, 1.04, 0.03], [0, 1, 1, 1, 0])
Episode: 732; Score: -3.0515645251143724; Action: ([2.0, 1.07, 1.0, 0.01, 1.98], [2, 1, 1, 0, 2])
Episode: 733; Score: -7.035067871212959; Action: ([1.94, 1.1, 0.03, 2.0, 1.97], [2, 1, 0, 2, 2])
Episode: 734; Score: -3.0605397522449493; Action: ([1.05, 0.0, 1.96, 1.97, 0.96], [1, 0, 2, 2, 1])
Episode: 735; Score: -4.98842169623822; Action: ([0.0, 1.02, 0.94, 1.07, 0.02], [0, 1, 1, 1, 0])
Episode: 736; Score: -6.014583189040422; Action: ([1.91, 1.05, 0.97, 0.09, 2.0], [2, 1, 1, 0, 2])
Episode: 737; Score: -6.967632856220007; Action: ([1.98, 1.02, 0.01, 1.96, 2.0], [2, 1, 0, 2, 2])
Episode: 738; Score: -5.933279378310544; Action: ([1.0, 0.0, 1.99, 1.94, 1.0], [1, 0, 2, 2, 1])
Episode: 739; Score: -4.932445617392659; Action: ([0.0, 1.04, 0.97, 1.06, 0.08], [0, 1, 1, 1, 0])
Episode: 740; Score: -5.998591983690858; Action: ([1.98, 1.02, 0.95, 0.05, 2.0], [2, 1, 1, 0, 2])
