Episode: 0; Score: [-4.86978149]; Action: ([0.12, 0.2, 1.08, 1.24, 1.5], [0, 0, 1, 1, 2])
Episode: 1; Score: [-4.02621054]; Action: ([1.65, 0.54, 0.53, 0.83, 0.42], [2, 0, 0, 1, 0])
Episode: 2; Score: [-5.14126463]; Action: ([0.11, 1.79, 0.52, 1.76, 1.27], [0, 2, 0, 2, 1])
Episode: 3; Score: [-3.0909791]; Action: ([1.01, 1.04, 1.9, 0.69, 1.34], [1, 1, 2, 1, 2])
Episode: 4; Score: [-3.70410819]; Action: ([1.56, 0.01, 1.31, 1.58, 0.83], [2, 0, 1, 2, 1])
Episode: 5; Score: [-4.27984601]; Action: ([1.22, 0.93, 1.55, 0.0, 0.58], [1, 1, 2, 0, 0])
Episode: 6; Score: [-3.17468003]; Action: ([1.47, 0.03, 0.73, 0.32, 1.78], [2, 0, 1, 0, 2])
Episode: 7; Score: [-1.61579651]; Action: ([2.0, 1.3, 0.99, 0.72, 1.02], [2, 1, 1, 1, 1])
Episode: 8; Score: [-4.55670932]; Action: ([0.78, 0.2, 1.77, 0.98, 1.25], [1, 0, 2, 1, 1])
Episode: 9; Score: [-2.97668572]; Action: ([1.19, 1.8, 2.0, 1.63, 2.0], [1, 2, 2, 2, 2])
Episode: 10; Score: [-2.3233539]; Action: ([0.7, 0.36, 0.0, 0.84, 0.42], [1, 0, 0, 1, 0])
Episode: 11; Score: [-3.47318044]; Action: ([0.93, 1.23, 0.17, 1.85, 0.81], [1, 1, 0, 2, 1])
Episode: 12; Score: [-2.99201318]; Action: ([0.62, 1.54, 1.65, 0.1, 0.48], [0, 2, 2, 0, 0])
Episode: 13; Score: [-3.83744671]; Action: ([1.27, 0.34, 0.54, 0.62, 1.07], [1, 0, 0, 0, 1])
Episode: 14; Score: [-3.51216906]; Action: ([0.54, 0.88, 0.06, 1.41, 0.62], [0, 1, 0, 2, 0])
Episode: 15; Score: [-2.09374468]; Action: ([0.76, 0.7, 0.97, 1.58, 1.94], [1, 1, 1, 2, 2])
Episode: 16; Score: [-6.04872511]; Action: ([1.13, 1.06, 0.9, 1.28, 1.67], [1, 1, 1, 1, 2])
Episode: 17; Score: [-4.69566269]; Action: ([1.37, 1.91, 0.29, 1.49, 1.07], [2, 2, 0, 2, 1])
Episode: 18; Score: [-4.44772988]; Action: ([0.21, 0.86, 1.29, 1.43, 0.34], [0, 1, 1, 2, 0])
Episode: 19; Score: [-4.55795283]; Action: ([1.89, 1.28, 0.64, 0.48, 0.72], [2, 1, 0, 0, 1])
Episode: 20; Score: [-4.5046215]; Action: ([0.86, 1.64, 1.83, 1.71, 0.39], [1, 2, 2, 2, 0])
Episode: 21; Score: [-7.02618033]; Action: ([1.63, 1.96, 0.29, 1.97, 1.18], [2, 2, 0, 2, 1])
Episode: 22; Score: [-5.63141141]; Action: ([0.21, 0.57, 1.68, 1.28, 1.89], [0, 0, 2, 1, 2])
Episode: 23; Score: [-4.50195164]; Action: ([0.89, 0.63, 0.88, 0.3, 1.79], [1, 0, 1, 0, 2])
Episode: 24; Score: [-1.45407185]; Action: ([1.53, 0.83, 1.19, 0.44, 1.0], [2, 1, 1, 0, 1])
Episode: 25; Score: [-3.04161996]; Action: ([1.56, 1.13, 0.52, 1.69, 0.31], [2, 1, 0, 2, 0])
Episode: 26; Score: [-5.6530051]; Action: ([0.1, 1.3, 0.1, 1.04, 0.41], [0, 1, 0, 1, 0])
Episode: 27; Score: [-4.54149088]; Action: ([0.85, 1.55, 1.53, 1.34, 0.34], [1, 2, 2, 2, 0])
Episode: 28; Score: [-5.05347017]; Action: ([0.08, 0.58, 2.0, 1.18, 1.21], [0, 0, 2, 1, 1])
Episode: 29; Score: [-5.16658914]; Action: ([0.54, 0.96, 0.17, 1.17, 0.99], [0, 1, 0, 1, 1])
Episode: 30; Score: [-1.99878584]; Action: ([1.07, 1.03, 0.07, 1.59, 1.38], [1, 1, 0, 2, 2])
Episode: 31; Score: [-3.4143392]; Action: ([0.52, 1.96, 0.07, 0.56, 0.39], [0, 2, 0, 0, 0])
Episode: 32; Score: [-6.32662456]; Action: ([2.0, 1.37, 1.13, 1.68, 0.15], [2, 2, 1, 2, 0])
Episode: 33; Score: [-4.21189468]; Action: ([0.0, 1.82, 0.05, 0.55, 1.78], [0, 2, 0, 0, 2])
Episode: 34; Score: [-2.57948235]; Action: ([1.92, 1.19, 0.5, 1.54, 1.65], [2, 1, 0, 2, 2])
Episode: 35; Score: [-3.36786693]; Action: ([1.53, 1.71, 1.48, 0.16, 0.19], [2, 2, 2, 0, 0])
Episode: 36; Score: [-4.62032905]; Action: ([0.81, 1.16, 1.06, 0.29, 1.38], [1, 1, 1, 0, 2])
Episode: 37; Score: [-5.39883497]; Action: ([0.07, 1.26, 0.89, 0.42, 0.48], [0, 1, 1, 0, 0])
Episode: 38; Score: [-4.71576581]; Action: ([1.43, 1.32, 1.62, 0.26, 0.09], [2, 1, 2, 0, 0])
Episode: 39; Score: [-1.90375885]; Action: ([1.95, 1.38, 1.88, 1.62, 1.03], [2, 2, 2, 2, 1])
Episode: 40; Score: [-4.49392419]; Action: ([0.58, 0.7, 1.47, 0.91, 0.78], [0, 1, 2, 1, 1])
Episode: 41; Score: [-5.04900886]; Action: ([0.28, 1.73, 1.57, 1.07, 0.91], [0, 2, 2, 1, 1])
Episode: 42; Score: [-2.2097474]; Action: ([0.58, 1.76, 1.36, 0.6, 0.73], [0, 2, 2, 0, 1])
Episode: 43; Score: [-2.73328473]; Action: ([1.32, 1.41, 0.05, 1.26, 1.79], [1, 2, 0, 1, 2])
Episode: 44; Score: [-2.11256243]; Action: ([1.21, 0.92, 1.88, 0.33, 0.72], [1, 1, 2, 0, 1])
Episode: 45; Score: [-4.13301803]; Action: ([1.41, 1.15, 0.38, 0.68, 1.55], [2, 1, 0, 1, 2])
Episode: 46; Score: [-2.59159306]; Action: ([1.28, 1.23, 1.22, 1.58, 0.99], [1, 1, 1, 2, 1])
Episode: 47; Score: [-4.52992468]; Action: ([1.21, 0.21, 0.93, 1.93, 0.19], [1, 0, 1, 2, 0])
Episode: 48; Score: [-4.75883309]; Action: ([1.47, 0.36, 0.28, 0.38, 1.74], [2, 0, 0, 0, 2])
Episode: 49; Score: [-1.94603189]; Action: ([1.3, 0.7, 1.35, 0.01, 1.0], [1, 1, 2, 0, 1])
Episode: 50; Score: [-4.36336228]; Action: ([1.77, 0.97, 0.31, 0.66, 0.65], [2, 1, 0, 0, 0])
Episode: 51; Score: [-5.52422923]; Action: ([0.6, 1.6, 0.34, 0.55, 0.58], [0, 2, 0, 0, 0])
Episode: 52; Score: [-4.80684153]; Action: ([0.75, 2.0, 1.01, 1.78, 0.65], [1, 2, 1, 2, 0])
Episode: 53; Score: [-1.87115354]; Action: ([1.66, 1.59, 0.9, 1.55, 1.61], [2, 2, 1, 2, 2])
Episode: 54; Score: [-4.57371264]; Action: ([0.8, 1.33, 0.66, 1.31, 0.48], [1, 1, 0, 1, 0])
Episode: 55; Score: [-2.79186395]; Action: ([1.89, 1.8, 0.73, 1.05, 0.22], [2, 2, 1, 1, 0])
Episode: 56; Score: [-4.1488184]; Action: ([1.37, 0.53, 1.39, 0.56, 0.29], [2, 0, 2, 0, 0])
Episode: 57; Score: [-3.20730945]; Action: ([1.71, 0.4, 0.38, 0.27, 0.45], [2, 0, 0, 0, 0])
Episode: 58; Score: [-2.37215763]; Action: ([1.74, 0.69, 0.07, 0.76, 0.86], [2, 1, 0, 1, 1])
Episode: 59; Score: [-5.61474861]; Action: ([1.4, 1.38, 0.27, 0.47, 0.61], [2, 2, 0, 0, 0])
Episode: 60; Score: [-4.54060773]; Action: ([0.0, 1.77, 0.76, 2.0, 0.47], [0, 2, 1, 2, 0])
Episode: 61; Score: [-6.00420643]; Action: ([0.22, 0.77, 0.86, 0.54, 0.6], [0, 1, 1, 0, 0])
Episode: 62; Score: [-2.7269791]; Action: ([0.48, 1.53, 1.86, 1.75, 1.07], [0, 2, 2, 2, 1])
Episode: 63; Score: [-3.63079358]; Action: ([1.53, 1.49, 1.16, 1.4, 0.1], [2, 2, 1, 2, 0])
Episode: 64; Score: [-5.67897273]; Action: ([1.0, 0.87, 1.52, 1.14, 1.14], [1, 1, 2, 1, 1])
Episode: 65; Score: [-5.4269945]; Action: ([0.04, 1.61, 0.26, 0.68, 1.22], [0, 2, 0, 1, 1])
Episode: 66; Score: [-5.79789907]; Action: ([1.31, 1.69, 0.15, 0.68, 1.98], [1, 2, 0, 1, 2])
Episode: 67; Score: [-3.85827972]; Action: ([0.95, 1.52, 0.78, 0.58, 0.02], [1, 2, 1, 0, 0])
Episode: 68; Score: [-4.08243443]; Action: ([1.7, 1.61, 0.44, 0.13, 0.2], [2, 2, 0, 0, 0])
Episode: 69; Score: [-4.72475146]; Action: ([1.6, 0.21, 1.89, 0.15, 0.43], [2, 0, 2, 0, 0])
Episode: 70; Score: [-4.07359092]; Action: ([0.0, 1.63, 0.86, 0.12, 1.47], [0, 2, 1, 0, 2])
Episode: 71; Score: [-3.30424519]; Action: ([0.25, 0.98, 1.59, 1.44, 1.62], [0, 1, 2, 2, 2])
Episode: 72; Score: [-2.22893638]; Action: ([0.62, 0.76, 1.86, 0.72, 0.53], [0, 1, 2, 1, 0])
Episode: 73; Score: [-4.23359701]; Action: ([1.34, 0.8, 0.82, 1.81, 0.0], [2, 1, 1, 2, 0])
Episode: 74; Score: [-3.70250761]; Action: ([0.5, 1.39, 0.0, 1.02, 0.79], [0, 2, 0, 1, 1])
Episode: 75; Score: [-3.49226943]; Action: ([1.78, 0.82, 1.94, 1.52, 0.33], [2, 1, 2, 2, 0])
Episode: 76; Score: [-3.35955115]; Action: ([1.48, 1.46, 2.0, 1.84, 0.42], [2, 2, 2, 2, 0])
Episode: 77; Score: [-1.15400994]; Action: ([1.12, 1.52, 1.11, 0.77, 1.16], [1, 2, 1, 1, 1])
Episode: 78; Score: [-4.11134228]; Action: ([0.55, 0.56, 1.25, 1.22, 1.32], [0, 0, 1, 1, 1])
Episode: 79; Score: [-3.17999469]; Action: ([0.85, 0.0, 0.82, 2.0, 1.15], [1, 0, 1, 2, 1])
Episode: 80; Score: [-1.97367187]; Action: ([1.98, 0.68, 0.99, 1.27, 1.11], [2, 1, 1, 1, 1])
Episode: 81; Score: [-3.47629494]; Action: ([1.26, 0.97, 1.61, 0.84, 1.07], [1, 1, 2, 1, 1])
Episode: 82; Score: [-4.36507276]; Action: ([1.65, 0.04, 0.56, 0.92, 1.2], [2, 0, 0, 1, 1])
Episode: 83; Score: [-5.3289624]; Action: ([1.46, 0.52, 0.0, 0.01, 1.67], [2, 0, 0, 0, 2])
Episode: 84; Score: [-1.95004486]; Action: ([1.82, 0.8, 1.02, 0.2, 1.11], [2, 1, 1, 0, 1])
Episode: 85; Score: [-5.00555756]; Action: ([0.3, 0.8, 1.24, 1.3, 1.36], [0, 1, 1, 1, 2])
Episode: 86; Score: [-2.42217316]; Action: ([1.54, 0.95, 1.47, 1.51, 1.11], [2, 1, 2, 2, 1])
Episode: 87; Score: [-4.45699716]; Action: ([0.57, 1.9, 2.0, 0.82, 1.05], [0, 2, 2, 1, 1])
Episode: 88; Score: [-2.83770568]; Action: ([0.6, 0.17, 1.82, 1.79, 0.99], [0, 0, 2, 2, 1])
Episode: 89; Score: [-4.82005541]; Action: ([1.55, 2.0, 1.34, 0.02, 1.26], [2, 2, 2, 0, 1])
Episode: 90; Score: [-4.13236634]; Action: ([0.86, 0.98, 0.0, 0.8, 1.23], [1, 1, 0, 1, 1])
Episode: 91; Score: [-5.61329104]; Action: ([0.0, 0.7, 1.85, 1.37, 1.69], [0, 1, 2, 2, 2])
Episode: 92; Score: [-1.81892877]; Action: ([1.86, 0.64, 0.16, 1.79, 1.74], [2, 0, 0, 2, 2])
Episode: 93; Score: [-4.35937226]; Action: ([0.85, 0.99, 0.14, 0.93, 1.73], [1, 1, 0, 1, 2])
Episode: 94; Score: [-5.11375019]; Action: ([0.04, 0.08, 1.15, 1.17, 1.44], [0, 0, 1, 1, 2])
Episode: 95; Score: [-5.24590337]; Action: ([1.64, 1.41, 0.24, 0.84, 0.44], [2, 2, 0, 1, 0])
Episode: 96; Score: [-5.32489583]; Action: ([0.13, 1.77, 1.1, 0.89, 1.33], [0, 2, 1, 1, 2])
Episode: 97; Score: [-3.63663984]; Action: ([0.82, 0.99, 1.19, 1.53, 0.22], [1, 1, 1, 2, 0])
Episode: 98; Score: [-1.36215782]; Action: ([1.05, 0.99, 0.84, 1.68, 0.54], [1, 1, 1, 2, 0])
Episode: 99; Score: [-3.50141648]; Action: ([0.01, 0.5, 1.38, 1.71, 1.65], [0, 0, 2, 2, 2])
Episode: 100; Score: [-1.5573601]; Action: ([1.75, 1.15, 0.83, 1.44, 1.57], [2, 1, 1, 2, 2])
Episode: 101; Score: [-4.68471761]; Action: ([1.34, 0.55, 0.59, 0.93, 0.91], [2, 0, 0, 1, 1])
Episode: 102; Score: [-4.49318184]; Action: ([1.59, 1.82, 0.94, 1.73, 0.06], [2, 2, 1, 2, 0])
Episode: 103; Score: [-2.93157071]; Action: ([0.49, 0.2, 0.45, 1.8, 1.27], [0, 0, 0, 2, 1])
Episode: 104; Score: [-4.09380792]; Action: ([1.39, 0.55, 1.68, 0.17, 1.11], [2, 0, 2, 0, 1])
Episode: 105; Score: [-3.69758028]; Action: ([0.46, 0.24, 0.24, 1.8, 1.83], [0, 0, 0, 2, 2])
Episode: 106; Score: [-2.88500342]; Action: ([1.33, 1.63, 1.96, 1.7, 0.76], [1, 2, 2, 2, 1])
Episode: 107; Score: [-5.66222691]; Action: ([1.54, 1.61, 0.09, 2.0, 0.43], [2, 2, 0, 2, 0])
Episode: 108; Score: [-3.76190978]; Action: ([0.0, 0.66, 0.98, 0.63, 1.49], [0, 0, 1, 0, 2])
Episode: 109; Score: [-4.16108956]; Action: ([1.22, 1.3, 0.95, 0.76, 1.21], [1, 1, 1, 1, 1])
Episode: 110; Score: [-5.2193067]; Action: ([0.42, 0.69, 1.7, 0.52, 0.85], [0, 1, 2, 0, 1])
Episode: 111; Score: [-5.3914868]; Action: ([0.05, 1.86, 0.88, 0.0, 1.54], [0, 2, 1, 0, 2])
Episode: 112; Score: [-0.89209028]; Action: ([1.68, 1.13, 2.0, 2.0, 1.56], [2, 1, 2, 2, 2])
Episode: 113; Score: [-5.02437556]; Action: ([0.23, 2.0, 0.83, 1.25, 1.67], [0, 2, 1, 1, 2])
Episode: 114; Score: [-5.70961001]; Action: ([0.12, 1.54, 1.83, 0.48, 1.75], [0, 2, 2, 0, 2])
Episode: 115; Score: [-2.45249808]; Action: ([0.62, 1.18, 1.21, 0.01, 1.69], [0, 1, 1, 0, 2])
Episode: 116; Score: [-2.48197333]; Action: ([1.13, 1.74, 1.36, 0.66, 1.92], [1, 2, 2, 0, 2])
Episode: 117; Score: [-6.85179918]; Action: ([0.82, 1.92, 0.91, 0.35, 0.0], [1, 2, 1, 0, 0])
Episode: 118; Score: [-4.66761604]; Action: ([0.61, 0.36, 1.85, 1.36, 0.16], [0, 0, 2, 2, 0])
Episode: 119; Score: [-4.02667734]; Action: ([1.59, 0.61, 1.88, 0.89, 0.77], [2, 0, 2, 1, 1])
Episode: 120; Score: [-3.28155886]; Action: ([1.44, 0.03, 0.92, 1.09, 1.24], [2, 0, 1, 1, 1])
Episode: 121; Score: [-1.77274778]; Action: ([1.21, 0.44, 0.64, 1.65, 1.0], [1, 0, 0, 2, 1])
Episode: 122; Score: [-6.06253082]; Action: ([0.49, 1.66, 0.66, 0.0, 0.44], [0, 2, 0, 0, 0])
Episode: 123; Score: [-5.04381632]; Action: ([0.58, 0.24, 0.88, 1.06, 1.2], [0, 0, 1, 1, 1])
Episode: 124; Score: [-7.05188851]; Action: ([1.75, 1.67, 1.33, 1.84, 0.46], [2, 2, 1, 2, 0])
Episode: 125; Score: [-3.14585467]; Action: ([1.4, 1.82, 0.98, 1.84, 1.45], [2, 2, 1, 2, 2])
Episode: 126; Score: [-3.10192103]; Action: ([0.42, 0.18, 0.69, 0.26, 1.64], [0, 0, 1, 0, 2])
Episode: 127; Score: [-4.55405493]; Action: ([1.42, 1.08, 0.87, 0.35, 0.83], [2, 1, 1, 0, 1])
Episode: 128; Score: [-3.38595686]; Action: ([1.13, 1.16, 0.15, 1.5, 0.98], [1, 1, 0, 2, 1])
Episode: 129; Score: [-3.14939595]; Action: ([1.06, 0.31, 0.13, 0.48, 0.0], [1, 0, 0, 0, 0])
Episode: 130; Score: [-1.94584215]; Action: ([1.68, 1.12, 1.11, 1.2, 0.16], [2, 1, 1, 1, 0])
Episode: 131; Score: [-4.73050013]; Action: ([0.32, 0.93, 0.91, 1.32, 0.78], [0, 1, 1, 1, 1])
Episode: 132; Score: [-5.24527611]; Action: ([1.36, 1.12, 0.62, 0.41, 0.48], [2, 1, 0, 0, 0])
Episode: 133; Score: [-3.49039285]; Action: ([1.14, 0.11, 1.0, 1.55, 0.72], [1, 0, 1, 2, 1])
Episode: 134; Score: [-4.61298794]; Action: ([1.16, 0.48, 1.48, 1.08, 0.14], [1, 0, 2, 1, 0])
Episode: 135; Score: [-6.71002515]; Action: ([0.25, 0.66, 0.45, 0.73, 0.19], [0, 0, 0, 1, 0])
Episode: 136; Score: [-5.26497301]; Action: ([0.71, 0.32, 1.41, 1.52, 1.31], [1, 0, 2, 2, 1])
Episode: 137; Score: [-3.70179005]; Action: ([0.93, 1.6, 1.21, 0.3, 1.88], [1, 2, 1, 0, 2])
Episode: 138; Score: [-6.79263832]; Action: ([1.71, 1.35, 1.0, 1.44, 1.29], [2, 2, 1, 2, 1])
Episode: 139; Score: [-4.80598183]; Action: ([1.11, 0.41, 1.38, 0.53, 1.37], [1, 0, 2, 0, 2])
Episode: 140; Score: [-3.53531004]; Action: ([1.82, 0.28, 0.75, 1.2, 1.42], [2, 0, 1, 1, 2])
Episode: 141; Score: [-4.51575096]; Action: ([0.59, 1.27, 1.27, 1.87, 0.03], [0, 1, 1, 2, 0])
Episode: 142; Score: [-5.01973983]; Action: ([1.43, 1.06, 0.89, 1.36, 0.29], [2, 1, 1, 2, 0])
Episode: 143; Score: [-3.40225374]; Action: ([1.27, 1.91, 1.64, 0.26, 0.16], [1, 2, 2, 0, 0])
Episode: 144; Score: [-2.89655486]; Action: ([2.0, 1.37, 0.23, 1.52, 0.73], [2, 2, 0, 2, 1])
Episode: 145; Score: [-3.64316208]; Action: ([0.87, 0.58, 0.52, 1.67, 0.0], [1, 0, 0, 2, 0])
Episode: 146; Score: [-6.17939298]; Action: ([1.74, 1.7, 0.93, 1.53, 0.28], [2, 2, 1, 2, 0])
Episode: 147; Score: [-5.45582637]; Action: ([0.74, 1.35, 0.23, 1.73, 0.18], [1, 2, 0, 2, 0])
Episode: 148; Score: [-4.68182376]; Action: ([1.08, 1.86, 0.82, 0.9, 0.01], [1, 2, 1, 1, 0])
Episode: 149; Score: [-1.48233597]; Action: ([1.77, 1.13, 1.01, 1.5, 0.93], [2, 1, 1, 2, 1])
Episode: 150; Score: [-6.40761048]; Action: ([1.18, 1.41, 0.77, 1.58, 1.46], [1, 2, 1, 2, 2])
Episode: 151; Score: [-4.71924348]; Action: ([0.29, 0.39, 0.14, 1.67, 1.79], [0, 0, 0, 2, 2])
Episode: 152; Score: [-5.06318236]; Action: ([1.4, 1.5, 0.02, 0.06, 0.95], [2, 2, 0, 0, 1])
Episode: 153; Score: [-2.38148493]; Action: ([1.55, 0.97, 1.76, 0.71, 1.75], [2, 1, 2, 1, 2])
Episode: 154; Score: [-5.61631679]; Action: ([0.46, 1.27, 1.42, 0.64, 1.82], [0, 1, 2, 0, 2])
Episode: 155; Score: [-1.95937792]; Action: ([0.89, 1.52, 0.91, 0.67, 0.09], [1, 2, 1, 1, 0])
Episode: 156; Score: [-5.39877676]; Action: ([0.7, 0.2, 1.84, 0.12, 1.43], [1, 0, 2, 0, 2])
Episode: 157; Score: [-4.71214704]; Action: ([1.5, 1.36, 0.97, 1.09, 0.09], [2, 2, 1, 1, 0])
Episode: 158; Score: [-2.44890336]; Action: ([0.67, 0.39, 0.58, 0.62, 0.29], [0, 0, 0, 0, 0])
Episode: 159; Score: [-2.95373591]; Action: ([0.61, 1.86, 0.31, 0.27, 1.27], [0, 2, 0, 0, 1])
Episode: 160; Score: [-4.77503904]; Action: ([1.62, 0.0, 1.49, 1.29, 0.37], [2, 0, 2, 1, 0])
Episode: 161; Score: [-5.7883883]; Action: ([1.11, 0.13, 0.35, 0.0, 0.62], [1, 0, 0, 0, 0])
Episode: 162; Score: [-4.3373725]; Action: ([1.03, 1.82, 1.03, 0.17, 1.31], [1, 2, 1, 0, 1])
Episode: 163; Score: [-2.78989991]; Action: ([1.82, 0.01, 0.59, 0.59, 1.16], [2, 0, 0, 0, 1])
Episode: 164; Score: [-4.70233712]; Action: ([0.46, 1.61, 1.11, 0.34, 2.0], [0, 2, 1, 0, 2])
Episode: 165; Score: [-3.83965576]; Action: ([1.88, 0.93, 0.49, 1.46, 0.39], [2, 1, 0, 2, 0])
Episode: 166; Score: [-2.51156815]; Action: ([0.93, 1.04, 1.8, 0.17, 1.77], [1, 1, 2, 0, 2])
Episode: 167; Score: [-3.25877954]; Action: ([1.93, 1.9, 1.05, 0.27, 1.5], [2, 2, 1, 0, 2])
Episode: 168; Score: [-6.07288183]; Action: ([1.42, 0.8, 1.94, 0.39, 1.52], [2, 1, 2, 0, 2])
Episode: 169; Score: [-3.67548561]; Action: ([0.44, 0.17, 1.87, 0.32, 0.88], [0, 0, 2, 0, 1])
Episode: 170; Score: [-5.97051433]; Action: ([1.94, 1.56, 0.74, 1.46, 0.27], [2, 2, 1, 2, 0])
Episode: 171; Score: [-3.0067307]; Action: ([1.61, 1.68, 0.76, 1.59, 1.72], [2, 2, 1, 2, 2])
Episode: 172; Score: [-4.66396585]; Action: ([0.09, 1.28, 1.01, 0.79, 0.75], [0, 1, 1, 1, 1])
Episode: 173; Score: [-4.47225021]; Action: ([1.44, 0.47, 0.47, 0.42, 1.72], [2, 0, 0, 0, 2])
Episode: 174; Score: [-2.50149507]; Action: ([1.9, 1.24, 1.63, 0.92, 1.55], [2, 1, 2, 1, 2])
Episode: 175; Score: [-3.48296778]; Action: ([0.34, 1.14, 0.76, 1.6, 0.96], [0, 1, 1, 2, 1])
Episode: 176; Score: [-3.63418702]; Action: ([1.21, 0.02, 1.3, 1.66, 0.78], [1, 0, 1, 2, 1])
Episode: 177; Score: [-7.17987477]; Action: ([0.99, 1.71, 1.66, 1.07, 1.75], [1, 2, 2, 1, 2])
Episode: 178; Score: [-3.703275]; Action: ([0.6, 1.85, 0.47, 1.38, 1.71], [0, 2, 0, 2, 2])
Episode: 179; Score: [-3.79667147]; Action: ([0.49, 0.16, 1.07, 0.83, 1.8], [0, 0, 1, 1, 2])
Episode: 180; Score: [-6.10788082]; Action: ([0.03, 0.71, 1.39, 1.98, 2.0], [0, 1, 2, 2, 2])
Episode: 181; Score: [-2.1950249]; Action: ([1.42, 0.95, 0.88, 1.21, 1.34], [2, 1, 1, 1, 2])
Episode: 182; Score: [-5.5603959]; Action: ([1.0, 1.03, 0.84, 1.39, 1.3], [1, 1, 1, 2, 1])
Episode: 183; Score: [-4.86530012]; Action: ([1.45, 0.06, 0.25, 0.38, 2.0], [2, 0, 0, 0, 2])
Episode: 184; Score: [-3.20798476]; Action: ([0.21, 1.51, 1.66, 1.31, 0.05], [0, 2, 2, 1, 0])
Episode: 185; Score: [-7.14019353]; Action: ([1.37, 1.09, 1.67, 1.03, 1.97], [2, 1, 2, 1, 2])
Episode: 186; Score: [-2.16047418]; Action: ([1.59, 1.64, 1.49, 1.85, 1.54], [2, 2, 2, 2, 2])
Episode: 187; Score: [-2.83645809]; Action: ([1.78, 0.29, 0.5, 1.16, 0.31], [2, 0, 0, 1, 0])
Episode: 188; Score: [-6.84301439]; Action: ([0.81, 2.0, 1.51, 1.47, 1.04], [1, 2, 2, 2, 1])
Episode: 189; Score: [-5.09077151]; Action: ([0.0, 0.68, 0.82, 0.94, 1.47], [0, 1, 1, 1, 2])
Episode: 190; Score: [-3.93674796]; Action: ([0.46, 1.47, 0.51, 1.34, 1.23], [0, 2, 0, 2, 1])
Episode: 191; Score: [-4.73114682]; Action: ([1.59, 1.65, 0.63, 0.09, 0.78], [2, 2, 0, 0, 1])
Episode: 192; Score: [-3.32512332]; Action: ([1.89, 1.16, 0.0, 0.46, 1.48], [2, 1, 0, 0, 2])
Episode: 193; Score: [-6.43740113]; Action: ([1.86, 1.42, 0.93, 1.68, 0.55], [2, 2, 1, 2, 0])
Episode: 194; Score: [-4.45420598]; Action: ([0.86, 0.25, 1.45, 0.78, 1.2], [1, 0, 2, 1, 1])
Episode: 195; Score: [-4.07914836]; Action: ([0.1, 1.38, 1.06, 2.0, 0.26], [0, 2, 1, 2, 0])
Episode: 196; Score: [-4.22762724]; Action: ([0.82, 0.0, 2.0, 1.75, 1.2], [1, 0, 2, 2, 1])
Episode: 197; Score: [-2.70482857]; Action: ([0.24, 0.9, 1.37, 1.63, 1.89], [0, 1, 2, 2, 2])
Episode: 198; Score: [-6.30237743]; Action: ([1.8, 1.78, 1.9, 0.28, 0.54], [2, 2, 2, 0, 0])
Episode: 199; Score: [-4.36517126]; Action: ([1.0, 0.04, 0.27, 1.73, 0.6], [1, 0, 0, 2, 0])
Episode: 200; Score: [-2.66245475]; Action: ([1.14, 0.9, 1.42, 0.73, 1.99], [1, 1, 2, 1, 2])
Episode: 201; Score: [-2.77598648]; Action: ([1.67, 1.71, 1.32, 1.73, 1.35], [2, 2, 1, 2, 2])
Episode: 202; Score: [-3.9230368]; Action: ([1.5, 1.63, 1.27, 1.33, 0.6], [2, 2, 1, 2, 0])
Episode: 203; Score: [-3.75650158]; Action: ([1.94, 0.0, 1.06, 2.0, 0.24], [2, 0, 1, 2, 0])
Episode: 204; Score: [-1.65840055]; Action: ([0.2, 0.91, 1.63, 1.01, 0.88], [0, 1, 2, 1, 1])
Episode: 205; Score: [-5.57168069]; Action: ([0.63, 2.0, 1.36, 0.88, 0.28], [0, 2, 2, 1, 0])
Episode: 206; Score: [-3.59646904]; Action: ([0.05, 0.15, 0.48, 0.46, 1.75], [0, 0, 0, 0, 2])
Episode: 207; Score: [-2.0341325]; Action: ([1.94, 1.03, 1.83, 1.19, 1.71], [2, 1, 2, 1, 2])
Episode: 208; Score: [-4.85734276]; Action: ([0.13, 0.98, 0.98, 0.87, 0.19], [0, 1, 1, 1, 0])
Episode: 209; Score: [-1.91968011]; Action: ([0.83, 0.41, 1.16, 1.05, 1.95], [1, 0, 1, 1, 2])
Episode: 210; Score: [-3.06669028]; Action: ([0.92, 0.32, 0.9, 1.08, 1.71], [1, 0, 1, 1, 2])
Episode: 211; Score: [-5.40969017]; Action: ([0.19, 1.55, 0.16, 1.46, 0.33], [0, 2, 0, 2, 0])
Episode: 212; Score: [-3.71435853]; Action: ([1.5, 0.39, 1.5, 1.27, 0.62], [2, 0, 2, 1, 0])
Episode: 213; Score: [-5.62092018]; Action: ([2.0, 2.0, 0.4, 0.81, 0.42], [2, 2, 0, 1, 0])
Episode: 214; Score: [-3.1800062]; Action: ([1.9, 1.65, 0.46, 0.58, 1.67], [2, 2, 0, 0, 2])
Episode: 215; Score: [-7.82449209]; Action: ([1.99, 1.79, 1.74, 0.71, 1.6], [2, 2, 2, 1, 2])
Episode: 216; Score: [-5.1958121]; Action: ([0.68, 1.7, 1.57, 0.86, 0.4], [1, 2, 2, 1, 0])
Episode: 217; Score: [-1.62695926]; Action: ([1.78, 1.17, 1.37, 0.7, 1.0], [2, 1, 2, 1, 1])
Episode: 218; Score: [-3.17356212]; Action: ([1.57, 1.87, 0.35, 1.12, 1.97], [2, 2, 0, 1, 2])
Episode: 219; Score: [-5.33790683]; Action: ([0.49, 0.0, 0.26, 1.4, 1.51], [0, 0, 0, 2, 2])
Episode: 220; Score: [-2.23045705]; Action: ([0.48, 0.82, 1.51, 0.0, 1.02], [0, 1, 2, 0, 1])
Episode: 221; Score: [-2.91605548]; Action: ([0.01, 0.24, 1.35, 0.32, 0.87], [0, 0, 2, 0, 1])
Episode: 222; Score: [-2.29622154]; Action: ([0.6, 1.46, 1.23, 0.39, 1.59], [0, 2, 1, 0, 2])
Episode: 223; Score: [-4.56313293]; Action: ([0.29, 1.05, 1.25, 0.25, 1.71], [0, 1, 1, 0, 2])
Episode: 224; Score: [-4.37858246]; Action: ([0.24, 1.52, 1.95, 1.29, 1.56], [0, 2, 2, 1, 2])
Episode: 225; Score: [-2.1979563]; Action: ([1.84, 1.45, 0.58, 1.12, 1.71], [2, 2, 0, 1, 2])
Episode: 226; Score: [-3.15538339]; Action: ([0.32, 1.27, 0.94, 1.86, 2.0], [0, 1, 1, 2, 2])
Episode: 227; Score: [-3.70085676]; Action: ([1.09, 1.78, 1.65, 1.61, 1.03], [1, 2, 2, 2, 1])
Episode: 228; Score: [-6.52624362]; Action: ([0.58, 1.67, 1.71, 0.65, 1.91], [0, 2, 2, 0, 2])
Episode: 229; Score: [-4.40738994]; Action: ([0.0, 0.38, 1.53, 0.83, 1.91], [0, 0, 2, 1, 2])
Episode: 230; Score: [-2.95928707]; Action: ([1.04, 0.41, 1.89, 1.18, 1.52], [1, 0, 2, 1, 2])
Episode: 231; Score: [-5.72651908]; Action: ([0.9, 1.09, 1.8, 0.13, 0.13], [1, 1, 2, 0, 0])
Episode: 232; Score: [-3.59341098]; Action: ([0.29, 0.19, 1.6, 1.56, 1.92], [0, 0, 2, 2, 2])
Episode: 233; Score: [-2.7928525]; Action: ([1.4, 0.69, 1.86, 1.08, 1.9], [2, 1, 2, 1, 2])
Episode: 234; Score: [-3.63065417]; Action: ([1.87, 0.33, 0.82, 0.09, 2.0], [2, 0, 1, 0, 2])
Episode: 235; Score: [-4.70377584]; Action: ([1.19, 1.09, 1.78, 0.45, 0.53], [1, 1, 2, 0, 0])
Episode: 236; Score: [-3.81046082]; Action: ([1.97, 1.64, 1.4, 0.11, 1.9], [2, 2, 2, 0, 2])
Episode: 237; Score: [-3.12435359]; Action: ([0.82, 0.01, 1.59, 0.18, 0.52], [1, 0, 2, 0, 0])
Episode: 238; Score: [-2.007644]; Action: ([0.9, 1.34, 0.34, 1.46, 0.55], [1, 2, 0, 2, 0])
Episode: 239; Score: [-2.7694933]; Action: ([0.8, 0.17, 0.2, 0.51, 0.54], [1, 0, 0, 0, 0])
Episode: 240; Score: [-4.872036]; Action: ([1.92, 2.0, 1.97, 2.0, 1.98], [2, 2, 2, 2, 2])
Episode: 241; Score: [-2.1147575]; Action: ([1.95, 1.98, 2.0, 1.92, 2.0], [2, 2, 2, 2, 2])
Episode: 242; Score: [-4.961292]; Action: ([1.99, 1.99, 2.0, 2.0, 1.98], [2, 2, 2, 2, 2])
Episode: 243; Score: [-0.5424355]; Action: ([0.41, 0.02, 0.03, 0.0, 0.08], [0, 0, 0, 0, 0])
Episode: 244; Score: [-4.8511777]; Action: ([2.0, 2.0, 1.9, 2.0, 1.95], [2, 2, 2, 2, 2])
Episode: 245; Score: [-4.766274]; Action: ([2.0, 1.88, 1.95, 2.0, 1.94], [2, 2, 2, 2, 2])
Episode: 246; Score: [-8.354265]; Action: ([0.42, 0.0, 0.23, 0.0, 0.0], [0, 0, 0, 0, 0])
Episode: 247; Score: [-1.9780763]; Action: ([1.98, 1.91, 1.95, 1.97, 1.93], [2, 2, 2, 2, 2])
Episode: 248; Score: [-2.1200454]; Action: ([1.83, 1.97, 1.91, 1.93, 2.0], [2, 2, 2, 2, 2])
Episode: 249; Score: [-1.4583584]; Action: ([1.89, 2.0, 2.0, 1.83, 1.82], [2, 2, 2, 2, 2])
Episode: 250; Score: [-1.9865249]; Action: ([1.91, 1.95, 1.94, 2.0, 2.0], [2, 2, 2, 2, 2])
Episode: 251; Score: [-8.332319]; Action: ([0.4, 0.13, 0.0, 0.13, 0.0], [0, 0, 0, 0, 0])
Episode: 252; Score: [-0.73988086]; Action: ([0.57, 0.02, 0.0, 0.15, 0.0], [0, 0, 0, 0, 0])
Episode: 253; Score: [-1.1733708]; Action: ([2.0, 2.0, 1.87, 1.97, 1.99], [2, 2, 2, 2, 2])
Episode: 254; Score: [-4.814427]; Action: ([1.95, 2.0, 1.89, 2.0, 1.97], [2, 2, 2, 2, 2])
Episode: 255; Score: [-1.046362]; Action: ([2.0, 2.0, 1.95, 2.0, 2.0], [2, 2, 2, 2, 2])
Episode: 256; Score: [-4.8743315]; Action: ([1.87, 2.0, 2.0, 2.0, 2.0], [2, 2, 2, 2, 2])
Episode: 257; Score: [-0.6725598]; Action: ([0.5, 0.0, 0.14, 0.03, 0.0], [0, 0, 0, 0, 0])
Episode: 258; Score: [-2.0332046]; Action: ([1.9, 1.84, 1.88, 1.78, 2.0], [2, 2, 2, 2, 2])
Episode: 259; Score: [-4.869235]; Action: ([2.0, 1.97, 2.0, 2.0, 1.9], [2, 2, 2, 2, 2])
Episode: 260; Score: [-8.267088]; Action: ([0.51, 0.0, 0.02, 0.2, 0.0], [0, 0, 0, 0, 0])
Episode: 261; Score: [-0.92959726]; Action: ([2.0, 1.93, 2.0, 2.0, 2.0], [2, 2, 2, 2, 2])
Episode: 262; Score: [-1.956529]; Action: ([2.0, 1.9, 2.0, 1.94, 2.0], [2, 2, 2, 2, 2])
Episode: 263; Score: [-1.2235788]; Action: ([1.91, 2.0, 1.97, 2.0, 1.9], [2, 2, 2, 2, 2])
Episode: 264; Score: [-2.0153208]; Action: ([1.96, 1.83, 2.0, 2.0, 1.85], [2, 2, 2, 2, 2])
Episode: 265; Score: [-1.0652691]; Action: ([1.94, 1.94, 2.0, 1.95, 1.98], [2, 2, 2, 2, 2])
Episode: 266; Score: [-1.1666678]; Action: ([2.0, 2.0, 1.88, 2.0, 1.95], [2, 2, 2, 2, 2])
Episode: 267; Score: [-1.9217019]; Action: ([2.0, 1.9, 1.93, 2.0, 1.9], [2, 2, 2, 2, 2])
Episode: 268; Score: [-2.0907962]; Action: ([1.89, 2.0, 1.98, 2.0, 2.0], [2, 2, 2, 2, 2])
Episode: 269; Score: [-1.2390611]; Action: ([1.96, 2.0, 1.89, 1.98, 1.93], [2, 2, 2, 2, 2])
Episode: 270; Score: [-0.8841702]; Action: ([0.46, 0.0, 0.03, 0.12, 0.27], [0, 0, 0, 0, 0])
Episode: 271; Score: [-1.0725112]; Action: ([1.97, 1.98, 2.0, 2.0, 1.94], [2, 2, 2, 2, 2])
Episode: 272; Score: [-1.9359121]; Action: ([2.0, 1.95, 1.97, 2.0, 1.98], [2, 2, 2, 2, 2])
Episode: 273; Score: [-1.0706534]; Action: ([2.0, 2.0, 2.0, 1.93, 2.0], [2, 2, 2, 2, 2])
Episode: 274; Score: [-1.9856528]; Action: ([2.0, 2.0, 1.81, 1.96, 1.86], [2, 2, 2, 2, 2])
Episode: 275; Score: [-2.0710087]; Action: ([1.88, 1.96, 2.0, 2.0, 2.0], [2, 2, 2, 2, 2])
Episode: 276; Score: [-2.]; Action: ([2.0, 2.0, 2.0, 2.0, 2.0], [2, 2, 2, 2, 2])
Episode: 277; Score: [-1.9569848]; Action: ([2.0, 1.95, 2.0, 2.0, 2.0], [2, 2, 2, 2, 2])
Episode: 278; Score: [-0.98664224]; Action: ([2.0, 1.9, 1.99, 1.93, 2.0], [2, 2, 2, 2, 2])
Episode: 279; Score: [-1.0576696]; Action: ([0.85, 0.06, 0.12, 0.0, 0.03], [1, 0, 0, 0, 0])
Episode: 280; Score: [-0.7714976]; Action: ([0.53, 0.16, 0.08, 0.0, 0.0], [0, 0, 0, 0, 0])
Episode: 281; Score: [-1.3605924]; Action: ([2.0, 1.96, 1.65, 1.95, 2.0], [2, 2, 2, 2, 2])
Episode: 282; Score: [-8.192319]; Action: ([0.71, 0.07, 0.0, 0.0, 0.02], [1, 0, 0, 0, 0])
Episode: 283; Score: [-1.9262815]; Action: ([1.96, 1.83, 1.98, 2.0, 1.93], [2, 2, 2, 2, 2])
Episode: 284; Score: [-2.2666202]; Action: ([1.87, 2.0, 2.0, 2.0, 1.87], [2, 2, 2, 2, 2])
Episode: 285; Score: [-0.8891318]; Action: ([2.0, 1.89, 2.0, 2.0, 2.0], [2, 2, 2, 2, 2])
Episode: 286; Score: [-4.402984]; Action: ([1.89, 1.97, 1.79, 1.9, 1.86], [2, 2, 2, 2, 2])
Episode: 287; Score: [-1.059552]; Action: ([0.83, 0.15, 0.08, 0.0, 0.0], [1, 0, 0, 0, 0])
Episode: 288; Score: [-5.]; Action: ([2.0, 2.0, 2.0, 2.0, 2.0], [2, 2, 2, 2, 2])
Episode: 289; Score: [-2.0979688]; Action: ([1.94, 2.0, 2.0, 1.96, 2.0], [2, 2, 2, 2, 2])
Episode: 290; Score: [-2.1354492]; Action: ([1.91, 2.0, 2.0, 1.96, 2.0], [2, 2, 2, 2, 2])
Episode: 291; Score: [-4.7821646]; Action: ([1.96, 2.0, 1.96, 2.0, 1.86], [2, 2, 2, 2, 2])
Episode: 292; Score: [-1.9837774]; Action: ([2.0, 1.99, 1.98, 2.0, 1.99], [2, 2, 2, 2, 2])
Episode: 293; Score: [-0.7170022]; Action: ([0.47, 0.11, 0.0, 0.14, 0.0], [0, 0, 0, 0, 0])
Episode: 294; Score: [-0.7466458]; Action: ([0.56, 0.0, 0.16, 0.03, 0.0], [0, 0, 0, 0, 0])
Episode: 295; Score: [-1.979798]; Action: ([1.96, 2.0, 1.88, 1.95, 2.0], [2, 2, 2, 2, 2])
Episode: 296; Score: [-4.721269]; Action: ([1.99, 1.9, 1.83, 2.0, 2.0], [2, 2, 2, 2, 2])
Episode: 297; Score: [-3.1777213]; Action: ([2.0, 2.0, 1.73, 1.65, 0.9], [2, 2, 2, 2, 1])
Episode: 298; Score: [-2.0831084]; Action: ([2.0, 1.96, 2.0, 1.94, 1.94], [2, 2, 2, 2, 2])
Episode: 299; Score: [-2.073378]; Action: ([1.82, 2.0, 1.88, 1.99, 2.0], [2, 2, 2, 2, 2])
Episode: 300; Score: [-4.8926826]; Action: ([1.98, 2.0, 2.0, 2.0, 1.91], [2, 2, 2, 2, 2])
Episode: 301; Score: [-1.9527514]; Action: ([2.0, 1.89, 2.0, 1.94, 2.0], [2, 2, 2, 2, 2])
Episode: 302; Score: [-0.59936666]; Action: ([0.43, 0.0, 0.04, 0.03, 0.1], [0, 0, 0, 0, 0])
Episode: 303; Score: [-2.1078215]; Action: ([2.0, 2.0, 2.0, 2.0, 1.89], [2, 2, 2, 2, 2])
Episode: 304; Score: [-0.9235499]; Action: ([0.6, 0.03, 0.16, 0.13, 0.0], [0, 0, 0, 0, 0])
Episode: 305; Score: [-0.4423203]; Action: ([0.32, 0.08, 0.0, 0.0, 0.05], [0, 0, 0, 0, 0])
Episode: 306; Score: [-1.]; Action: ([2.0, 2.0, 2.0, 2.0, 2.0], [2, 2, 2, 2, 2])
Episode: 307; Score: [-4.8473916]; Action: ([2.0, 2.0, 1.85, 2.0, 2.0], [2, 2, 2, 2, 2])
Episode: 308; Score: [-1.8383967]; Action: ([2.0, 1.9, 1.81, 1.9, 1.97], [2, 2, 2, 2, 2])
Episode: 309; Score: [-1.865061]; Action: ([2.0, 1.94, 1.9, 1.98, 2.0], [2, 2, 2, 2, 2])
Episode: 310; Score: [-1.0352097]; Action: ([2.0, 2.0, 2.0, 1.96, 2.0], [2, 2, 2, 2, 2])
Episode: 311; Score: [-1.8913516]; Action: ([2.0, 2.0, 1.84, 2.0, 1.95], [2, 2, 2, 2, 2])
Episode: 312; Score: [-4.8923297]; Action: ([1.96, 2.0, 2.0, 1.95, 1.98], [2, 2, 2, 2, 2])
Episode: 313; Score: [-4.9020166]; Action: ([2.0, 2.0, 1.96, 1.94, 2.0], [2, 2, 2, 2, 2])
Episode: 314; Score: [-1.0051197]; Action: ([2.0, 2.0, 2.0, 2.0, 1.99], [2, 2, 2, 2, 2])
Episode: 315; Score: [-0.47586006]; Action: ([0.43, 0.05, 0.0, 0.0, 0.0], [0, 0, 0, 0, 0])
Episode: 316; Score: [-8.537769]; Action: ([0.36, 0.0, 0.09, 0.01, 0.0], [0, 0, 0, 0, 0])
Episode: 317; Score: [-1.1860914]; Action: ([2.0, 2.0, 2.0, 2.0, 1.81], [2, 2, 2, 2, 2])
Episode: 318; Score: [-6.4933467]; Action: ([1.71, 0.44, 0.08, 0.24, 0.04], [2, 0, 0, 0, 0])
Episode: 319; Score: [-4.925193]; Action: ([2.0, 1.93, 2.0, 2.0, 2.0], [2, 2, 2, 2, 2])
Episode: 320; Score: [-8.05472]; Action: ([0.42, 0.17, 0.11, 0.16, 0.09], [0, 0, 0, 0, 0])
Episode: 321; Score: [-0.73750937]; Action: ([0.57, 0.06, 0.0, 0.03, 0.07], [0, 0, 0, 0, 0])
Episode: 322; Score: [-4.7978277]; Action: ([1.88, 2.0, 1.91, 2.0, 2.0], [2, 2, 2, 2, 2])
Episode: 323; Score: [-2.0977902]; Action: ([1.87, 1.88, 2.0, 1.91, 2.0], [2, 2, 2, 2, 2])
Episode: 324; Score: [-3.1933756]; Action: ([1.9, 1.96, 1.9, 1.39, 0.57], [2, 2, 2, 2, 0])
Episode: 325; Score: [-0.55192447]; Action: ([0.43, 0.05, 0.06, 0.0, 0.0], [0, 0, 0, 0, 0])
Episode: 326; Score: [-0.54854625]; Action: ([0.36, 0.0, 0.08, 0.1, 0.01], [0, 0, 0, 0, 0])
Episode: 327; Score: [-2.127352]; Action: ([1.9, 1.97, 1.98, 2.0, 1.93], [2, 2, 2, 2, 2])
Episode: 328; Score: [-0.52013236]; Action: ([0.33, 0.01, 0.12, 0.06, 0.0], [0, 0, 0, 0, 0])
Episode: 329; Score: [-5.615224]; Action: ([1.74, 0.54, 0.0, 0.01, 0.09], [2, 0, 0, 0, 0])
Episode: 330; Score: [-0.88598245]; Action: ([0.51, 0.12, 0.11, 0.1, 0.05], [0, 0, 0, 0, 0])
Episode: 331; Score: [-4.8676043]; Action: ([1.91, 2.0, 2.0, 1.96, 2.0], [2, 2, 2, 2, 2])
Episode: 332; Score: [-7.3591533]; Action: ([0.39, 0.1, 0.06, 0.0, 0.09], [0, 0, 0, 0, 0])
Episode: 333; Score: [-2.037592]; Action: ([1.99, 1.97, 2.0, 1.93, 2.0], [2, 2, 2, 2, 2])
Episode: 334; Score: [-1.9410859]; Action: ([2.0, 2.0, 1.92, 1.98, 2.0], [2, 2, 2, 2, 2])
Episode: 335; Score: [-1.8448951]; Action: ([2.0, 1.93, 1.92, 2.0, 2.0], [2, 2, 2, 2, 2])
Episode: 336; Score: [-1.9228095]; Action: ([1.98, 2.0, 1.9, 2.0, 2.0], [2, 2, 2, 2, 2])
Episode: 337; Score: [-2.1683183]; Action: ([2.0, 2.0, 1.99, 1.89, 1.94], [2, 2, 2, 2, 2])
Episode: 338; Score: [-0.32084262]; Action: ([0.26, 0.06, 0.0, 0.0, 0.0], [0, 0, 0, 0, 0])
Episode: 339; Score: [-4.912821]; Action: ([1.96, 2.0, 1.97, 2.0, 1.98], [2, 2, 2, 2, 2])
Episode: 340; Score: [-0.39071065]; Action: ([0.25, 0.0, 0.14, 0.0, 0.0], [0, 0, 0, 0, 0])
Episode: 341; Score: [-4.9441137]; Action: ([1.98, 2.0, 1.96, 2.0, 2.0], [2, 2, 2, 2, 2])
Episode: 342; Score: [-4.9029803]; Action: ([2.0, 2.0, 2.0, 1.9, 2.0], [2, 2, 2, 2, 2])
Episode: 343; Score: [-1.0058699]; Action: ([2.0, 1.84, 1.9, 1.93, 2.0], [2, 2, 2, 2, 2])
Episode: 344; Score: [-4.7920327]; Action: ([1.81, 1.98, 2.0, 2.0, 2.0], [2, 2, 2, 2, 2])
Episode: 345; Score: [-4.650181]; Action: ([1.91, 2.0, 2.0, 1.82, 1.92], [2, 2, 2, 2, 2])
Episode: 346; Score: [-2.1138146]; Action: ([1.97, 1.92, 1.94, 1.9, 1.88], [2, 2, 2, 2, 2])
Episode: 347; Score: [-1.0871572]; Action: ([2.0, 1.87, 2.0, 1.83, 1.96], [2, 2, 2, 2, 2])
Episode: 348; Score: [-0.49608988]; Action: ([0.38, 0.0, 0.12, 0.0, 0.0], [0, 0, 0, 0, 0])
Episode: 349; Score: [-4.6952047]; Action: ([2.0, 2.0, 1.92, 1.81, 1.97], [2, 2, 2, 2, 2])
Episode: 350; Score: [-1.042505]; Action: ([2.0, 1.91, 2.0, 1.87, 2.0], [2, 2, 2, 2, 2])
Episode: 351; Score: [-0.75625]; Action: ([0.5, 0.05, 0.1, 0.0, 0.11], [0, 0, 0, 0, 0])
Episode: 352; Score: [-1.0714725]; Action: ([2.0, 1.98, 1.94, 2.0, 1.97], [2, 2, 2, 2, 2])
Episode: 353; Score: [-4.651871]; Action: ([1.9, 1.87, 2.0, 1.91, 1.97], [2, 2, 2, 2, 2])
Episode: 354; Score: [-2.0074828]; Action: ([2.0, 2.0, 1.98, 1.97, 2.0], [2, 2, 2, 2, 2])
Episode: 355; Score: [-4.6983547]; Action: ([1.9, 1.91, 1.98, 1.91, 2.0], [2, 2, 2, 2, 2])
Episode: 356; Score: [-1.3554637]; Action: ([1.78, 2.0, 1.92, 1.96, 1.98], [2, 2, 2, 2, 2])
Episode: 357; Score: [-2.1500554]; Action: ([1.87, 2.0, 1.88, 1.96, 1.9], [2, 2, 2, 2, 2])
Episode: 358; Score: [-0.43035448]; Action: ([0.43, 0.0, 0.0, 0.0, 0.0], [0, 0, 0, 0, 0])
Episode: 359; Score: [-0.6551276]; Action: ([0.55, 0.05, 0.0, 0.0, 0.06], [0, 0, 0, 0, 0])
Episode: 360; Score: [-1.9651628]; Action: ([1.98, 1.96, 1.93, 1.97, 1.99], [2, 2, 2, 2, 2])
Episode: 361; Score: [-4.859576]; Action: ([2.0, 1.86, 2.0, 2.0, 2.0], [2, 2, 2, 2, 2])
Episode: 362; Score: [-4.9712496]; Action: ([1.98, 1.99, 2.0, 2.0, 2.0], [2, 2, 2, 2, 2])
Episode: 363; Score: [-2.3035142]; Action: ([1.94, 1.96, 2.0, 1.83, 1.9], [2, 2, 2, 2, 2])
Episode: 364; Score: [-2.1817226]; Action: ([1.93, 2.0, 2.0, 1.91, 1.97], [2, 2, 2, 2, 2])
Episode: 365; Score: [-0.5412022]; Action: ([0.4, 0.09, 0.06, 0.0, 0.0], [0, 0, 0, 0, 0])
Episode: 366; Score: [-4.65099]; Action: ([1.97, 1.91, 2.0, 1.88, 1.9], [2, 2, 2, 2, 2])
Episode: 367; Score: [-0.6851638]; Action: ([0.42, 0.09, 0.0, 0.07, 0.11], [0, 0, 0, 0, 0])
Episode: 368; Score: [-1.0791196]; Action: ([1.91, 1.93, 2.0, 1.98, 1.97], [2, 2, 2, 2, 2])
Episode: 369; Score: [-0.6038474]; Action: ([0.45, 0.0, 0.04, 0.06, 0.06], [0, 0, 0, 0, 0])
Episode: 370; Score: [-2.074015]; Action: ([1.96, 2.0, 2.0, 1.97, 2.0], [2, 2, 2, 2, 2])
Episode: 371; Score: [-4.747458]; Action: ([1.91, 2.0, 2.0, 2.0, 1.84], [2, 2, 2, 2, 2])
Episode: 372; Score: [-1.2341117]; Action: ([2.0, 2.0, 1.9, 1.94, 1.93], [2, 2, 2, 2, 2])
Episode: 373; Score: [-1.0518439]; Action: ([1.98, 2.0, 2.0, 2.0, 1.97], [2, 2, 2, 2, 2])
Episode: 374; Score: [-4.8651423]; Action: ([2.0, 2.0, 2.0, 2.0, 1.87], [2, 2, 2, 2, 2])
Episode: 375; Score: [-0.5937747]; Action: ([0.52, 0.02, 0.05, 0.0, 0.0], [0, 0, 0, 0, 0])
Episode: 376; Score: [-2.0517695]; Action: ([1.95, 2.0, 2.0, 2.0, 2.0], [2, 2, 2, 2, 2])
Episode: 377; Score: [-0.540409]; Action: ([0.41, 0.0, 0.0, 0.0, 0.13], [0, 0, 0, 0, 0])
Episode: 378; Score: [-0.3367597]; Action: ([0.22, 0.01, 0.0, 0.05, 0.05], [0, 0, 0, 0, 0])
Episode: 379; Score: [-0.7387205]; Action: ([0.63, 0.05, 0.0, 0.06, 0.0], [0, 0, 0, 0, 0])
Episode: 380; Score: [-2.0117736]; Action: ([1.98, 1.99, 2.0, 2.0, 2.0], [2, 2, 2, 2, 2])
Episode: 381; Score: [-4.769802]; Action: ([1.83, 2.0, 1.98, 2.0, 1.96], [2, 2, 2, 2, 2])
Episode: 382; Score: [-4.657637]; Action: ([1.98, 1.92, 1.93, 1.96, 1.87], [2, 2, 2, 2, 2])
Episode: 383; Score: [-4.5365534]; Action: ([1.92, 1.83, 1.99, 1.92, 1.88], [2, 2, 2, 2, 2])
Episode: 384; Score: [-0.35766637]; Action: ([0.23, 0.07, 0.0, 0.03, 0.03], [0, 0, 0, 0, 0])
Episode: 385; Score: [-2.0537593]; Action: ([1.95, 2.0, 2.0, 2.0, 2.0], [2, 2, 2, 2, 2])
Episode: 386; Score: [-4.7892494]; Action: ([1.96, 1.95, 1.94, 2.0, 1.94], [2, 2, 2, 2, 2])
Episode: 387; Score: [-1.1538818]; Action: ([1.91, 2.0, 1.95, 1.98, 2.0], [2, 2, 2, 2, 2])
Episode: 388; Score: [-0.3510118]; Action: ([0.32, 0.0, 0.0, 0.0, 0.03], [0, 0, 0, 0, 0])
Episode: 389; Score: [-0.4783128]; Action: ([0.44, 0.0, 0.0, 0.03, 0.0], [0, 0, 0, 0, 0])
Episode: 390; Score: [-0.5385073]; Action: ([0.34, 0.16, 0.0, 0.0, 0.04], [0, 0, 0, 0, 0])
Episode: 391; Score: [-5.]; Action: ([2.0, 2.0, 2.0, 2.0, 2.0], [2, 2, 2, 2, 2])
Episode: 392; Score: [-2.0864909]; Action: ([2.0, 2.0, 2.0, 1.97, 1.94], [2, 2, 2, 2, 2])
Episode: 393; Score: [-0.5099665]; Action: ([0.49, 0.0, 0.0, 0.0, 0.02], [0, 0, 0, 0, 0])
Episode: 394; Score: [-1.9552867]; Action: ([2.0, 2.0, 1.92, 1.96, 2.0], [2, 2, 2, 2, 2])
Episode: 395; Score: [-4.791694]; Action: ([1.92, 2.0, 1.96, 1.91, 2.0], [2, 2, 2, 2, 2])
Episode: 396; Score: [-4.7872963]; Action: ([1.81, 2.0, 2.0, 1.98, 2.0], [2, 2, 2, 2, 2])
Episode: 397; Score: [-1.8239951]; Action: ([1.97, 1.83, 1.88, 1.93, 1.98], [2, 2, 2, 2, 2])
Episode: 398; Score: [-1.3115819]; Action: ([1.76, 1.95, 1.88, 2.0, 2.0], [2, 2, 2, 2, 2])
Episode: 399; Score: [-2.2108717]; Action: ([1.94, 2.0, 2.0, 2.0, 1.85], [2, 2, 2, 2, 2])
Episode: 400; Score: [-1.9496319]; Action: ([2.0, 2.0, 1.95, 2.0, 2.0], [2, 2, 2, 2, 2])
Episode: 401; Score: [-4.6977468]; Action: ([2.0, 1.97, 1.72, 2.0, 2.0], [2, 2, 2, 2, 2])
Episode: 402; Score: [-2.2150402]; Action: ([1.9, 2.0, 2.0, 1.9, 1.99], [2, 2, 2, 2, 2])
Episode: 403; Score: [-4.791064]; Action: ([2.0, 1.92, 1.93, 1.96, 1.97], [2, 2, 2, 2, 2])
Episode: 404; Score: [-2.1140552]; Action: ([2.0, 2.0, 1.84, 1.96, 1.77], [2, 2, 2, 2, 2])
Episode: 405; Score: [-1.9076471]; Action: ([2.0, 1.95, 1.83, 2.0, 1.87], [2, 2, 2, 2, 2])
Episode: 406; Score: [-1.1615407]; Action: ([2.0, 2.0, 2.0, 1.87, 1.97], [2, 2, 2, 2, 2])
Episode: 407; Score: [-1.9510828]; Action: ([2.0, 2.0, 1.95, 2.0, 2.0], [2, 2, 2, 2, 2])
Episode: 408; Score: [-4.5471654]; Action: ([1.86, 1.88, 1.8, 2.0, 2.0], [2, 2, 2, 2, 2])
Episode: 409; Score: [-0.6226294]; Action: ([0.52, 0.0, 0.01, 0.0, 0.1], [0, 0, 0, 0, 0])
Episode: 410; Score: [-1.134246]; Action: ([1.93, 2.0, 2.0, 1.93, 2.0], [2, 2, 2, 2, 2])
Episode: 411; Score: [-2.0025926]; Action: ([2.0, 1.98, 1.93, 2.0, 1.9], [2, 2, 2, 2, 2])
Episode: 412; Score: [-1.0748938]; Action: ([1.99, 2.0, 1.93, 2.0, 2.0], [2, 2, 2, 2, 2])
Episode: 413; Score: [-4.4584756]; Action: ([2.0, 1.84, 1.93, 1.85, 1.84], [2, 2, 2, 2, 2])
Episode: 414; Score: [-4.7986164]; Action: ([1.83, 2.0, 1.97, 2.0, 2.0], [2, 2, 2, 2, 2])
Episode: 415; Score: [-0.6210573]; Action: ([0.44, 0.12, 0.06, 0.0, 0.0], [0, 0, 0, 0, 0])
Episode: 416; Score: [-0.15782881]; Action: ([0.16, 0.0, 0.0, 0.0, 0.0], [0, 0, 0, 0, 0])
Episode: 417; Score: [-0.44821292]; Action: ([0.35, 0.0, 0.0, 0.09, 0.01], [0, 0, 0, 0, 0])
Episode: 418; Score: [-1.9554259]; Action: ([1.99, 1.94, 2.0, 2.0, 2.0], [2, 2, 2, 2, 2])
Episode: 419; Score: [-2.3301]; Action: ([1.92, 2.0, 2.0, 1.91, 0.84], [2, 2, 2, 2, 1])
Episode: 420; Score: [-1.1132916]; Action: ([1.89, 2.0, 2.0, 2.0, 1.99], [2, 2, 2, 2, 2])
Episode: 421; Score: [-0.9149687]; Action: ([2.0, 1.88, 1.97, 2.0, 2.0], [2, 2, 2, 2, 2])
Episode: 422; Score: [-4.9213405]; Action: ([2.0, 1.92, 2.0, 2.0, 2.0], [2, 2, 2, 2, 2])
Episode: 423; Score: [-1.1303436]; Action: ([2.0, 2.0, 2.0, 2.0, 1.87], [2, 2, 2, 2, 2])
Episode: 424; Score: [-1.9855028]; Action: ([2.0, 1.91, 2.0, 1.92, 2.0], [2, 2, 2, 2, 2])
Episode: 425; Score: [-4.611911]; Action: ([1.89, 1.85, 2.0, 1.98, 1.9], [2, 2, 2, 2, 2])
Episode: 426; Score: [-4.904542]; Action: ([1.95, 1.98, 2.0, 2.0, 1.97], [2, 2, 2, 2, 2])
Episode: 427; Score: [-4.774987]; Action: ([1.93, 2.0, 1.95, 2.0, 1.89], [2, 2, 2, 2, 2])
Episode: 428; Score: [-4.7692704]; Action: ([2.0, 2.0, 1.98, 1.91, 1.88], [2, 2, 2, 2, 2])
Episode: 429; Score: [-4.9045134]; Action: ([2.0, 2.0, 1.93, 2.0, 1.97], [2, 2, 2, 2, 2])
Episode: 430; Score: [-0.39892852]; Action: ([0.25, 0.0, 0.09, 0.07, 0.0], [0, 0, 0, 0, 0])
Episode: 431; Score: [-0.3389743]; Action: ([0.31, 0.0, 0.01, 0.02, 0.0], [0, 0, 0, 0, 0])
Episode: 432; Score: [-2.0771132]; Action: ([2.0, 2.0, 2.0, 2.0, 1.92], [2, 2, 2, 2, 2])
Episode: 433; Score: [-1.138824]; Action: ([2.0, 2.0, 2.0, 2.0, 1.86], [2, 2, 2, 2, 2])
Episode: 434; Score: [-2.018518]; Action: ([1.88, 1.8, 1.93, 1.95, 1.88], [2, 2, 2, 2, 2])
Episode: 435; Score: [-4.939131]; Action: ([2.0, 1.94, 2.0, 2.0, 2.0], [2, 2, 2, 2, 2])
Episode: 436; Score: [-5.]; Action: ([2.0, 2.0, 2.0, 2.0, 2.0], [2, 2, 2, 2, 2])
Episode: 437; Score: [-1.7528555]; Action: ([2.0, 1.83, 1.92, 2.0, 2.0], [2, 2, 2, 2, 2])
Episode: 438; Score: [-2.1714342]; Action: ([1.85, 1.98, 2.0, 1.96, 2.0], [2, 2, 2, 2, 2])
Episode: 439; Score: [-2.1181898]; Action: ([2.0, 2.0, 1.99, 1.96, 1.91], [2, 2, 2, 2, 2])
Episode: 440; Score: [-6.3970003]; Action: ([1.85, 1.55, 0.3, 0.0, 0.0], [2, 2, 0, 0, 0])
Episode: 441; Score: [-1.9062841]; Action: ([2.0, 1.91, 2.0, 2.0, 2.0], [2, 2, 2, 2, 2])
Episode: 442; Score: [-4.791689]; Action: ([2.0, 2.0, 1.94, 1.9, 1.95], [2, 2, 2, 2, 2])
Episode: 443; Score: [-0.9598484]; Action: ([2.0, 1.89, 1.95, 1.98, 2.0], [2, 2, 2, 2, 2])
Episode: 444; Score: [-1.0715925]; Action: ([1.97, 1.89, 2.0, 1.99, 1.86], [2, 2, 2, 2, 2])
Episode: 445; Score: [-0.5642206]; Action: ([0.25, 0.0, 0.07, 0.14, 0.1], [0, 0, 0, 0, 0])
Episode: 446; Score: [-4.9306397]; Action: ([2.0, 2.0, 1.95, 1.98, 2.0], [2, 2, 2, 2, 2])
Episode: 447; Score: [-4.92102]; Action: ([2.0, 1.92, 2.0, 2.0, 2.0], [2, 2, 2, 2, 2])
Episode: 448; Score: [-1.1006511]; Action: ([2.0, 2.0, 1.98, 1.99, 1.94], [2, 2, 2, 2, 2])
Episode: 449; Score: [-4.7401133]; Action: ([1.88, 1.91, 1.41, 0.66, 0.04], [2, 2, 2, 0, 0])
Episode: 450; Score: [-0.34735614]; Action: ([0.18, 0.0, 0.0, 0.14, 0.03], [0, 0, 0, 0, 0])
Episode: 451; Score: [-2.247136]; Action: ([1.85, 2.0, 2.0, 2.0, 1.9], [2, 2, 2, 2, 2])
Episode: 452; Score: [-2.1828701]; Action: ([2.0, 2.0, 1.99, 1.99, 1.82], [2, 2, 2, 2, 2])
Episode: 453; Score: [-0.6240543]; Action: ([0.47, 0.08, 0.0, 0.0, 0.08], [0, 0, 0, 0, 0])
Episode: 454; Score: [-4.605963]; Action: ([2.0, 1.94, 1.86, 2.0, 1.81], [2, 2, 2, 2, 2])
Episode: 455; Score: [-2.0813413]; Action: ([1.94, 2.0, 2.0, 1.98, 2.0], [2, 2, 2, 2, 2])
Episode: 456; Score: [-2.1860197]; Action: ([2.0, 2.0, 2.0, 2.0, 1.81], [2, 2, 2, 2, 2])
Episode: 457; Score: [-0.36766458]; Action: ([0.3, 0.0, 0.05, 0.02, 0.0], [0, 0, 0, 0, 0])
Episode: 458; Score: [-2.1314435]; Action: ([2.0, 1.98, 1.95, 1.81, 1.98], [2, 2, 2, 2, 2])
Episode: 459; Score: [-2.2754102]; Action: ([1.78, 1.97, 2.0, 1.91, 2.0], [2, 2, 2, 2, 2])
Episode: 460; Score: [-2.0790331]; Action: ([1.96, 2.0, 1.96, 2.0, 1.92], [2, 2, 2, 2, 2])
Episode: 461; Score: [-0.3342647]; Action: ([0.21, 0.12, 0.0, 0.0, 0.0], [0, 0, 0, 0, 0])
Episode: 462; Score: [-8.578827]; Action: ([0.26, 0.12, 0.04, 0.0, 0.0], [0, 0, 0, 0, 0])
Episode: 463; Score: [-1.1398375]; Action: ([2.0, 1.93, 1.79, 2.0, 2.0], [2, 2, 2, 2, 2])
Episode: 464; Score: [-4.741399]; Action: ([2.0, 1.88, 2.0, 1.89, 1.97], [2, 2, 2, 2, 2])
Episode: 465; Score: [-2.132699]; Action: ([1.87, 2.0, 2.0, 2.0, 2.0], [2, 2, 2, 2, 2])
Episode: 466; Score: [-2.094022]; Action: ([2.0, 2.0, 2.0, 1.92, 1.98], [2, 2, 2, 2, 2])
Episode: 467; Score: [-1.172286]; Action: ([2.0, 2.0, 2.0, 1.99, 1.84], [2, 2, 2, 2, 2])
Episode: 468; Score: [-4.8107505]; Action: ([1.95, 1.93, 2.0, 1.99, 1.93], [2, 2, 2, 2, 2])
Episode: 469; Score: [-8.65357]; Action: ([0.18, 0.0, 0.07, 0.09, 0.0], [0, 0, 0, 0, 0])
Episode: 470; Score: [-2.012806]; Action: ([1.92, 1.93, 2.0, 2.0, 2.0], [2, 2, 2, 2, 2])
Episode: 471; Score: [-0.13914728]; Action: ([0.0, 0.14, 0.0, 0.0, 0.0], [0, 0, 0, 0, 0])
Episode: 472; Score: [-8.732376]; Action: ([0.14, 0.01, 0.03, 0.09, 0.0], [0, 0, 0, 0, 0])
Episode: 473; Score: [-0.26559228]; Action: ([0.2, 0.0, 0.03, 0.03, 0.0], [0, 0, 0, 0, 0])
Episode: 474; Score: [-4.8828754]; Action: ([2.0, 1.88, 2.0, 2.0, 2.0], [2, 2, 2, 2, 2])
Episode: 475; Score: [-4.9801216]; Action: ([2.0, 2.0, 2.0, 2.0, 1.98], [2, 2, 2, 2, 2])
Episode: 476; Score: [-3.1450195]; Action: ([2.0, 2.0, 1.84, 1.59, 0.43], [2, 2, 2, 2, 0])
Episode: 477; Score: [-2.0809233]; Action: ([1.83, 1.85, 2.0, 2.0, 1.94], [2, 2, 2, 2, 2])
Episode: 478; Score: [-0.32550168]; Action: ([0.23, 0.05, 0.0, 0.04, 0.0], [0, 0, 0, 0, 0])
Episode: 479; Score: [-0.16058558]; Action: ([0.15, 0.0, 0.0, 0.01, 0.0], [0, 0, 0, 0, 0])
Episode: 480; Score: [-4.9792557]; Action: ([1.99, 2.0, 2.0, 2.0, 1.99], [2, 2, 2, 2, 2])
Episode: 481; Score: [-4.788597]; Action: ([1.94, 2.0, 1.9, 2.0, 1.95], [2, 2, 2, 2, 2])
Episode: 482; Score: [-0.8265276]; Action: ([2.0, 1.83, 2.0, 2.0, 2.0], [2, 2, 2, 2, 2])
Episode: 483; Score: [-1.9888343]; Action: ([2.0, 1.86, 2.0, 1.87, 2.0], [2, 2, 2, 2, 2])
Episode: 484; Score: [-1.0275807]; Action: ([2.0, 2.0, 2.0, 2.0, 1.97], [2, 2, 2, 2, 2])
Episode: 485; Score: [-2.0724785]; Action: ([1.98, 2.0, 2.0, 1.95, 2.0], [2, 2, 2, 2, 2])
Episode: 486; Score: [-0.10626334]; Action: ([0.03, 0.0, 0.0, 0.06, 0.01], [0, 0, 0, 0, 0])
Episode: 487; Score: [-0.63025945]; Action: ([0.23, 0.06, 0.07, 0.21, 0.07], [0, 0, 0, 0, 0])
Episode: 488; Score: [-4.827791]; Action: ([2.0, 2.0, 2.0, 1.83, 2.0], [2, 2, 2, 2, 2])
Episode: 489; Score: [-4.990671]; Action: ([1.99, 2.0, 2.0, 2.0, 2.0], [2, 2, 2, 2, 2])
Episode: 490; Score: [-4.8328333]; Action: ([2.0, 2.0, 1.88, 1.97, 1.98], [2, 2, 2, 2, 2])
Episode: 491; Score: [-1.0379002]; Action: ([2.0, 2.0, 2.0, 1.97, 1.99], [2, 2, 2, 2, 2])
Episode: 492; Score: [-8.822558]; Action: ([0.14, 0.02, 0.02, 0.0, 0.0], [0, 0, 0, 0, 0])
Episode: 493; Score: [-0.09823984]; Action: ([0.0, 0.07, 0.0, 0.03, 0.0], [0, 0, 0, 0, 0])
Episode: 494; Score: [-1.8370088]; Action: ([2.0, 1.98, 1.85, 2.0, 2.0], [2, 2, 2, 2, 2])
Episode: 495; Score: [-1.0683789]; Action: ([2.0, 1.93, 2.0, 1.88, 1.98], [2, 2, 2, 2, 2])
Episode: 496; Score: [-0.3938284]; Action: ([0.29, 0.04, 0.0, 0.0, 0.06], [0, 0, 0, 0, 0])
Episode: 497; Score: [-0.16395515]; Action: ([0.06, 0.05, 0.0, 0.0, 0.06], [0, 0, 0, 0, 0])
Episode: 498; Score: [-0.49468207]; Action: ([0.14, 0.15, 0.05, 0.16, 0.0], [0, 0, 0, 0, 0])
Episode: 499; Score: [-0.15342176]; Action: ([0.14, 0.01, 0.0, 0.0, 0.0], [0, 0, 0, 0, 0])
Episode: 500; Score: [-4.9229403]; Action: ([1.98, 1.97, 2.0, 2.0, 1.98], [2, 2, 2, 2, 2])
Episode: 501; Score: [-1.]; Action: ([2.0, 2.0, 2.0, 2.0, 2.0], [2, 2, 2, 2, 2])
Episode: 502; Score: [-2.2975314]; Action: ([2.0, 2.0, 2.0, 1.8, 1.9], [2, 2, 2, 2, 2])
Episode: 503; Score: [-4.8582106]; Action: ([2.0, 1.96, 1.96, 1.94, 2.0], [2, 2, 2, 2, 2])
Episode: 504; Score: [-2.0341742]; Action: ([2.0, 2.0, 1.99, 1.97, 1.98], [2, 2, 2, 2, 2])
Episode: 505; Score: [-0.3349948]; Action: ([0.18, 0.0, 0.15, 0.0, 0.0], [0, 0, 0, 0, 0])
Episode: 506; Score: [-1.0812181]; Action: ([1.99, 1.97, 1.92, 1.98, 1.99], [2, 2, 2, 2, 2])
Episode: 507; Score: [-4.4685054]; Action: ([1.71, 1.94, 2.0, 1.82, 2.0], [2, 2, 2, 2, 2])
Episode: 508; Score: [-0.631179]; Action: ([0.24, 0.11, 0.12, 0.0, 0.16], [0, 0, 0, 0, 0])
Episode: 509; Score: [-4.3294473]; Action: ([1.84, 1.85, 1.88, 1.92, 1.83], [2, 2, 2, 2, 2])
Episode: 510; Score: [-2.037475]; Action: ([2.0, 2.0, 2.0, 2.0, 1.96], [2, 2, 2, 2, 2])
Episode: 511; Score: [-2.0483415]; Action: ([1.96, 2.0, 2.0, 2.0, 1.99], [2, 2, 2, 2, 2])
Episode: 512; Score: [-1.9558517]; Action: ([2.0, 2.0, 1.79, 1.88, 1.96], [2, 2, 2, 2, 2])
Episode: 513; Score: [-2.1474564]; Action: ([1.96, 2.0, 1.93, 1.86, 1.96], [2, 2, 2, 2, 2])
Episode: 514; Score: [-0.95930946]; Action: ([2.0, 1.88, 1.92, 2.0, 2.0], [2, 2, 2, 2, 2])
Episode: 515; Score: [-4.8069754]; Action: ([1.88, 2.0, 1.93, 2.0, 2.0], [2, 2, 2, 2, 2])
Episode: 516; Score: [-4.43537]; Action: ([1.79, 2.0, 1.77, 1.95, 1.92], [2, 2, 2, 2, 2])
Episode: 517; Score: [-4.864567]; Action: ([2.0, 2.0, 2.0, 1.96, 1.91], [2, 2, 2, 2, 2])
Episode: 518; Score: [-8.569266]; Action: ([0.01, 0.21, 0.16, 0.01, 0.04], [0, 0, 0, 0, 0])
Episode: 519; Score: [-4.6759567]; Action: ([2.0, 1.78, 1.91, 2.0, 1.99], [2, 2, 2, 2, 2])
Episode: 520; Score: [-1.1720275]; Action: ([1.97, 2.0, 1.97, 1.93, 1.97], [2, 2, 2, 2, 2])
Episode: 521; Score: [-2.1398797]; Action: ([1.96, 2.0, 2.0, 1.93, 1.98], [2, 2, 2, 2, 2])
Episode: 522; Score: [-8.134821]; Action: ([0.4, 0.2, 0.05, 0.0, 0.22], [0, 0, 0, 0, 0])
Episode: 523; Score: [-4.6357527]; Action: ([1.93, 1.88, 2.0, 2.0, 1.82], [2, 2, 2, 2, 2])
Episode: 524; Score: [-4.7356977]; Action: ([1.95, 1.9, 2.0, 1.89, 2.0], [2, 2, 2, 2, 2])
Episode: 525; Score: [-4.745336]; Action: ([1.97, 2.0, 1.88, 2.0, 1.89], [2, 2, 2, 2, 2])
Episode: 526; Score: [-4.939264]; Action: ([2.0, 1.97, 2.0, 1.97, 2.0], [2, 2, 2, 2, 2])
Episode: 527; Score: [-8.787455]; Action: ([0.1, 0.12, 0.0, 0.0, 0.0], [0, 0, 0, 0, 0])
Episode: 528; Score: [-2.2177825]; Action: ([2.0, 2.0, 1.88, 1.83, 1.84], [2, 2, 2, 2, 2])
Episode: 529; Score: [-4.977306]; Action: ([2.0, 2.0, 2.0, 1.98, 2.0], [2, 2, 2, 2, 2])
Episode: 530; Score: [-0.05823028]; Action: ([0.0, 0.0, 0.06, 0.0, 0.0], [0, 0, 0, 0, 0])
Episode: 531; Score: [-4.674631]; Action: ([1.86, 1.93, 1.88, 2.0, 2.0], [2, 2, 2, 2, 2])
Episode: 532; Score: [-4.5722365]; Action: ([1.91, 1.99, 1.81, 1.86, 2.0], [2, 2, 2, 2, 2])
Episode: 533; Score: [-4.8591585]; Action: ([2.0, 1.97, 1.96, 1.94, 1.98], [2, 2, 2, 2, 2])
Episode: 534; Score: [-8.854108]; Action: ([0.01, 0.05, 0.0, 0.0, 0.08], [0, 0, 0, 0, 0])
Episode: 535; Score: [-0.23403162]; Action: ([0.0, 0.0, 0.09, 0.11, 0.04], [0, 0, 0, 0, 0])
Episode: 536; Score: [-1.0449692]; Action: ([1.9, 1.95, 2.0, 2.0, 2.0], [2, 2, 2, 2, 2])
Episode: 537; Score: [-4.7653823]; Action: ([2.0, 2.0, 1.8, 1.98, 1.99], [2, 2, 2, 2, 2])
Episode: 538; Score: [-4.401833]; Action: ([2.0, 1.81, 1.95, 1.87, 1.77], [2, 2, 2, 2, 2])
Episode: 539; Score: [-1.5125245]; Action: ([1.99, 2.0, 1.87, 1.93, 1.7], [2, 2, 2, 2, 2])
Episode: 540; Score: [-2.2049267]; Action: ([1.99, 1.96, 2.0, 1.94, 1.83], [2, 2, 2, 2, 2])
Episode: 541; Score: [-4.945483]; Action: ([2.0, 2.0, 2.0, 1.95, 2.0], [2, 2, 2, 2, 2])
Episode: 542; Score: [-2.2019377]; Action: ([2.0, 2.0, 2.0, 2.0, 1.8], [2, 2, 2, 2, 2])
Episode: 543; Score: [-8.697341]; Action: ([0.09, 0.0, 0.1, 0.0, 0.11], [0, 0, 0, 0, 0])
Episode: 544; Score: [-0.2343378]; Action: ([0.06, 0.0, 0.0, 0.0, 0.18], [0, 0, 0, 0, 0])
Episode: 545; Score: [-2.0081704]; Action: ([2.0, 1.97, 2.0, 2.0, 1.97], [2, 2, 2, 2, 2])
Episode: 546; Score: [-4.8806486]; Action: ([2.0, 2.0, 2.0, 2.0, 1.88], [2, 2, 2, 2, 2])
Episode: 547; Score: [-1.1179727]; Action: ([2.0, 1.99, 1.97, 1.92, 1.98], [2, 2, 2, 2, 2])
Episode: 548; Score: [-4.815011]; Action: ([2.0, 1.92, 1.97, 1.93, 2.0], [2, 2, 2, 2, 2])
Episode: 549; Score: [-4.8060083]; Action: ([2.0, 1.91, 1.99, 2.0, 1.91], [2, 2, 2, 2, 2])
Episode: 550; Score: [-1.2229879]; Action: ([2.0, 1.91, 1.94, 1.74, 2.0], [2, 2, 2, 2, 2])
Episode: 551; Score: [-4.8727183]; Action: ([1.96, 2.0, 2.0, 2.0, 1.92], [2, 2, 2, 2, 2])
Episode: 552; Score: [-0.08158541]; Action: ([0.0, 0.02, 0.05, 0.0, 0.01], [0, 0, 0, 0, 0])
Episode: 553; Score: [-0.24107474]; Action: ([0.07, 0.1, 0.05, 0.0, 0.01], [0, 0, 0, 0, 0])
Episode: 554; Score: [-8.886793]; Action: ([0.0, 0.09, 0.03, 0.0, 0.0], [0, 0, 0, 0, 0])
Episode: 555; Score: [-4.6924906]; Action: ([1.84, 1.96, 1.9, 2.0, 2.0], [2, 2, 2, 2, 2])
Episode: 556; Score: [-4.8090496]; Action: ([1.92, 1.93, 2.0, 1.98, 1.98], [2, 2, 2, 2, 2])
Episode: 557; Score: [-0.17102766]; Action: ([0.01, 0.0, 0.03, 0.13, 0.0], [0, 0, 0, 0, 0])
Episode: 558; Score: [-1.1430035]; Action: ([2.0, 1.96, 1.94, 1.93, 1.95], [2, 2, 2, 2, 2])
Episode: 559; Score: [-0.145154]; Action: ([0.11, 0.0, 0.01, 0.02, 0.0], [0, 0, 0, 0, 0])
Episode: 560; Score: [-0.25067544]; Action: ([0.0, 0.19, 0.0, 0.05, 0.01], [0, 0, 0, 0, 0])
Episode: 561; Score: [-4.898021]; Action: ([2.0, 2.0, 1.97, 2.0, 1.93], [2, 2, 2, 2, 2])
Episode: 562; Score: [-1.1157961]; Action: ([2.0, 2.0, 2.0, 1.88, 2.0], [2, 2, 2, 2, 2])
Episode: 563; Score: [-0.14156377]; Action: ([0.0, 0.0, 0.14, 0.0, 0.0], [0, 0, 0, 0, 0])
Episode: 564; Score: [-4.876585]; Action: ([2.0, 1.95, 2.0, 2.0, 1.93], [2, 2, 2, 2, 2])
Episode: 565; Score: [-1.1404719]; Action: ([1.97, 1.99, 2.0, 2.0, 1.88], [2, 2, 2, 2, 2])
Episode: 566; Score: [0.]; Action: ([0.0, 0.0, 0.0, 0.0, 0.0], [0, 0, 0, 0, 0])
Episode: 567; Score: [-1.782325]; Action: ([1.92, 1.91, 1.79, 2.0, 2.0], [2, 2, 2, 2, 2])
Episode: 568; Score: [-0.2444036]; Action: ([0.0, 0.04, 0.01, 0.0, 0.19], [0, 0, 0, 0, 0])
Episode: 569; Score: [-1.6713508]; Action: ([2.0, 1.86, 1.81, 2.0, 2.0], [2, 2, 2, 2, 2])
Episode: 570; Score: [-1.0009289]; Action: ([1.94, 1.92, 1.98, 2.0, 2.0], [2, 2, 2, 2, 2])
Episode: 571; Score: [-1.9523922]; Action: ([2.0, 1.92, 2.0, 2.0, 1.96], [2, 2, 2, 2, 2])
Episode: 572; Score: [-4.8323097]; Action: ([1.91, 1.94, 2.0, 2.0, 1.98], [2, 2, 2, 2, 2])
Episode: 573; Score: [-0.19858885]; Action: ([0.0, 0.2, 0.0, 0.0, 0.0], [0, 0, 0, 0, 0])
Episode: 574; Score: [-4.8478107]; Action: ([2.0, 1.91, 2.0, 1.94, 2.0], [2, 2, 2, 2, 2])
Episode: 575; Score: [-7.7797303]; Action: ([0.0, 0.2, 0.0, 0.02, 0.0], [0, 0, 0, 0, 0])
Episode: 576; Score: [-8.593511]; Action: ([0.11, 0.0, 0.0, 0.16, 0.14], [0, 0, 0, 0, 0])
Episode: 577; Score: [-1.8811077]; Action: ([2.0, 1.94, 1.89, 1.95, 2.0], [2, 2, 2, 2, 2])
Episode: 578; Score: [-0.03355014]; Action: ([0.0, 0.0, 0.01, 0.02, 0.0], [0, 0, 0, 0, 0])
Episode: 579; Score: [-2.1843574]; Action: ([1.95, 2.0, 2.0, 1.86, 2.0], [2, 2, 2, 2, 2])
Episode: 580; Score: [-2.]; Action: ([2.0, 2.0, 2.0, 2.0, 2.0], [2, 2, 2, 2, 2])
Episode: 581; Score: [-2.035001]; Action: ([1.93, 1.96, 2.0, 2.0, 2.0], [2, 2, 2, 2, 2])
Episode: 582; Score: [-1.8268996]; Action: ([1.98, 2.0, 1.74, 2.0, 1.93], [2, 2, 2, 2, 2])
Episode: 583; Score: [-0.08089697]; Action: ([0.0, 0.0, 0.07, 0.01, 0.0], [0, 0, 0, 0, 0])
Episode: 584; Score: [-4.805066]; Action: ([2.0, 1.98, 2.0, 1.83, 2.0], [2, 2, 2, 2, 2])
Episode: 585; Score: [-1.9141115]; Action: ([2.0, 1.99, 1.89, 1.96, 2.0], [2, 2, 2, 2, 2])
Episode: 586; Score: [-0.16739285]; Action: ([0.17, 0.0, 0.0, 0.0, 0.0], [0, 0, 0, 0, 0])
Episode: 587; Score: [-1.5865138]; Action: ([1.84, 2.0, 1.92, 1.79, 1.86], [2, 2, 2, 2, 2])
Episode: 588; Score: [-9.]; Action: ([0.0, 0.0, 0.0, 0.0, 0.0], [0, 0, 0, 0, 0])
Episode: 589; Score: [-0.04333311]; Action: ([0.01, 0.0, 0.04, 0.0, 0.0], [0, 0, 0, 0, 0])
Episode: 590; Score: [-4.851749]; Action: ([2.0, 1.93, 2.0, 1.92, 2.0], [2, 2, 2, 2, 2])
Episode: 591; Score: [-0.1578412]; Action: ([0.0, 0.0, 0.12, 0.04, 0.0], [0, 0, 0, 0, 0])
Episode: 592; Score: [-0.2845505]; Action: ([0.0, 0.0, 0.09, 0.11, 0.09], [0, 0, 0, 0, 0])
Episode: 593; Score: [-1.9140745]; Action: ([1.92, 1.86, 1.93, 1.95, 2.0], [2, 2, 2, 2, 2])
Episode: 594; Score: [-4.982942]; Action: ([2.0, 1.98, 2.0, 2.0, 2.0], [2, 2, 2, 2, 2])
Episode: 595; Score: [-8.751884]; Action: ([0.04, 0.0, 0.14, 0.01, 0.06], [0, 0, 0, 0, 0])
Episode: 596; Score: [-2.2597852]; Action: ([1.85, 1.95, 2.0, 2.0, 1.83], [2, 2, 2, 2, 2])
Episode: 597; Score: [-0.18418425]; Action: ([0.0, 0.0, 0.16, 0.02, 0.0], [0, 0, 0, 0, 0])
Episode: 598; Score: [-4.7383895]; Action: ([1.92, 1.96, 1.99, 1.87, 2.0], [2, 2, 2, 2, 2])
Episode: 599; Score: [-1.5211071]; Action: ([1.91, 2.0, 1.9, 1.96, 1.71], [2, 2, 2, 2, 2])
Episode: 600; Score: [-0.08436549]; Action: ([0.04, 0.0, 0.0, 0.0, 0.04], [0, 0, 0, 0, 0])
Episode: 601; Score: [-0.7869942]; Action: ([2.0, 1.79, 2.0, 2.0, 2.0], [2, 2, 2, 2, 2])
Episode: 602; Score: [-4.8205457]; Action: ([2.0, 1.94, 2.0, 2.0, 1.89], [2, 2, 2, 2, 2])
Episode: 603; Score: [-2.0956788]; Action: ([2.0, 2.0, 2.0, 2.0, 1.9], [2, 2, 2, 2, 2])
Episode: 604; Score: [-0.2872417]; Action: ([0.04, 0.17, 0.0, 0.04, 0.04], [0, 0, 0, 0, 0])
Episode: 605; Score: [-4.9391594]; Action: ([1.95, 2.0, 1.99, 2.0, 2.0], [2, 2, 2, 2, 2])
Episode: 606; Score: [-1.1322714]; Action: ([2.0, 1.85, 1.86, 1.98, 1.88], [2, 2, 2, 2, 2])
Episode: 607; Score: [-4.8639407]; Action: ([2.0, 2.0, 1.94, 1.92, 2.0], [2, 2, 2, 2, 2])
Episode: 608; Score: [-2.0398617]; Action: ([1.99, 2.0, 2.0, 2.0, 1.97], [2, 2, 2, 2, 2])
Episode: 609; Score: [-2.0847123]; Action: ([2.0, 2.0, 2.0, 1.97, 1.94], [2, 2, 2, 2, 2])
Episode: 610; Score: [-2.091407]; Action: ([1.95, 1.96, 1.98, 1.97, 1.94], [2, 2, 2, 2, 2])
Episode: 611; Score: [-4.538418]; Action: ([1.92, 1.91, 2.0, 1.96, 1.76], [2, 2, 2, 2, 2])
Episode: 612; Score: [-2.173974]; Action: ([2.0, 2.0, 2.0, 2.0, 1.83], [2, 2, 2, 2, 2])
Episode: 613; Score: [-2.0224044]; Action: ([2.0, 2.0, 1.99, 1.97, 2.0], [2, 2, 2, 2, 2])
Episode: 614; Score: [-1.9871302]; Action: ([2.0, 2.0, 1.97, 2.0, 1.98], [2, 2, 2, 2, 2])
Episode: 615; Score: [-4.756065]; Action: ([2.0, 1.86, 2.0, 1.9, 2.0], [2, 2, 2, 2, 2])
Episode: 616; Score: [-4.8404784]; Action: ([2.0, 2.0, 1.97, 2.0, 1.87], [2, 2, 2, 2, 2])
Episode: 617; Score: [-2.]; Action: ([2.0, 2.0, 2.0, 2.0, 2.0], [2, 2, 2, 2, 2])
Episode: 618; Score: [-0.2514863]; Action: ([0.0, 0.2, 0.0, 0.03, 0.02], [0, 0, 0, 0, 0])
Episode: 619; Score: [-0.24780059]; Action: ([0.0, 0.0, 0.0, 0.22, 0.03], [0, 0, 0, 0, 0])
Episode: 620; Score: [-2.0278811]; Action: ([2.0, 2.0, 1.96, 1.93, 2.0], [2, 2, 2, 2, 2])
Episode: 621; Score: [-4.9498987]; Action: ([1.95, 2.0, 2.0, 2.0, 2.0], [2, 2, 2, 2, 2])
Episode: 622; Score: [-1.0391558]; Action: ([2.0, 1.85, 1.92, 2.0, 1.89], [2, 2, 2, 2, 2])
Episode: 623; Score: [-4.854619]; Action: ([2.0, 2.0, 2.0, 1.85, 2.0], [2, 2, 2, 2, 2])
Episode: 624; Score: [-2.057715]; Action: ([1.81, 1.91, 1.92, 1.96, 2.0], [2, 2, 2, 2, 2])
Episode: 625; Score: [-2.035224]; Action: ([1.95, 1.97, 1.99, 1.97, 2.0], [2, 2, 2, 2, 2])
Episode: 626; Score: [-2.1530428]; Action: ([1.83, 1.79, 2.0, 1.99, 1.81], [2, 2, 2, 2, 2])
Episode: 627; Score: [-1.9502649]; Action: ([1.95, 2.0, 1.83, 2.0, 1.93], [2, 2, 2, 2, 2])
Episode: 628; Score: [-4.965353]; Action: ([2.0, 2.0, 2.0, 2.0, 1.97], [2, 2, 2, 2, 2])
Episode: 629; Score: [-2.304854]; Action: ([2.0, 1.99, 1.99, 1.98, 1.69], [2, 2, 2, 2, 2])
Episode: 630; Score: [-0.2090283]; Action: ([0.0, 0.0, 0.1, 0.11, 0.0], [0, 0, 0, 0, 0])
Episode: 631; Score: [-4.630289]; Action: ([1.92, 2.0, 1.93, 1.85, 1.93], [2, 2, 2, 2, 2])
Episode: 632; Score: [-0.08092177]; Action: ([0.0, 0.0, 0.0, 0.08, 0.0], [0, 0, 0, 0, 0])
Episode: 633; Score: [-2.0319676]; Action: ([2.0, 2.0, 1.81, 1.79, 1.98], [2, 2, 2, 2, 2])
Episode: 634; Score: [-0.21549278]; Action: ([0.0, 0.22, 0.0, 0.0, 0.0], [0, 0, 0, 0, 0])
Episode: 635; Score: [-4.8272486]; Action: ([2.0, 1.92, 2.0, 1.92, 1.98], [2, 2, 2, 2, 2])
Episode: 636; Score: [-0.10302246]; Action: ([0.07, 0.0, 0.0, 0.04, 0.0], [0, 0, 0, 0, 0])
Episode: 637; Score: [-1.9117573]; Action: ([2.0, 1.86, 2.0, 2.0, 1.95], [2, 2, 2, 2, 2])
Episode: 638; Score: [-1.9542398]; Action: ([1.98, 1.87, 2.0, 1.94, 2.0], [2, 2, 2, 2, 2])
Episode: 639; Score: [-0.27471638]; Action: ([0.0, 0.12, 0.05, 0.11, 0.0], [0, 0, 0, 0, 0])
Episode: 640; Score: [-1.8756503]; Action: ([2.0, 1.99, 1.88, 1.99, 2.0], [2, 2, 2, 2, 2])
Episode: 641; Score: [-1.1816845]; Action: ([2.0, 2.0, 1.95, 1.87, 2.0], [2, 2, 2, 2, 2])
Episode: 642; Score: [-1.8998432]; Action: ([2.0, 1.9, 2.0, 2.0, 2.0], [2, 2, 2, 2, 2])
Episode: 643; Score: [-1.2376454]; Action: ([1.85, 2.0, 1.92, 2.0, 2.0], [2, 2, 2, 2, 2])
Episode: 644; Score: [-4.9078827]; Action: ([1.97, 2.0, 2.0, 2.0, 1.94], [2, 2, 2, 2, 2])
Episode: 645; Score: [-5.]; Action: ([2.0, 2.0, 2.0, 2.0, 2.0], [2, 2, 2, 2, 2])
Episode: 646; Score: [-4.764398]; Action: ([1.99, 1.91, 1.86, 2.0, 2.0], [2, 2, 2, 2, 2])
Episode: 647; Score: [-4.5125437]; Action: ([1.88, 1.8, 1.83, 2.0, 2.0], [2, 2, 2, 2, 2])
Episode: 648; Score: [-1.9345384]; Action: ([2.0, 1.91, 1.95, 1.92, 2.0], [2, 2, 2, 2, 2])
Episode: 649; Score: [-4.66247]; Action: ([2.0, 2.0, 1.73, 2.0, 1.94], [2, 2, 2, 2, 2])
Episode: 650; Score: [-1.7803578]; Action: ([2.0, 2.0, 1.76, 1.99, 1.99], [2, 2, 2, 2, 2])
Episode: 651; Score: [-5.]; Action: ([2.0, 2.0, 2.0, 2.0, 2.0], [2, 2, 2, 2, 2])
Episode: 652; Score: [-4.7580066]; Action: ([1.99, 1.95, 1.98, 1.96, 1.87], [2, 2, 2, 2, 2])
Episode: 653; Score: [-0.94647527]; Action: ([2.0, 1.77, 1.92, 1.97, 1.95], [2, 2, 2, 2, 2])
Episode: 654; Score: [-1.0709971]; Action: ([2.0, 2.0, 2.0, 1.99, 1.94], [2, 2, 2, 2, 2])
Episode: 655; Score: [-0.07047516]; Action: ([0.0, 0.04, 0.03, 0.0, 0.0], [0, 0, 0, 0, 0])
Episode: 656; Score: [-0.89321446]; Action: ([2.0, 1.89, 2.0, 2.0, 2.0], [2, 2, 2, 2, 2])
Episode: 657; Score: [-0.15391517]; Action: ([0.03, 0.0, 0.12, 0.0, 0.0], [0, 0, 0, 0, 0])
Episode: 658; Score: [-1.]; Action: ([2.0, 2.0, 2.0, 2.0, 2.0], [2, 2, 2, 2, 2])
Episode: 659; Score: [-1.944217]; Action: ([1.9, 1.84, 2.0, 2.0, 2.0], [2, 2, 2, 2, 2])
Episode: 660; Score: [-4.7862806]; Action: ([2.0, 1.88, 1.97, 1.99, 1.94], [2, 2, 2, 2, 2])
Episode: 661; Score: [-1.0193889]; Action: ([2.0, 1.94, 2.0, 2.0, 1.92], [2, 2, 2, 2, 2])
Episode: 662; Score: [-4.8175163]; Action: ([1.87, 2.0, 2.0, 2.0, 1.95], [2, 2, 2, 2, 2])
Episode: 663; Score: [-3.206089]; Action: ([1.45, 1.3, 1.3, 1.28, 1.07], [2, 1, 1, 1, 1])
Episode: 664; Score: [-2.1248496]; Action: ([1.91, 2.0, 2.0, 1.99, 1.98], [2, 2, 2, 2, 2])
Episode: 665; Score: [-4.54103]; Action: ([2.0, 1.94, 1.94, 1.81, 1.85], [2, 2, 2, 2, 2])
Episode: 666; Score: [-4.9201956]; Action: ([2.0, 2.0, 1.92, 2.0, 2.0], [2, 2, 2, 2, 2])
Episode: 667; Score: [-0.34249765]; Action: ([0.08, 0.05, 0.02, 0.04, 0.14], [0, 0, 0, 0, 0])
Episode: 668; Score: [-0.1076619]; Action: ([0.05, 0.0, 0.0, 0.02, 0.04], [0, 0, 0, 0, 0])
Episode: 669; Score: [-1.9196165]; Action: ([1.99, 1.91, 2.0, 2.0, 2.0], [2, 2, 2, 2, 2])
Episode: 670; Score: [-0.15055782]; Action: ([0.02, 0.05, 0.0, 0.08, 0.0], [0, 0, 0, 0, 0])
Episode: 671; Score: [-0.10695523]; Action: ([0.09, 0.0, 0.0, 0.0, 0.02], [0, 0, 0, 0, 0])
Episode: 672; Score: [-4.9312253]; Action: ([2.0, 2.0, 2.0, 2.0, 1.93], [2, 2, 2, 2, 2])
Episode: 673; Score: [-0.09821141]; Action: ([0.0, 0.07, 0.03, 0.0, 0.0], [0, 0, 0, 0, 0])
Episode: 674; Score: [-2.153336]; Action: ([1.79, 1.85, 2.0, 2.0, 1.9], [2, 2, 2, 2, 2])
Episode: 675; Score: [-4.9625053]; Action: ([1.96, 2.0, 2.0, 2.0, 2.0], [2, 2, 2, 2, 2])
Episode: 676; Score: [-4.7958174]; Action: ([1.99, 1.91, 1.97, 2.0, 1.93], [2, 2, 2, 2, 2])
Episode: 677; Score: [-2.3628385]; Action: ([2.0, 2.0, 1.97, 1.77, 1.85], [2, 2, 2, 2, 2])
Episode: 678; Score: [-0.13671958]; Action: ([0.0, 0.0, 0.12, 0.02, 0.0], [0, 0, 0, 0, 0])
Episode: 679; Score: [-8.913294]; Action: ([0.06, 0.0, 0.03, 0.0, 0.0], [0, 0, 0, 0, 0])
Episode: 680; Score: [-1.0426265]; Action: ([1.97, 2.0, 2.0, 1.99, 2.0], [2, 2, 2, 2, 2])
Episode: 681; Score: [-1.2012335]; Action: ([2.0, 1.93, 1.88, 2.0, 1.85], [2, 2, 2, 2, 2])
Episode: 682; Score: [-0.20404673]; Action: ([0.0, 0.05, 0.01, 0.0, 0.14], [0, 0, 0, 0, 0])
Episode: 683; Score: [-2.]; Action: ([2.0, 2.0, 2.0, 2.0, 2.0], [2, 2, 2, 2, 2])
Episode: 684; Score: [-2.0502603]; Action: ([2.0, 2.0, 2.0, 2.0, 1.95], [2, 2, 2, 2, 2])
Episode: 685; Score: [-2.]; Action: ([2.0, 2.0, 2.0, 2.0, 2.0], [2, 2, 2, 2, 2])
Episode: 686; Score: [-4.876389]; Action: ([1.89, 1.99, 2.0, 2.0, 2.0], [2, 2, 2, 2, 2])
Episode: 687; Score: [-4.9413805]; Action: ([2.0, 1.99, 2.0, 1.95, 2.0], [2, 2, 2, 2, 2])
Episode: 688; Score: [-2.026161]; Action: ([1.98, 2.0, 2.0, 2.0, 2.0], [2, 2, 2, 2, 2])
Episode: 689; Score: [-0.20096087]; Action: ([0.02, 0.0, 0.0, 0.0, 0.18], [0, 0, 0, 0, 0])
Episode: 690; Score: [0.]; Action: ([0.0, 0.0, 0.0, 0.0, 0.0], [0, 0, 0, 0, 0])
Episode: 691; Score: [-0.07259697]; Action: ([0.0, 0.0, 0.0, 0.07, 0.0], [0, 0, 0, 0, 0])
Episode: 692; Score: [-8.467961]; Action: ([0.4, 0.0, 0.06, 0.07, 0.0], [0, 0, 0, 0, 0])
Episode: 693; Score: [-2.118481]; Action: ([1.85, 2.0, 1.94, 1.98, 2.0], [2, 2, 2, 2, 2])
Episode: 694; Score: [-4.830316]; Action: ([2.0, 2.0, 2.0, 1.83, 2.0], [2, 2, 2, 2, 2])
Episode: 695; Score: [-1.147529]; Action: ([1.93, 2.0, 2.0, 1.93, 1.99], [2, 2, 2, 2, 2])
Episode: 696; Score: [-7.7914996]; Action: ([0.0, 0.0, 0.15, 0.06, 0.0], [0, 0, 0, 0, 0])
Episode: 697; Score: [-4.7719707]; Action: ([1.99, 1.92, 2.0, 2.0, 1.86], [2, 2, 2, 2, 2])
Episode: 698; Score: [-0.09475315]; Action: ([0.0, 0.06, 0.0, 0.0, 0.04], [0, 0, 0, 0, 0])
Episode: 699; Score: [-4.7777505]; Action: ([2.0, 2.0, 2.0, 1.92, 1.86], [2, 2, 2, 2, 2])
Episode: 700; Score: [-2.0920131]; Action: ([2.0, 2.0, 2.0, 1.97, 1.94], [2, 2, 2, 2, 2])
Episode: 701; Score: [-5.]; Action: ([2.0, 2.0, 2.0, 2.0, 2.0], [2, 2, 2, 2, 2])
Episode: 702; Score: [-0.1382531]; Action: ([0.14, 0.0, 0.0, 0.0, 0.0], [0, 0, 0, 0, 0])
Episode: 703; Score: [-4.388872]; Action: ([1.93, 1.76, 1.9, 1.89, 1.91], [2, 2, 2, 2, 2])
Episode: 704; Score: [-1.9834762]; Action: ([1.97, 1.92, 2.0, 1.96, 2.0], [2, 2, 2, 2, 2])
Episode: 705; Score: [-1.0501353]; Action: ([1.97, 2.0, 1.98, 2.0, 2.0], [2, 2, 2, 2, 2])
Episode: 706; Score: [-2.0155468]; Action: ([1.98, 2.0, 2.0, 2.0, 2.0], [2, 2, 2, 2, 2])
Episode: 707; Score: [-0.2470305]; Action: ([0.02, 0.04, 0.07, 0.04, 0.08], [0, 0, 0, 0, 0])
Episode: 708; Score: [-0.29616696]; Action: ([0.06, 0.0, 0.08, 0.15, 0.0], [0, 0, 0, 0, 0])
Episode: 709; Score: [-0.141025]; Action: ([0.0, 0.0, 0.0, 0.08, 0.06], [0, 0, 0, 0, 0])
Episode: 710; Score: [-1.9472692]; Action: ([1.94, 2.0, 1.89, 2.0, 2.0], [2, 2, 2, 2, 2])
Episode: 711; Score: [-9.]; Action: ([0.0, 0.0, 0.0, 0.0, 0.0], [0, 0, 0, 0, 0])
Episode: 712; Score: [-4.710499]; Action: ([1.89, 1.82, 2.0, 2.0, 2.0], [2, 2, 2, 2, 2])
Episode: 713; Score: [-1.1903692]; Action: ([2.0, 2.0, 2.0, 1.84, 1.97], [2, 2, 2, 2, 2])
Episode: 714; Score: [0.]; Action: ([0.0, 0.0, 0.0, 0.0, 0.0], [0, 0, 0, 0, 0])
Episode: 715; Score: [-4.541569]; Action: ([1.74, 1.93, 2.0, 2.0, 1.87], [2, 2, 2, 2, 2])
Episode: 716; Score: [-1.7320253]; Action: ([2.0, 1.82, 1.87, 2.0, 1.96], [2, 2, 2, 2, 2])
Episode: 717; Score: [-4.9721766]; Action: ([1.97, 2.0, 2.0, 2.0, 2.0], [2, 2, 2, 2, 2])
Episode: 718; Score: [-1.9503205]; Action: ([2.0, 1.95, 2.0, 2.0, 2.0], [2, 2, 2, 2, 2])
Episode: 719; Score: [-1.5328671]; Action: ([1.81, 2.0, 1.91, 1.88, 1.87], [2, 2, 2, 2, 2])
Episode: 720; Score: [-1.0053828]; Action: ([2.0, 1.98, 2.0, 2.0, 1.98], [2, 2, 2, 2, 2])
Episode: 721; Score: [-0.06117785]; Action: ([0.0, 0.0, 0.0, 0.06, 0.0], [0, 0, 0, 0, 0])
Episode: 722; Score: [-0.96962273]; Action: ([2.0, 1.92, 1.95, 2.0, 2.0], [2, 2, 2, 2, 2])
Episode: 723; Score: [-1.8951068]; Action: ([2.0, 1.89, 2.0, 2.0, 2.0], [2, 2, 2, 2, 2])
Episode: 724; Score: [-8.476603]; Action: ([0.31, 0.05, 0.08, 0.0, 0.08], [0, 0, 0, 0, 0])
Episode: 725; Score: [-2.4128237]; Action: ([1.78, 1.76, 1.6, 1.62, 1.35], [2, 2, 2, 2, 2])
Episode: 726; Score: [-4.500217]; Action: ([2.0, 1.75, 1.97, 2.0, 1.78], [2, 2, 2, 2, 2])
Episode: 727; Score: [-0.22326034]; Action: ([0.11, 0.03, 0.0, 0.0, 0.08], [0, 0, 0, 0, 0])
Episode: 728; Score: [-4.9160676]; Action: ([2.0, 1.97, 1.96, 1.99, 2.0], [2, 2, 2, 2, 2])
Episode: 729; Score: [-4.8482504]; Action: ([1.87, 2.0, 1.98, 2.0, 2.0], [2, 2, 2, 2, 2])
Episode: 730; Score: [-0.12223506]; Action: ([0.0, 0.0, 0.0, 0.0, 0.12], [0, 0, 0, 0, 0])
Episode: 731; Score: [-4.682883]; Action: ([2.0, 2.0, 1.83, 1.94, 1.91], [2, 2, 2, 2, 2])
Episode: 732; Score: [-2.1345232]; Action: ([2.0, 2.0, 2.0, 2.0, 1.87], [2, 2, 2, 2, 2])
Episode: 733; Score: [-4.7770433]; Action: ([2.0, 2.0, 1.89, 1.96, 1.93], [2, 2, 2, 2, 2])
Episode: 734; Score: [-0.29951227]; Action: ([0.0, 0.03, 0.0, 0.15, 0.11], [0, 0, 0, 0, 0])
Episode: 735; Score: [-0.6004848]; Action: ([0.03, 0.15, 0.1, 0.26, 0.06], [0, 0, 0, 0, 0])
Episode: 736; Score: [-0.9985546]; Action: ([2.0, 1.92, 2.0, 1.92, 2.0], [2, 2, 2, 2, 2])
Episode: 737; Score: [-4.9766984]; Action: ([2.0, 2.0, 1.98, 2.0, 2.0], [2, 2, 2, 2, 2])
Episode: 738; Score: [-2.185127]; Action: ([1.87, 1.99, 1.99, 2.0, 1.92], [2, 2, 2, 2, 2])
Episode: 739; Score: [-4.9012766]; Action: ([1.9, 2.0, 2.0, 2.0, 2.0], [2, 2, 2, 2, 2])
