Episode: 0; Score: -2.1285587158054113; Action: ([2.0, 1.11, 0.98, 0.0, 2.0], [2, 1, 1, 0, 2])
Episode: 1; Score: -3.8859002590179443; Action: ([1.94, 0.83, 0.0, 1.77, 2.0], [2, 1, 0, 2, 2])
Episode: 2; Score: -3.0676019079983234; Action: ([1.05, 0.06, 1.93, 2.0, 0.89], [1, 0, 2, 2, 1])
Episode: 3; Score: -2.2301397398114204; Action: ([0.0, 0.92, 0.88, 0.9, 0.07], [0, 1, 1, 1, 0])
Episode: 4; Score: -3.1589547898620367; Action: ([2.0, 1.13, 0.97, 0.0, 2.0], [2, 1, 1, 0, 2])
Episode: 5; Score: -1.229410283267498; Action: ([1.9, 1.06, 0.0, 1.96, 1.97], [2, 1, 0, 2, 2])
Episode: 6; Score: -3.1418521478772163; Action: ([0.88, 0.02, 2.0, 2.0, 0.95], [1, 0, 2, 2, 1])
Episode: 7; Score: -4.996540512889624; Action: ([0.0, 1.05, 1.05, 1.1, 0.0], [0, 1, 1, 1, 0])
Episode: 8; Score: -3.019264714792371; Action: ([2.0, 0.98, 1.18, 0.0, 1.81], [2, 1, 1, 0, 2])
Episode: 9; Score: -4.17447105050087; Action: ([1.98, 1.27, 0.0, 2.0, 1.93], [2, 1, 0, 2, 2])
Episode: 10; Score: -3.0396643839776516; Action: ([0.96, 0.1, 1.87, 2.0, 0.77], [1, 0, 2, 2, 1])
Episode: 11; Score: -5.03028993436601; Action: ([0.0, 1.0, 1.2, 1.09, 0.08], [0, 1, 1, 1, 0])
Episode: 12; Score: -2.1577303409576416; Action: ([1.92, 1.05, 0.97, 0.02, 1.98], [2, 1, 1, 0, 2])
Episode: 13; Score: -7.067258246243; Action: ([2.0, 0.96, 0.11, 2.0, 2.0], [2, 1, 0, 2, 2])
Episode: 14; Score: -3.058247070759535; Action: ([0.97, 0.13, 2.0, 2.0, 0.85], [1, 0, 2, 2, 1])
Episode: 15; Score: -2.7596249133348465; Action: ([0.0, 0.93, 0.65, 1.11, 0.07], [0, 1, 0, 1, 0])
Episode: 16; Score: -2.4282436929643154; Action: ([2.0, 0.74, 0.96, 0.04, 1.83], [2, 1, 1, 0, 2])
Episode: 17; Score: -1.1986206024885178; Action: ([1.99, 0.99, 0.0, 2.0, 1.82], [2, 1, 0, 2, 2])
Episode: 18; Score: -3.264624822884798; Action: ([1.04, 0.0, 2.0, 2.0, 1.22], [1, 0, 2, 2, 1])
Episode: 19; Score: -6.016028493642807; Action: ([0.0, 0.97, 1.03, 0.97, 0.01], [0, 1, 1, 1, 0])
Episode: 20; Score: -2.2043865881860256; Action: ([2.0, 1.05, 0.86, 0.0, 1.99], [2, 1, 1, 0, 2])
Episode: 21; Score: -6.840145513415337; Action: ([2.0, 0.96, 0.09, 1.89, 1.9], [2, 1, 0, 2, 2])
Episode: 22; Score: -2.9627795666456223; Action: ([1.04, 0.07, 2.0, 1.99, 0.94], [1, 0, 2, 2, 1])
Episode: 23; Score: -3.0808002650737762; Action: ([0.09, 1.12, 0.95, 0.93, 0.0], [0, 1, 1, 1, 0])
Episode: 24; Score: -5.783051481470466; Action: ([1.87, 1.03, 0.96, 0.06, 1.88], [2, 1, 1, 0, 2])
Episode: 25; Score: -4.102880373597145; Action: ([2.0, 0.87, 0.0, 2.0, 1.98], [2, 1, 0, 2, 2])
Episode: 26; Score: -5.984602062031627; Action: ([1.02, 0.08, 1.97, 2.0, 0.92], [1, 0, 2, 2, 1])
Episode: 27; Score: -3.215621054172516; Action: ([0.12, 0.95, 1.1, 1.05, 0.0], [0, 1, 1, 1, 0])
Episode: 28; Score: -3.1795107573270798; Action: ([2.0, 0.79, 0.98, 0.05, 2.0], [2, 1, 1, 0, 2])
Episode: 29; Score: -2.391064465045929; Action: ([1.84, 0.86, 0.0, 1.92, 2.0], [2, 1, 0, 2, 2])
Episode: 30; Score: -3.9478295296430588; Action: ([1.17, 0.0, 1.94, 2.0, 0.83], [1, 0, 2, 2, 1])
Episode: 31; Score: -3.146362341940403; Action: ([0.0, 0.91, 1.19, 0.93, 0.12], [0, 1, 1, 1, 0])
Episode: 32; Score: -5.924201283603907; Action: ([1.76, 1.11, 1.06, 0.0, 2.0], [2, 1, 1, 0, 2])
Episode: 33; Score: -7.103619284927845; Action: ([2.0, 1.08, 0.02, 2.0, 2.0], [2, 1, 0, 2, 2])
Episode: 34; Score: -3.067385882139206; Action: ([1.1, 0.0, 1.87, 1.92, 1.04], [1, 0, 2, 2, 1])
Episode: 35; Score: -5.981580335646868; Action: ([0.0, 0.95, 1.05, 0.94, 0.08], [0, 1, 1, 1, 0])
Episode: 36; Score: -2.834197463467717; Action: ([1.74, 0.99, 0.92, 0.0, 2.0], [2, 1, 1, 0, 2])
Episode: 37; Score: -3.914433553814888; Action: ([2.0, 0.88, 0.18, 2.0, 1.98], [2, 1, 0, 2, 2])
Episode: 38; Score: -3.7389641450718045; Action: ([1.01, 0.01, 2.0, 1.99, 1.24], [1, 0, 2, 2, 1])
Episode: 39; Score: -2.760241962969303; Action: ([0.0, 0.93, 0.89, 0.94, 0.0], [0, 1, 1, 1, 0])
Episode: 40; Score: -3.151469975709915; Action: ([1.83, 1.07, 1.08, 0.0, 2.0], [2, 1, 1, 0, 2])
Episode: 41; Score: -7.067552797496319; Action: ([2.0, 1.04, 0.02, 2.0, 2.0], [2, 1, 0, 2, 2])
Episode: 42; Score: -5.9500395050272346; Action: ([1.1, 0.0, 1.96, 1.9, 0.99], [1, 0, 2, 2, 1])
Episode: 43; Score: -2.0432936754077673; Action: ([0.13, 0.98, 0.87, 1.06, 0.05], [0, 1, 1, 1, 0])
Episode: 44; Score: -2.309936724603176; Action: ([1.99, 1.12, 1.11, 0.0, 1.93], [2, 1, 1, 0, 2])
Episode: 45; Score: -7.164650350809097; Action: ([1.95, 1.18, 0.06, 2.0, 1.98], [2, 1, 0, 2, 2])
Episode: 46; Score: -3.8366366550326347; Action: ([1.19, 0.05, 2.0, 2.0, 0.92], [1, 0, 2, 2, 1])
Episode: 47; Score: -1.9872821988537908; Action: ([0.21, 1.01, 1.19, 0.96, 0.04], [0, 1, 1, 1, 0])
Episode: 48; Score: -2.2065168991684914; Action: ([1.9, 1.06, 1.04, 0.0, 2.0], [2, 1, 1, 0, 2])
Episode: 49; Score: -1.2879053447395563; Action: ([1.82, 0.99, 0.1, 1.83, 1.96], [2, 1, 0, 2, 2])
Episode: 50; Score: -6.092066252604127; Action: ([0.92, 0.15, 2.0, 2.0, 1.02], [1, 0, 2, 2, 1])
Episode: 51; Score: -3.056736260652542; Action: ([0.0, 0.97, 0.94, 1.15, 0.0], [0, 1, 1, 1, 0])
Episode: 52; Score: -3.1006173454225063; Action: ([2.0, 0.91, 0.94, 0.05, 2.0], [2, 1, 1, 0, 2])
Episode: 53; Score: -2.272575855255127; Action: ([2.0, 1.1, 0.0, 2.0, 1.83], [2, 1, 0, 2, 2])
Episode: 54; Score: -5.886058576405048; Action: ([1.1, 0.0, 2.0, 2.0, 0.79], [1, 0, 2, 2, 1])
Episode: 55; Score: -2.2686481177806854; Action: ([0.0, 0.87, 0.9, 0.96, 0.0], [0, 1, 1, 1, 0])
Episode: 56; Score: -6.099735107272863; Action: ([2.0, 1.04, 1.19, 0.0, 1.87], [2, 1, 1, 0, 2])
Episode: 57; Score: -1.0937463990412652; Action: ([1.97, 1.0, 0.0, 1.94, 2.0], [2, 1, 0, 2, 2])
Episode: 58; Score: -2.9917275309562683; Action: ([1.11, 0.11, 2.0, 1.9, 0.92], [1, 0, 2, 2, 1])
Episode: 59; Score: -6.2710609547793865; Action: ([0.04, 0.87, 0.87, 0.95, 0.0], [0, 1, 1, 1, 0])
Episode: 60; Score: -3.0171616468578577; Action: ([1.84, 0.88, 1.03, 0.24, 2.0], [2, 1, 1, 0, 2])
Episode: 61; Score: -2.1796301379799843; Action: ([2.0, 1.1, 0.0, 2.0, 1.93], [2, 1, 0, 2, 2])
Episode: 62; Score: -3.0102792344987392; Action: ([0.94, 0.0, 2.0, 1.87, 1.08], [1, 0, 2, 2, 1])
Episode: 63; Score: -6.153825119137764; Action: ([0.12, 1.02, 0.86, 0.81, 0.08], [0, 1, 1, 1, 0])
Episode: 64; Score: -1.9424333341885358; Action: ([2.0, 0.98, 1.0, 0.08, 2.0], [2, 1, 1, 0, 2])
Episode: 65; Score: -4.012582652270794; Action: ([2.0, 0.92, 0.0, 1.94, 1.99], [2, 1, 0, 2, 2])
Episode: 66; Score: -4.1147864535450935; Action: ([0.89, 0.12, 2.0, 1.79, 1.08], [1, 0, 2, 2, 1])
Episode: 67; Score: -2.1874307065154426; Action: ([0.0, 1.0, 1.02, 1.2, 0.03], [0, 1, 1, 1, 0])
Episode: 68; Score: -2.037937510292977; Action: ([2.0, 1.01, 1.03, 0.0, 2.0], [2, 1, 1, 0, 2])
Episode: 69; Score: -7.1225087232887745; Action: ([2.0, 1.03, 0.09, 2.0, 2.0], [2, 1, 0, 2, 2])
Episode: 70; Score: -3.8780596992000937; Action: ([0.99, 0.0, 1.88, 2.0, 1.01], [1, 0, 2, 2, 1])
Episode: 71; Score: -5.9554953603073955; Action: ([0.08, 1.01, 0.84, 1.14, 0.0], [0, 1, 1, 1, 0])
Episode: 72; Score: -3.314726658165455; Action: ([1.93, 1.11, 0.87, 0.0, 2.0], [2, 1, 1, 0, 2])
Episode: 73; Score: -2.000814363360405; Action: ([2.0, 0.84, 0.16, 2.0, 2.0], [2, 1, 0, 2, 2])
Episode: 74; Score: -3.917079395148903; Action: ([0.87, 0.0, 1.78, 2.0, 0.99], [1, 0, 2, 2, 1])
Episode: 75; Score: -3.138202965259552; Action: ([0.0, 1.14, 0.83, 1.17, 0.0], [0, 1, 1, 1, 0])
Episode: 76; Score: -2.876756001263857; Action: ([1.75, 0.97, 0.91, 0.0, 2.0], [2, 1, 1, 0, 2])
Episode: 77; Score: -1.028366893529892; Action: ([1.92, 0.91, 0.26, 1.88, 2.0], [2, 1, 0, 2, 2])
Episode: 78; Score: -6.07346984744072; Action: ([1.16, 0.0, 1.99, 1.99, 0.94], [1, 0, 2, 2, 1])
Episode: 79; Score: -3.1311551071703434; Action: ([0.13, 0.94, 1.1, 0.92, 0.03], [0, 1, 1, 1, 0])
Episode: 80; Score: -2.2516471818089485; Action: ([1.94, 1.05, 0.86, 0.0, 2.0], [2, 1, 1, 0, 2])
Episode: 81; Score: -0.932752326130867; Action: ([1.98, 1.07, 0.16, 2.0, 2.0], [2, 1, 0, 2, 2])
Episode: 82; Score: -3.1065780967473984; Action: ([0.87, 0.0, 2.0, 1.93, 1.04], [1, 0, 2, 2, 1])
Episode: 83; Score: -5.31225860118866; Action: ([0.0, 0.96, 1.16, 0.89, 0.0], [0, 1, 1, 1, 0])
Episode: 84; Score: -2.2946480736136436; Action: ([1.87, 1.09, 1.1, 0.03, 2.0], [2, 1, 1, 0, 2])
Episode: 85; Score: -1.076591320335865; Action: ([2.0, 0.93, 0.07, 1.92, 2.0], [2, 1, 0, 2, 2])
Episode: 86; Score: -5.888552062213421; Action: ([0.86, 0.09, 2.0, 1.83, 1.11], [1, 0, 2, 2, 1])
Episode: 87; Score: -3.1354252211749554; Action: ([0.0, 1.06, 1.08, 0.92, 0.07], [0, 1, 1, 1, 0])
Episode: 88; Score: -6.176643617451191; Action: ([2.0, 1.07, 1.11, 0.0, 2.0], [2, 1, 1, 0, 2])
Episode: 89; Score: -0.9566890988498926; Action: ([1.96, 0.99, 0.1, 2.0, 2.0], [2, 1, 0, 2, 2])
Episode: 90; Score: -5.982915453612804; Action: ([1.07, 0.0, 2.0, 2.0, 0.91], [1, 0, 2, 2, 1])
Episode: 91; Score: -5.576149668544531; Action: ([0.22, 0.93, 1.06, 1.1, 0.11], [0, 1, 1, 1, 0])
Episode: 92; Score: -2.9338716939091682; Action: ([1.88, 0.84, 0.93, 0.1, 1.93], [2, 1, 1, 0, 2])
Episode: 93; Score: -1.1550634279847145; Action: ([1.97, 0.88, 0.04, 1.94, 2.0], [2, 1, 0, 2, 2])
Episode: 94; Score: -3.0243838280439377; Action: ([0.96, 0.04, 2.0, 1.98, 1.04], [1, 0, 2, 2, 1])
Episode: 95; Score: -2.3223110823892057; Action: ([0.0, 1.21, 1.0, 0.89, 0.0], [0, 1, 1, 1, 0])
Episode: 96; Score: -2.3148169741034508; Action: ([1.91, 1.14, 0.92, 0.0, 2.0], [2, 1, 1, 0, 2])
Episode: 97; Score: -4.070616543292999; Action: ([2.0, 0.77, 0.0, 2.0, 1.84], [2, 1, 0, 2, 2])
Episode: 98; Score: -3.1418331805616617; Action: ([1.02, 0.0, 2.0, 2.0, 0.84], [1, 0, 2, 2, 1])
Episode: 99; Score: -5.900431853719056; Action: ([0.04, 1.0, 1.26, 0.79, 0.0], [0, 1, 1, 1, 0])
Episode: 100; Score: -5.985387976747006; Action: ([2.0, 0.99, 1.04, 0.0, 1.95], [2, 1, 1, 0, 2])
Episode: 101; Score: -1.0840166583657265; Action: ([2.0, 0.88, 0.09, 1.94, 2.0], [2, 1, 0, 2, 2])
Episode: 102; Score: -5.880994975566864; Action: ([0.95, 0.0, 2.0, 2.0, 0.93], [1, 0, 2, 2, 1])
Episode: 103; Score: -5.96902434155345; Action: ([0.15, 1.02, 0.98, 0.9, 0.02], [0, 1, 1, 1, 0])
Episode: 104; Score: -3.005324177443981; Action: ([1.96, 0.98, 0.98, 0.0, 2.0], [2, 1, 1, 0, 2])
Episode: 105; Score: -1.0716418474912643; Action: ([1.98, 1.05, 0.0, 2.0, 2.0], [2, 1, 0, 2, 2])
Episode: 106; Score: -5.926054202020168; Action: ([1.04, 0.0, 1.89, 1.86, 1.13], [1, 0, 2, 2, 1])
Episode: 107; Score: -2.3124580681324005; Action: ([0.0, 0.83, 0.91, 0.86, 0.09], [0, 1, 1, 1, 0])
Episode: 108; Score: -2.161872770753689; Action: ([2.0, 1.0, 1.07, 0.0, 1.91], [2, 1, 1, 0, 2])
Episode: 109; Score: -3.8304653621744365; Action: ([1.9, 1.0, 0.01, 1.94, 2.0], [2, 1, 0, 2, 2])
Episode: 110; Score: -2.904804921709001; Action: ([1.02, 0.08, 2.0, 2.0, 1.0], [1, 0, 2, 2, 1])
Episode: 111; Score: -2.063712934963405; Action: ([0.0, 1.0, 1.01, 0.95, 0.0], [0, 1, 1, 1, 0])
Episode: 112; Score: -3.043419227004051; Action: ([2.0, 1.04, 0.96, 0.08, 1.96], [2, 1, 1, 0, 2])
Episode: 113; Score: -1.2889293618500233; Action: ([1.93, 0.95, 0.05, 1.96, 1.81], [2, 1, 0, 2, 2])
Episode: 114; Score: -4.027739565819502; Action: ([1.06, 0.0, 2.0, 2.0, 0.92], [1, 0, 2, 2, 1])
Episode: 115; Score: -2.0340463118627667; Action: ([0.11, 0.98, 0.96, 1.09, 0.0], [0, 1, 1, 1, 0])
Episode: 116; Score: -3.1586157977581024; Action: ([1.96, 0.88, 0.91, 0.09, 2.0], [2, 1, 1, 0, 2])
Episode: 117; Score: -1.1331655010581017; Action: ([1.99, 0.89, 0.0, 2.0, 1.99], [2, 1, 0, 2, 2])
Episode: 118; Score: -4.0794665683060884; Action: ([1.01, 0.03, 2.0, 2.0, 0.88], [1, 0, 2, 2, 1])
Episode: 119; Score: -3.021390122361481; Action: ([0.0, 0.92, 1.01, 1.09, 0.01], [0, 1, 1, 1, 0])
Episode: 120; Score: -2.9794007390737534; Action: ([1.87, 1.06, 1.07, 0.0, 1.98], [2, 1, 1, 0, 2])
Episode: 121; Score: -7.086675554513931; Action: ([2.0, 1.09, 0.0, 2.0, 2.0], [2, 1, 0, 2, 2])
Episode: 122; Score: -3.8782345056533813; Action: ([0.91, 0.02, 1.88, 2.0, 1.07], [1, 0, 2, 2, 1])
Episode: 123; Score: -6.063268115743995; Action: ([0.0, 0.8, 1.04, 1.03, 0.07], [0, 1, 1, 1, 0])
Episode: 124; Score: -3.148344486951828; Action: ([1.99, 1.1, 0.79, 0.13, 1.98], [2, 1, 1, 0, 2])
Episode: 125; Score: -3.988943178206682; Action: ([2.0, 1.05, 0.0, 1.94, 2.0], [2, 1, 0, 2, 2])
Episode: 126; Score: -4.143546476960182; Action: ([0.85, 0.0, 2.0, 1.97, 1.03], [1, 0, 2, 2, 1])
Episode: 127; Score: -5.695420101284981; Action: ([0.01, 0.95, 1.21, 1.14, 0.0], [0, 1, 1, 1, 0])
Episode: 128; Score: -5.961992233991623; Action: ([2.0, 0.81, 1.15, 0.01, 2.0], [2, 1, 1, 0, 2])
Episode: 129; Score: -0.9907254725694656; Action: ([2.0, 1.03, 0.04, 2.0, 2.0], [2, 1, 0, 2, 2])
Episode: 130; Score: -2.9989318307489157; Action: ([1.03, 0.0, 1.94, 1.93, 1.1], [1, 0, 2, 2, 1])
Episode: 131; Score: -5.246345393359661; Action: ([0.01, 1.08, 0.89, 0.91, 0.02], [0, 1, 1, 1, 0])
Episode: 132; Score: -5.81365645583719; Action: ([2.0, 0.99, 0.83, 0.0, 2.0], [2, 1, 1, 0, 2])
Episode: 133; Score: -6.747962594032288; Action: ([1.92, 0.85, 0.0, 2.0, 1.98], [2, 1, 0, 2, 2])
Episode: 134; Score: -4.018648192286491; Action: ([1.12, 0.03, 2.0, 1.91, 0.91], [1, 0, 2, 2, 1])
Episode: 135; Score: -5.932823825627565; Action: ([0.05, 0.92, 1.02, 1.08, 0.0], [0, 1, 1, 1, 0])
Episode: 136; Score: -6.170297883450985; Action: ([2.0, 1.13, 0.94, 0.1, 2.0], [2, 1, 1, 0, 2])
Episode: 137; Score: -6.942138694226742; Action: ([2.0, 0.95, 0.07, 1.93, 2.0], [2, 1, 0, 2, 2])
Episode: 138; Score: -5.897009680047631; Action: ([0.99, 0.0, 2.0, 2.0, 0.91], [1, 0, 2, 2, 1])
Episode: 139; Score: -1.8871139660477638; Action: ([0.13, 0.97, 1.03, 1.03, 0.08], [0, 1, 1, 1, 0])
Episode: 140; Score: -6.067969128984259; Action: ([2.0, 1.0, 1.01, 0.06, 2.0], [2, 1, 1, 0, 2])
Episode: 141; Score: -7.048976920545101; Action: ([1.97, 1.05, 0.12, 1.91, 2.0], [2, 1, 0, 2, 2])
Episode: 142; Score: -6.048437658697367; Action: ([0.95, 0.04, 2.0, 1.88, 1.18], [1, 0, 2, 2, 1])
Episode: 143; Score: -4.79431283287704; Action: ([0.1, 1.03, 1.04, 1.17, 0.01], [0, 1, 1, 1, 0])
Episode: 144; Score: -2.3037186339497566; Action: ([1.86, 0.87, 0.96, 0.01, 2.0], [2, 1, 1, 0, 2])
Episode: 145; Score: -2.3745215833187103; Action: ([1.9, 1.16, 0.06, 1.95, 1.88], [2, 1, 0, 2, 2])
Episode: 146; Score: -2.8629906345158815; Action: ([1.03, 0.0, 1.96, 1.98, 1.17], [1, 0, 2, 2, 1])
Episode: 147; Score: -2.071383338421583; Action: ([0.02, 1.06, 1.04, 1.15, 0.16], [0, 1, 1, 1, 0])
Episode: 148; Score: -5.820963051170111; Action: ([1.98, 1.01, 0.92, 0.0, 1.91], [2, 1, 1, 0, 2])
Episode: 149; Score: -1.0326403677463531; Action: ([2.0, 1.03, 0.02, 2.0, 1.97], [2, 1, 0, 2, 2])
Episode: 150; Score: -6.167679490055889; Action: ([1.01, 0.15, 2.0, 2.0, 1.01], [1, 0, 2, 2, 1])
Episode: 151; Score: -5.9441757164895535; Action: ([0.1, 1.11, 0.94, 0.99, 0.14], [0, 1, 1, 1, 0])
Episode: 152; Score: -1.9892267994582653; Action: ([2.0, 1.09, 0.98, 0.13, 2.0], [2, 1, 1, 0, 2])
Episode: 153; Score: -1.2708126306533813; Action: ([2.0, 0.81, 0.0, 2.0, 1.92], [2, 1, 0, 2, 2])
