Episode: 0; Score: -6.005431410856545; Action: ([1.06, 0.95, 0.0, 0.0, 0.98], [1, 1, 0, 0, 1])
Episode: 1; Score: -2.093564974144101; Action: ([2.0, 0.02, 0.98, 2.0, 1.91], [2, 0, 1, 2, 2])
Episode: 2; Score: -3.987191677093506; Action: ([2.0, 0.0, 1.99, 2.0, 0.0], [2, 0, 2, 2, 0])
Episode: 3; Score: -4.950763454660773; Action: ([0.05, 0.98, 2.0, 0.05, 0.97], [0, 1, 2, 0, 1])
Episode: 4; Score: -4.103745315223932; Action: ([0.97, 1.1, 0.0, 2.0, 0.03], [1, 1, 0, 2, 0])
Episode: 5; Score: -3.108083736151457; Action: ([1.02, 1.1, 2.0, 0.0, 1.98], [1, 1, 2, 0, 2])
Episode: 6; Score: -3.926759783178568; Action: ([0.05, 0.97, 0.0, 0.05, 2.0], [0, 1, 0, 0, 2])
Episode: 7; Score: -2.983886308968067; Action: ([0.0, 1.04, 0.91, 1.89, 1.96], [0, 1, 1, 2, 2])
Episode: 8; Score: -5.925978038460016; Action: ([0.0, 1.01, 1.01, 2.0, 1.9], [0, 1, 1, 2, 2])
Episode: 9; Score: -1.1507899293210357; Action: ([2.0, 1.0, 1.03, 1.07, 0.95], [2, 1, 1, 1, 1])
Episode: 10; Score: -2.070510685443878; Action: ([1.97, 0.08, 0.0, 0.02, 0.0], [2, 0, 0, 0, 0])
Episode: 11; Score: -4.040939898230135; Action: ([2.0, 1.06, 0.02, 1.01, 0.0], [2, 1, 0, 1, 0])
Episode: 12; Score: -4.016202836763114; Action: ([0.0, 0.97, 1.06, 0.99, 1.08], [0, 1, 1, 1, 1])
Episode: 13; Score: -3.9386501014232635; Action: ([2.0, 0.95, 0.0, 0.11, 2.0], [2, 1, 0, 0, 2])
Episode: 14; Score: -2.0418339017778635; Action: ([2.0, 0.98, 1.05, 1.02, 1.95], [2, 1, 1, 1, 2])
Episode: 15; Score: -3.164695566985756; Action: ([1.98, 0.93, 0.99, 0.93, 0.0], [2, 1, 1, 1, 0])
Episode: 16; Score: -3.0366919822990894; Action: ([1.98, 0.94, 2.0, 0.01, 1.02], [2, 1, 2, 0, 1])
Episode: 17; Score: -4.041762859560549; Action: ([0.01, 0.0, 1.01, 2.0, 1.94], [0, 0, 1, 2, 2])
Episode: 18; Score: -5.961061344482005; Action: ([1.03, 0.99, 1.94, 0.01, 1.99], [1, 1, 2, 0, 2])
Episode: 19; Score: -2.988298714160919; Action: ([2.0, 0.06, 2.0, 1.95, 0.0], [2, 0, 2, 2, 0])
Episode: 20; Score: -6.973932810127735; Action: ([2.0, 0.06, 2.0, 0.98, 1.93], [2, 0, 2, 1, 2])
Episode: 21; Score: -3.1381976529955864; Action: ([1.89, 1.06, 1.99, 0.01, 1.03], [2, 1, 2, 0, 1])
Episode: 22; Score: -1.1141492612659931; Action: ([2.0, 0.0, 1.05, 1.98, 1.95], [2, 0, 1, 2, 2])
Episode: 23; Score: -4.137517189607024; Action: ([0.0, 1.02, 1.08, 0.0, 1.95], [0, 1, 1, 0, 2])
Episode: 24; Score: -1.1221489291638136; Action: ([2.0, 1.01, 1.02, 0.92, 1.99], [2, 1, 1, 1, 2])
Episode: 25; Score: -4.945692663313821; Action: ([0.0, 1.0, 0.97, 0.09, 2.0], [0, 1, 1, 0, 2])
Episode: 26; Score: -1.0176802463829517; Action: ([1.97, 1.03, 1.06, 1.97, 2.0], [2, 1, 1, 2, 2])
Episode: 27; Score: -2.1546856351196766; Action: ([1.92, 1.02, 0.95, 1.99, 0.01], [2, 1, 1, 2, 0])
Episode: 28; Score: -3.910121660679579; Action: ([0.0, 0.98, 0.93, 0.0, 2.0], [0, 1, 1, 0, 2])
Episode: 29; Score: -6.9411706030368805; Action: ([2.0, 0.93, 0.01, 2.0, 2.0], [2, 1, 0, 2, 2])
Episode: 30; Score: -8.031139958649874; Action: ([1.07, 1.04, 1.98, 1.97, 1.97], [1, 1, 2, 2, 2])
Episode: 31; Score: -5.968351639807224; Action: ([0.0, 0.99, 1.94, 1.05, 1.99], [0, 1, 2, 1, 2])
Episode: 32; Score: -0.17975126020610332; Action: ([1.97, 1.03, 1.91, 1.97, 2.0], [2, 1, 2, 2, 2])
Episode: 33; Score: -2.1625043749809265; Action: ([1.93, 0.95, 0.93, 1.94, 0.08], [2, 1, 1, 2, 0])
Episode: 34; Score: -3.0127957314252853; Action: ([0.08, 0.94, 0.95, 1.99, 0.0], [0, 1, 1, 2, 0])
Episode: 35; Score: -2.0189885711297393; Action: ([0.0, 1.01, 2.0, 2.0, 1.99], [0, 1, 2, 2, 2])
Episode: 36; Score: -2.135024579707533; Action: ([1.97, 1.0, 0.98, 2.0, 0.86], [2, 1, 1, 2, 1])
Episode: 37; Score: -3.9907320737838745; Action: ([2.0, 0.0, 1.99, 0.0, 2.0], [2, 0, 2, 0, 2])
Episode: 38; Score: -3.8675076197832823; Action: ([0.0, 0.0, 0.99, 1.97, 1.89], [0, 0, 1, 2, 2])
Episode: 39; Score: -5.989800602197647; Action: ([1.04, 0.98, 2.0, 1.95, 0.03], [1, 1, 2, 2, 0])
Episode: 40; Score: -4.847831726074219; Action: ([1.91, 0.04, 1.99, 0.02, 2.0], [2, 0, 2, 0, 2])
Episode: 41; Score: -2.9119451083242893; Action: ([1.97, 0.09, 1.15, 1.85, 1.04], [2, 0, 1, 2, 1])
Episode: 42; Score: -2.0838115634396672; Action: ([2.0, 1.01, 0.98, 0.93, 0.01], [2, 1, 1, 1, 0])
Episode: 43; Score: -2.068836212158203; Action: ([1.93, 0.0, 0.0, 2.0, 2.0], [2, 0, 0, 2, 2])
Episode: 44; Score: -7.016348000615835; Action: ([1.06, 0.93, 1.99, 2.0, 1.04], [1, 1, 2, 2, 1])
Episode: 45; Score: -3.101713104173541; Action: ([1.98, 1.03, 1.01, 0.0, 0.96], [2, 1, 1, 0, 1])
Episode: 46; Score: -2.940002670911781; Action: ([1.92, 1.0, 1.99, 0.13, 2.0], [2, 1, 2, 0, 2])
Episode: 47; Score: -2.0939863678067923; Action: ([0.97, 0.97, 0.93, 1.04, 1.99], [1, 1, 1, 1, 2])
Episode: 48; Score: -5.780003560241312; Action: ([1.98, 1.0, 0.93, 0.97, 0.9], [2, 1, 1, 1, 1])
Episode: 49; Score: -3.0213821344077587; Action: ([0.05, 1.04, 1.05, 2.0, 0.02], [0, 1, 1, 2, 0])
Episode: 50; Score: -3.037817135453224; Action: ([0.96, 1.04, 2.0, 1.99, 0.05], [1, 1, 2, 2, 0])
Episode: 51; Score: -3.1023193784058094; Action: ([0.02, 0.92, 2.0, 0.0, 0.95], [0, 1, 2, 0, 1])
Episode: 52; Score: -3.9650904685258865; Action: ([0.0, 0.02, 0.89, 2.0, 1.05], [0, 0, 1, 2, 1])
Episode: 53; Score: -1.1527968319132924; Action: ([1.9, 0.99, 1.06, 2.0, 1.02], [2, 1, 1, 2, 1])
Episode: 54; Score: -2.033289027400315; Action: ([0.0, 1.01, 0.98, 2.0, 2.0], [0, 1, 1, 2, 2])
Episode: 55; Score: -1.1329950839281082; Action: ([0.0, 0.0, 0.0, 0.05, 1.08], [0, 0, 0, 0, 1])
Episode: 56; Score: -3.0929247848689556; Action: ([2.0, 0.02, 2.0, 1.06, 0.94], [2, 0, 2, 1, 1])
Episode: 57; Score: -2.127737993374467; Action: ([1.92, 1.03, 1.06, 1.94, 0.99], [2, 1, 1, 2, 1])
Episode: 58; Score: -4.035729039460421; Action: ([2.0, 0.95, 2.0, 0.0, 1.98], [2, 1, 2, 0, 2])
Episode: 59; Score: -3.917587010189891; Action: ([2.0, 1.02, 0.03, 1.03, 0.04], [2, 1, 0, 1, 0])
Episode: 60; Score: -2.9331726701930165; Action: ([2.0, 0.99, 1.04, 1.95, 1.93], [2, 1, 1, 2, 2])
Episode: 61; Score: -1.0778906270861626; Action: ([2.0, 0.02, 0.93, 2.0, 1.97], [2, 0, 1, 2, 2])
Episode: 62; Score: -5.000677585601807; Action: ([1.98, 0.06, 0.03, 1.9, 0.02], [2, 0, 0, 2, 0])
Episode: 63; Score: -3.9201459381729364; Action: ([2.0, 0.01, 0.98, 1.96, 1.95], [2, 0, 1, 2, 2])
Episode: 64; Score: -3.1616130843758583; Action: ([0.0, 1.1, 0.93, 2.0, 2.0], [0, 1, 1, 2, 2])
Episode: 65; Score: -3.834783758968115; Action: ([1.97, 0.0, 0.99, 0.09, 1.94], [2, 0, 1, 0, 2])
Episode: 66; Score: -2.9399893218651414; Action: ([1.91, 1.02, 2.0, 2.0, 0.99], [2, 1, 2, 2, 1])
Episode: 67; Score: -5.832938363775611; Action: ([1.99, 0.98, 0.91, 0.0, 1.96], [2, 1, 1, 0, 2])
Episode: 68; Score: -3.0643417984247208; Action: ([2.0, 1.04, 1.05, 1.92, 0.0], [2, 1, 1, 2, 0])
Episode: 69; Score: -1.939968387130648; Action: ([0.0, 1.0, 0.0, 0.94, 0.0], [0, 1, 0, 1, 0])
Episode: 70; Score: -3.0196960559114814; Action: ([2.0, 1.0, 0.03, 2.0, 0.96], [2, 1, 0, 2, 1])
Episode: 71; Score: -2.0230396389961243; Action: ([2.0, 0.01, 0.0, 2.0, 1.97], [2, 0, 0, 2, 2])
Episode: 72; Score: -2.040764420526102; Action: ([2.0, 0.99, 1.0, 0.0, 1.97], [2, 1, 1, 0, 2])
Episode: 73; Score: -3.1334438864141703; Action: ([1.99, 0.94, 1.08, 0.0, 1.02], [2, 1, 1, 0, 1])
Episode: 74; Score: -1.061907835304737; Action: ([1.02, 1.03, 0.93, 0.98, 1.93], [1, 1, 1, 1, 2])
Episode: 75; Score: -2.0839913627132773; Action: ([2.0, 0.97, 1.01, 0.0, 1.04], [2, 1, 1, 0, 1])
Episode: 76; Score: -3.889594405889511; Action: ([0.05, 0.95, 1.98, 0.07, 1.99], [0, 1, 2, 0, 2])
Episode: 77; Score: -3.0848458148539066; Action: ([2.0, 1.04, 2.0, 0.94, 1.99], [2, 1, 2, 1, 2])
Episode: 78; Score: -2.9939794847741723; Action: ([0.0, 0.97, 0.99, 1.96, 1.99], [0, 1, 1, 2, 2])
Episode: 79; Score: -7.074285350739956; Action: ([2.0, 1.05, 0.03, 2.0, 2.0], [2, 1, 0, 2, 2])
Episode: 80; Score: -3.0509425159543753; Action: ([0.04, 1.07, 2.0, 0.98, 2.0], [0, 1, 2, 1, 2])
Episode: 81; Score: -4.131189816631377; Action: ([2.0, 0.05, 1.04, 0.05, 1.0], [2, 0, 1, 0, 1])
Episode: 82; Score: -1.1742330584675074; Action: ([1.97, 1.03, 0.91, 1.02, 1.07], [2, 1, 1, 1, 1])
Episode: 83; Score: -6.906242035329342; Action: ([2.0, 1.02, 1.89, 2.0, 0.0], [2, 1, 2, 2, 0])
Episode: 84; Score: -3.957202661782503; Action: ([1.96, 0.95, 2.0, 1.95, 2.0], [2, 1, 2, 2, 2])
Episode: 85; Score: -5.022639472153969; Action: ([0.0, 0.04, 0.92, 1.0, 1.02], [0, 0, 1, 1, 1])
Episode: 86; Score: -1.0983008574694395; Action: ([1.99, 1.03, 1.02, 2.0, 1.92], [2, 1, 1, 2, 2])
Episode: 87; Score: -4.936342839151621; Action: ([0.0, 0.98, 0.0, 2.0, 1.95], [0, 1, 0, 2, 2])
Episode: 88; Score: -4.047682970762253; Action: ([0.02, 0.0, 0.03, 0.89, 1.99], [0, 0, 0, 1, 2])
Episode: 89; Score: -4.0731383534148335; Action: ([1.01, 0.97, 1.06, 0.9, 0.98], [1, 1, 1, 1, 1])
Episode: 90; Score: -3.108049713075161; Action: ([2.0, 0.96, 0.93, 2.0, 2.0], [2, 1, 1, 2, 2])
Episode: 91; Score: -6.972731974907219; Action: ([2.0, 1.01, 0.96, 1.91, 1.09], [2, 1, 1, 2, 1])
Episode: 92; Score: -1.0293352846056223; Action: ([2.0, 1.03, 1.06, 1.94, 2.0], [2, 1, 1, 2, 2])
Episode: 93; Score: -3.8377282954752445; Action: ([0.09, 0.07, 0.02, 2.0, 1.01], [0, 0, 0, 2, 1])
Episode: 94; Score: -2.117903061211109; Action: ([1.01, 0.97, 1.99, 2.0, 1.09], [1, 1, 2, 2, 1])
Episode: 95; Score: -3.9696622267365456; Action: ([1.99, 0.96, 1.95, 0.0, 1.02], [2, 1, 2, 0, 1])
Episode: 96; Score: -3.145771473646164; Action: ([1.86, 0.0, 0.93, 1.96, 1.1], [2, 0, 1, 2, 1])
Episode: 97; Score: -4.0140460729599; Action: ([0.02, 0.0, 0.0, 1.99, 2.0], [0, 0, 0, 2, 2])
Episode: 98; Score: -3.107137084007263; Action: ([1.93, 0.05, 0.0, 1.93, 1.99], [2, 0, 0, 2, 2])
Episode: 99; Score: -3.0556037351489067; Action: ([1.02, 0.0, 0.93, 1.96, 2.0], [1, 0, 1, 2, 2])
Episode: 100; Score: -5.9143237341195345; Action: ([1.98, 0.93, 0.95, 1.02, 1.03], [2, 1, 1, 1, 1])
Episode: 101; Score: -1.1732385344803333; Action: ([0.97, 0.95, 0.95, 0.0, 0.95], [1, 1, 1, 0, 1])
Episode: 102; Score: -4.983222083188593; Action: ([1.95, 0.02, 0.03, 0.99, 2.0], [2, 0, 0, 1, 2])
Episode: 103; Score: -4.977932358160615; Action: ([0.01, 0.0, 0.98, 2.0, 0.03], [0, 0, 1, 2, 0])
Episode: 104; Score: -4.00030929595232; Action: ([2.0, 0.92, 0.02, 2.0, 1.94], [2, 1, 0, 2, 2])
Episode: 105; Score: -3.166841559112072; Action: ([0.0, 0.93, 1.04, 0.96, 1.98], [0, 1, 1, 1, 2])
Episode: 106; Score: -2.0131334480829537; Action: ([2.0, 1.01, 1.0, 0.0, 2.0], [2, 1, 1, 0, 2])
Episode: 107; Score: -1.122491154819727; Action: ([1.97, 0.97, 1.06, 1.07, 1.93], [2, 1, 1, 1, 2])
Episode: 108; Score: -3.115940379910171; Action: ([1.95, 1.01, 1.99, 1.93, 0.0], [2, 1, 2, 2, 0])
Episode: 109; Score: -2.9475396564230323; Action: ([2.0, 0.99, 0.0, 1.01, 0.06], [2, 1, 0, 1, 0])
Episode: 110; Score: -4.983182107098401; Action: ([0.98, 0.98, 0.99, 1.02, 0.06], [1, 1, 1, 1, 0])
Episode: 111; Score: -6.877841867506504; Action: ([0.02, 0.96, 2.0, 1.94, 1.96], [0, 1, 2, 2, 2])
Episode: 112; Score: -2.941812123171985; Action: ([2.0, 0.99, 1.07, 1.98, 0.02], [2, 1, 1, 2, 0])
Episode: 113; Score: -1.9419115483760834; Action: ([2.0, 0.96, 0.0, 1.1, 2.0], [2, 1, 0, 1, 2])
Episode: 114; Score: -3.093390069901943; Action: ([1.92, 1.05, 0.0, 2.0, 0.03], [2, 1, 0, 2, 0])
Episode: 115; Score: -3.0897473357617855; Action: ([0.01, 1.06, 1.98, 2.0, 0.99], [0, 1, 2, 2, 1])
Episode: 116; Score: -1.216461692005396; Action: ([0.92, 0.98, 1.01, 2.0, 1.89], [1, 1, 1, 2, 2])
Episode: 117; Score: -3.079643617849797; Action: ([0.92, 0.0, 0.0, 0.0, 1.0], [1, 0, 0, 0, 1])
Episode: 118; Score: -3.0775684602558613; Action: ([0.0, 0.96, 1.03, 1.93, 2.0], [0, 1, 1, 2, 2])
Episode: 119; Score: -3.972784426063299; Action: ([1.99, 1.03, 0.03, 1.98, 2.0], [2, 1, 0, 2, 2])
Episode: 120; Score: -2.0932993423193693; Action: ([2.0, 0.0, 0.98, 1.95, 0.97], [2, 0, 1, 2, 1])
Episode: 121; Score: -2.079813189804554; Action: ([2.0, 0.0, 0.98, 1.94, 2.0], [2, 0, 1, 2, 2])
Episode: 122; Score: -7.102259874343872; Action: ([2.0, 1.08, 2.0, 1.99, 0.04], [2, 1, 2, 2, 0])
Episode: 123; Score: -7.996003268286586; Action: ([1.92, 0.98, 1.09, 2.0, 2.0], [2, 1, 1, 2, 2])
Episode: 124; Score: -3.2467537940246984; Action: ([0.82, 1.0, 0.98, 1.0, 0.96], [1, 1, 1, 1, 1])
Episode: 125; Score: -2.107585396617651; Action: ([1.97, 1.03, 1.07, 2.0, 0.96], [2, 1, 1, 2, 1])
Episode: 126; Score: -2.037540115736192; Action: ([0.02, 1.01, 1.0, 0.0, 0.0], [0, 1, 1, 0, 0])
Episode: 127; Score: -4.921639154665172; Action: ([1.99, 1.0, 0.98, 0.09, 0.01], [2, 1, 1, 0, 0])
Episode: 128; Score: -4.116667002439499; Action: ([0.0, 0.01, 0.88, 2.0, 2.0], [0, 0, 1, 2, 2])
Episode: 129; Score: -5.942411847412586; Action: ([0.0, 0.94, 1.03, 2.0, 1.97], [0, 1, 1, 2, 2])
Episode: 130; Score: -2.191140426788479; Action: ([0.0, 0.93, 0.89, 0.99, 2.0], [0, 1, 1, 1, 2])
Episode: 131; Score: -4.009554635733366; Action: ([1.03, 0.96, 0.06, 1.95, 0.0], [1, 1, 0, 2, 0])
Episode: 132; Score: -5.85453898832202; Action: ([1.93, 1.05, 0.88, 2.0, 0.0], [2, 1, 1, 2, 0])
Episode: 133; Score: -3.004255536943674; Action: ([0.02, 1.03, 0.01, 2.0, 2.0], [0, 1, 0, 2, 2])
Episode: 134; Score: -5.032744970172644; Action: ([2.0, 0.05, 1.02, 0.0, 1.96], [2, 0, 1, 0, 2])
Episode: 135; Score: -2.912251515313983; Action: ([1.02, 0.0, 0.07, 2.0, 2.0], [1, 0, 0, 2, 2])
Episode: 136; Score: -2.168354533612728; Action: ([2.0, 1.08, 0.92, 1.99, 0.0], [2, 1, 1, 2, 0])
Episode: 137; Score: -2.0112061894033104; Action: ([2.0, 1.0, 0.0, 2.0, 1.99], [2, 1, 0, 2, 2])
Episode: 138; Score: -5.076720849145204; Action: ([0.02, 1.06, 0.97, 0.99, 1.0], [0, 1, 1, 1, 1])
Episode: 139; Score: -2.0373982451856136; Action: ([1.06, 0.96, 0.0, 1.96, 1.98], [1, 1, 0, 2, 2])
Episode: 140; Score: -3.105724820867181; Action: ([1.09, 0.95, 0.92, 0.96, 0.98], [1, 1, 1, 1, 1])
Episode: 141; Score: -5.797762772068381; Action: ([1.9, 0.97, 0.93, 0.0, 2.0], [2, 1, 1, 0, 2])
Episode: 142; Score: -4.087567895650864; Action: ([1.1, 1.06, 0.97, 0.95, 0.0], [1, 1, 1, 1, 0])
Episode: 143; Score: -2.9993924777954817; Action: ([1.02, 1.07, 1.03, 2.0, 0.07], [1, 1, 1, 2, 0])
Episode: 144; Score: -2.123863475397229; Action: ([2.0, 1.02, 0.94, 1.04, 2.0], [2, 1, 1, 1, 2])
Episode: 145; Score: -7.070310274721123; Action: ([1.92, 1.12, 1.03, 2.0, 1.0], [2, 1, 1, 2, 1])
Episode: 146; Score: -8.015060923062265; Action: ([0.99, 1.02, 2.0, 2.0, 2.0], [1, 1, 2, 2, 2])
Episode: 147; Score: -4.99179775826633; Action: ([0.08, 0.98, 1.08, 0.0, 1.03], [0, 1, 1, 0, 1])
Episode: 148; Score: -7.085756041109562; Action: ([2.0, 1.05, 1.04, 1.04, 1.96], [2, 1, 1, 1, 2])
Episode: 149; Score: -4.949002184905112; Action: ([0.94, 1.0, 1.06, 1.94, 0.0], [1, 1, 1, 2, 0])
Episode: 150; Score: -3.9810734894126654; Action: ([2.0, 0.98, 0.02, 1.99, 1.99], [2, 1, 0, 2, 2])
Episode: 151; Score: -7.88804923533462; Action: ([1.94, 0.98, 1.0, 1.96, 2.0], [2, 1, 1, 2, 2])
Episode: 152; Score: -7.82366144657135; Action: ([1.94, 0.03, 1.91, 2.0, 1.95], [2, 0, 2, 2, 2])
Episode: 153; Score: -2.0350404176861048; Action: ([1.03, 1.03, 0.11, 0.88, 1.95], [1, 1, 0, 1, 2])
Episode: 154; Score: -3.0710448366589844; Action: ([1.0, 1.02, 0.0, 2.0, 1.95], [1, 1, 0, 2, 2])
Episode: 155; Score: -2.9974208045750856; Action: ([0.0, 0.08, 0.05, 1.02, 1.11], [0, 0, 0, 1, 1])
Episode: 156; Score: -2.1036901026964188; Action: ([2.0, 1.1, 2.0, 0.0, 2.0], [2, 1, 2, 0, 2])
Episode: 157; Score: -3.9477103240787983; Action: ([1.9, 0.95, 0.0, 0.0, 2.0], [2, 1, 0, 0, 2])
Episode: 158; Score: -3.1558196768164635; Action: ([0.94, 0.94, 0.03, 1.93, 2.0], [1, 1, 0, 2, 2])
Episode: 159; Score: -5.009339239448309; Action: ([1.03, 0.97, 1.99, 0.0, 0.0], [1, 1, 2, 0, 0])
Episode: 160; Score: -4.0794382356107235; Action: ([1.97, 0.05, 0.95, 0.02, 0.93], [2, 0, 1, 0, 1])
Episode: 161; Score: -3.0582386758178473; Action: ([1.03, 0.93, 1.98, 1.98, 0.0], [1, 1, 2, 2, 0])
Episode: 162; Score: -0.10645899549126625; Action: ([1.99, 1.02, 0.95, 2.0, 1.98], [2, 1, 1, 2, 2])
Episode: 163; Score: -2.0663390029221773; Action: ([1.02, 0.94, 2.0, 1.99, 1.98], [1, 1, 2, 2, 2])
Episode: 164; Score: -1.061438591685146; Action: ([1.99, 0.99, 1.98, 1.98, 1.0], [2, 1, 2, 2, 1])
Episode: 165; Score: -2.9459026344120502; Action: ([0.04, 0.93, 0.99, 1.91, 2.0], [0, 1, 1, 2, 2])
Episode: 166; Score: -4.062441252171993; Action: ([1.1, 1.01, 0.0, 0.92, 1.04], [1, 1, 0, 1, 1])
Episode: 167; Score: -2.0884231962263584; Action: ([1.93, 0.98, 0.02, 2.0, 1.98], [2, 1, 0, 2, 2])
Episode: 168; Score: -3.0324525609612465; Action: ([1.93, 0.0, 2.0, 1.09, 1.95], [2, 0, 2, 1, 2])
Episode: 169; Score: -6.810426286421716; Action: ([0.96, 1.01, 2.0, 1.91, 0.93], [1, 1, 2, 2, 1])
Episode: 170; Score: -2.0344835893483832; Action: ([1.01, 0.94, 1.0, 1.02, 2.0], [1, 1, 1, 1, 2])
Episode: 171; Score: -4.877854365971871; Action: ([1.0, 0.98, 0.93, 0.0, 1.97], [1, 1, 1, 0, 2])
Episode: 172; Score: -2.9859062917530537; Action: ([0.0, 1.02, 1.04, 1.99, 2.0], [0, 1, 1, 2, 2])
Episode: 173; Score: -3.0787364654242992; Action: ([2.0, 1.06, 1.02, 0.02, 0.98], [2, 1, 1, 0, 1])
Episode: 174; Score: -3.027589323464781; Action: ([2.0, 0.0, 0.0, 1.0, 0.03], [2, 0, 0, 1, 0])
Episode: 175; Score: -1.115944575984031; Action: ([0.98, 0.99, 1.94, 2.0, 1.98], [1, 1, 2, 2, 2])
Episode: 176; Score: -2.9425213332287967; Action: ([0.04, 0.0, 1.0, 0.99, 1.96], [0, 0, 1, 1, 2])
Episode: 177; Score: -2.9609107673168182; Action: ([1.99, 0.97, 1.97, 1.0, 1.05], [2, 1, 2, 1, 1])
Episode: 178; Score: -2.098908456042409; Action: ([2.0, 0.97, 0.0, 0.96, 0.98], [2, 1, 0, 1, 1])
Episode: 179; Score: -2.021011581644416; Action: ([1.03, 0.99, 1.98, 1.96, 1.02], [1, 1, 2, 2, 1])
Episode: 180; Score: -4.796368904411793; Action: ([0.07, 0.0, 0.1, 2.0, 1.04], [0, 0, 0, 2, 1])
Episode: 181; Score: -4.037851931527257; Action: ([0.0, 1.03, 0.98, 0.02, 2.0], [0, 1, 1, 0, 2])
Episode: 182; Score: -4.931401770794764; Action: ([0.97, 1.0, 2.0, 0.11, 0.99], [1, 1, 2, 0, 1])
Episode: 183; Score: -2.8799564158543944; Action: ([1.97, 0.99, 1.95, 0.06, 1.01], [2, 1, 2, 0, 1])
Episode: 184; Score: -4.020048081874847; Action: ([2.0, 0.0, 2.0, 0.03, 1.95], [2, 0, 2, 0, 2])
Episode: 185; Score: -4.107415329664946; Action: ([0.96, 0.96, 0.0, 1.05, 1.92], [1, 1, 0, 1, 2])
Episode: 186; Score: -1.113847336731851; Action: ([1.0, 1.03, 1.07, 2.0, 1.99], [1, 1, 1, 2, 2])
Episode: 187; Score: -1.1681642308831215; Action: ([1.93, 0.88, 0.98, 1.08, 0.99], [2, 1, 1, 1, 1])
Episode: 188; Score: -4.002404130995274; Action: ([0.0, 1.01, 0.99, 2.0, 0.0], [0, 1, 1, 2, 0])
Episode: 189; Score: -2.0796114029362798; Action: ([2.0, 1.04, 1.01, 0.96, 2.0], [2, 1, 1, 1, 2])
Episode: 190; Score: -8.003853492438793; Action: ([1.98, 0.98, 1.05, 2.0, 2.0], [2, 1, 1, 2, 2])
Episode: 191; Score: -2.982375007122755; Action: ([2.0, 1.01, 0.04, 0.0, 1.99], [2, 1, 0, 0, 2])
Episode: 192; Score: -3.2271715635433793; Action: ([1.94, 0.99, 0.96, 0.0, 1.89], [2, 1, 1, 0, 2])
Episode: 193; Score: -1.2242862433195114; Action: ([2.0, 0.88, 0.94, 1.98, 1.98], [2, 1, 1, 2, 2])
Episode: 194; Score: -2.868599115870893; Action: ([0.98, 0.0, 1.92, 0.08, 0.99], [1, 0, 2, 0, 1])
Episode: 195; Score: -2.0927944350987673; Action: ([2.0, 0.98, 0.97, 1.03, 1.94], [2, 1, 1, 1, 2])
Episode: 196; Score: -2.9205836071632802; Action: ([2.0, 0.04, 2.0, 1.0, 1.04], [2, 0, 2, 1, 1])
Episode: 197; Score: -0.15769916772842407; Action: ([2.0, 1.1, 2.0, 1.98, 1.96], [2, 1, 2, 2, 2])
Episode: 198; Score: -4.097467213869095; Action: ([1.93, 1.04, 0.0, 0.06, 0.95], [2, 1, 0, 0, 1])
Episode: 199; Score: -2.116822723299265; Action: ([1.96, 1.02, 1.05, 1.99, 0.0], [2, 1, 1, 2, 0])
Episode: 200; Score: -6.0713782585226; Action: ([0.0, 0.99, 1.0, 0.0, 0.93], [0, 1, 1, 0, 1])
Episode: 201; Score: -4.065171202644706; Action: ([0.08, 0.95, 2.0, 0.98, 0.92], [0, 1, 2, 1, 1])
Episode: 202; Score: -5.9545284658670425; Action: ([0.96, 0.01, 1.04, 1.94, 2.0], [1, 0, 1, 2, 2])
Episode: 203; Score: -1.1317287795245647; Action: ([0.98, 0.98, 1.05, 2.0, 0.97], [1, 1, 1, 2, 1])
Episode: 204; Score: -4.009287923574448; Action: ([1.94, 0.0, 1.05, 2.0, 0.0], [2, 0, 1, 2, 0])
Episode: 205; Score: -3.0120561122894287; Action: ([0.07, 1.02, 1.02, 2.0, 0.95], [0, 1, 1, 2, 1])
Episode: 206; Score: -3.0025266259908676; Action: ([0.96, 0.96, 0.03, 1.96, 2.0], [1, 1, 0, 2, 2])
Episode: 207; Score: -2.0989605635404587; Action: ([0.0, 1.03, 0.0, 1.05, 0.02], [0, 1, 0, 1, 0])
Episode: 208; Score: -2.954961508512497; Action: ([0.95, 1.06, 1.94, 2.0, 1.1], [1, 1, 2, 2, 1])
Episode: 209; Score: -2.950225641950965; Action: ([1.09, 0.98, 2.0, 0.98, 2.0], [1, 1, 2, 1, 2])
Episode: 210; Score: -2.9524873793125153; Action: ([0.14, 0.04, 0.93, 2.0, 0.93], [0, 0, 1, 2, 1])
Episode: 211; Score: -1.1118419840931892; Action: ([2.0, 1.07, 2.0, 1.96, 2.0], [2, 1, 2, 2, 2])
Episode: 212; Score: -4.037284839898348; Action: ([0.96, 0.98, 0.05, 0.05, 2.0], [1, 1, 0, 0, 2])
Episode: 213; Score: -8.002848187461495; Action: ([2.0, 0.98, 1.97, 2.0, 1.05], [2, 1, 2, 2, 1])
Episode: 214; Score: -3.7967652827501297; Action: ([0.05, 1.05, 0.08, 1.93, 0.06], [0, 1, 0, 2, 0])
Episode: 215; Score: -7.854930222034454; Action: ([2.0, 0.0, 1.99, 1.92, 1.95], [2, 0, 2, 2, 2])
Episode: 216; Score: -5.868363071233034; Action: ([1.01, 0.89, 0.97, 0.99, 2.0], [1, 1, 1, 1, 2])
Episode: 217; Score: -4.143276106566191; Action: ([0.91, 0.98, 0.0, 1.99, 0.98], [1, 1, 0, 2, 1])
Episode: 218; Score: -3.1929542869329453; Action: ([1.92, 1.09, 0.98, 2.0, 0.0], [2, 1, 1, 2, 0])
Episode: 219; Score: -5.048669211566448; Action: ([1.0, 0.0, 2.0, 1.95, 0.0], [1, 0, 2, 2, 0])
Episode: 220; Score: -2.0566372582688928; Action: ([0.97, 0.99, 0.97, 2.0, 1.01], [1, 1, 1, 2, 1])
Episode: 221; Score: -4.937865984160453; Action: ([0.04, 0.96, 1.0, 2.0, 0.93], [0, 1, 1, 2, 1])
Episode: 222; Score: -3.0800155997276306; Action: ([0.92, 0.0, 1.07, 1.06, 2.0], [1, 0, 1, 1, 2])
Episode: 223; Score: -5.873957560048439; Action: ([0.97, 1.01, 1.0, 0.96, 1.94], [1, 1, 1, 1, 2])
Episode: 224; Score: -2.859800352016464; Action: ([1.97, 1.0, 0.98, 1.96, 1.91], [2, 1, 1, 2, 2])
Episode: 225; Score: -3.8204182870686054; Action: ([0.01, 0.98, 0.04, 1.92, 1.93], [0, 1, 0, 2, 2])
Episode: 226; Score: -2.1514307875186205; Action: ([2.0, 1.07, 0.91, 0.97, 0.04], [2, 1, 1, 1, 0])
Episode: 227; Score: -1.9687749445438385; Action: ([2.0, 0.99, 0.08, 0.97, 1.99], [2, 1, 0, 1, 2])
Episode: 228; Score: -3.827138312160969; Action: ([1.07, 0.01, 0.0, 1.1, 2.0], [1, 0, 0, 1, 2])
Episode: 229; Score: -3.0662350431084633; Action: ([0.01, 0.95, 0.97, 2.0, 2.0], [0, 1, 1, 2, 2])
Episode: 230; Score: -3.0920459143817425; Action: ([0.04, 0.03, 0.08, 1.91, 1.03], [0, 0, 0, 2, 1])
Episode: 231; Score: -7.799956819042563; Action: ([2.0, 0.93, 0.97, 1.9, 2.0], [2, 1, 1, 2, 2])
Episode: 232; Score: -3.9426467902958393; Action: ([1.06, 1.03, 0.0, 1.94, 0.09], [1, 1, 0, 2, 0])
Episode: 233; Score: -2.11906205303967; Action: ([1.96, 1.04, 0.0, 1.95, 1.01], [2, 1, 0, 2, 1])
Episode: 234; Score: -5.189171835780144; Action: ([2.0, 1.07, 0.11, 0.0, 2.0], [2, 1, 0, 0, 2])
Episode: 235; Score: -6.99638981372118; Action: ([0.02, 0.0, 1.07, 0.06, 0.0], [0, 0, 1, 0, 0])
Episode: 236; Score: -3.9566713124513626; Action: ([1.95, 0.03, 0.92, 0.04, 0.0], [2, 0, 1, 0, 0])
Episode: 237; Score: -2.9251257781870663; Action: ([0.99, 1.0, 0.93, 0.0, 0.0], [1, 1, 1, 0, 0])
Episode: 238; Score: -4.987697442993522; Action: ([2.0, 1.01, 0.0, 1.06, 0.92], [2, 1, 0, 1, 1])
Episode: 239; Score: -3.945452332496643; Action: ([2.0, 0.0, 0.0, 2.0, 0.05], [2, 0, 0, 2, 0])
Episode: 240; Score: -4.038932025432587; Action: ([1.97, 0.93, 0.0, 2.0, 2.0], [2, 1, 0, 2, 2])
Episode: 241; Score: -3.08309917524457; Action: ([0.98, 1.08, 0.0, 1.99, 0.0], [1, 1, 0, 2, 0])
Episode: 242; Score: -5.023238588124514; Action: ([0.0, 0.98, 2.0, 0.0, 2.0], [0, 1, 2, 0, 2])
Episode: 243; Score: -3.057374408468604; Action: ([0.92, 0.97, 0.0, 2.0, 1.95], [1, 1, 0, 2, 2])
Episode: 244; Score: -2.081683884607628; Action: ([1.93, 1.02, 1.0, 0.02, 1.98], [2, 1, 1, 0, 2])
Episode: 245; Score: -4.9425226747989655; Action: ([0.0, 0.94, 2.0, 2.0, 0.01], [0, 1, 2, 2, 0])
Episode: 246; Score: -7.982247686944902; Action: ([2.0, 1.01, 2.0, 0.97, 2.0], [2, 1, 2, 1, 2])
Episode: 247; Score: -3.9790638852864504; Action: ([0.0, 1.03, 1.02, 1.04, 1.99], [0, 1, 1, 1, 2])
Episode: 248; Score: -4.008429069072008; Action: ([0.0, 0.0, 0.0, 0.0, 1.01], [0, 0, 0, 0, 1])
Episode: 249; Score: -6.116880219429731; Action: ([0.0, 1.05, 1.06, 2.0, 2.0], [0, 1, 1, 2, 2])
Episode: 250; Score: -7.001763466745615; Action: ([0.0, 1.02, 2.0, 2.0, 1.98], [0, 1, 2, 2, 2])
Episode: 251; Score: -3.9747829027473927; Action: ([2.0, 1.05, 0.08, 2.0, 2.0], [2, 1, 0, 2, 2])
Episode: 252; Score: -3.996065851300955; Action: ([2.0, 0.96, 0.0, 0.0, 1.04], [2, 1, 0, 0, 1])
Episode: 253; Score: -3.9958287496119738; Action: ([1.99, 0.0, 2.0, 2.0, 0.99], [2, 0, 2, 2, 1])
Episode: 254; Score: -2.0885405843146145; Action: ([0.0, 1.06, 0.99, 0.0, 0.97], [0, 1, 1, 0, 1])
Episode: 255; Score: -3.84152390062809; Action: ([1.92, 1.03, 0.0, 0.02, 0.09], [2, 1, 0, 0, 0])
Episode: 256; Score: -2.971948040649295; Action: ([1.98, 0.09, 1.06, 0.0, 0.98], [2, 0, 1, 0, 1])
Episode: 257; Score: -5.074209959479049; Action: ([1.95, 1.0, 0.95, 0.04, 0.0], [2, 1, 1, 0, 0])
Episode: 258; Score: -3.0829031094908714; Action: ([1.99, 0.94, 1.03, 1.96, 0.0], [2, 1, 1, 2, 0])
Episode: 259; Score: -3.9936375906690955; Action: ([1.02, 1.05, 0.99, 0.05, 2.0], [1, 1, 1, 0, 2])
Episode: 260; Score: -3.005407893564552; Action: ([2.0, 1.02, 1.0, 0.95, 1.06], [2, 1, 1, 1, 1])
Episode: 261; Score: -4.876501582562923; Action: ([2.0, 0.96, 2.0, 0.07, 0.1], [2, 1, 2, 0, 0])
Episode: 262; Score: -5.0101389437913895; Action: ([2.0, 1.08, 0.07, 0.0, 0.0], [2, 1, 0, 0, 0])
Episode: 263; Score: -2.0681613041087985; Action: ([2.0, 1.07, 1.02, 1.01, 1.97], [2, 1, 1, 1, 2])
Episode: 264; Score: -3.1274545872583985; Action: ([1.01, 0.92, 1.05, 2.0, 0.0], [1, 1, 1, 2, 0])
Episode: 265; Score: -2.9896632665768266; Action: ([2.0, 0.99, 0.94, 2.0, 0.09], [2, 1, 1, 2, 0])
Episode: 266; Score: -3.0447450894862413; Action: ([0.94, 1.03, 1.02, 1.04, 1.99], [1, 1, 1, 1, 2])
Episode: 267; Score: -3.0106358947232366; Action: ([1.98, 0.0, 1.06, 1.95, 0.99], [2, 0, 1, 2, 1])
Episode: 268; Score: -4.97216675337404; Action: ([0.08, 1.06, 2.0, 0.0, 1.01], [0, 1, 2, 0, 1])
Episode: 269; Score: -2.1640020459890366; Action: ([0.03, 0.98, 1.04, 1.94, 1.93], [0, 1, 1, 2, 2])
Episode: 270; Score: -2.13858637586236; Action: ([0.02, 1.04, 0.98, 1.93, 1.96], [0, 1, 1, 2, 2])
Episode: 271; Score: -3.060291573405266; Action: ([0.02, 0.06, 0.0, 1.96, 1.02], [0, 0, 0, 2, 1])
Episode: 272; Score: -3.0208204463124275; Action: ([0.04, 1.02, 0.96, 0.0, 2.0], [0, 1, 1, 0, 2])
Episode: 273; Score: -2.1202919725328684; Action: ([0.99, 0.97, 0.94, 1.96, 1.03], [1, 1, 1, 2, 1])
Episode: 274; Score: -3.982443337328732; Action: ([1.01, 0.0, 0.99, 1.02, 2.0], [1, 0, 1, 1, 2])
Episode: 275; Score: -3.0509662507101893; Action: ([2.0, 1.05, 1.0, 2.0, 2.0], [2, 1, 1, 2, 2])
Episode: 276; Score: -3.244334865361452; Action: ([1.99, 0.0, 1.11, 0.94, 0.94], [2, 0, 1, 1, 1])
Episode: 277; Score: -4.964906752109528; Action: ([2.0, 0.0, 2.0, 1.96, 2.0], [2, 0, 2, 2, 2])
Episode: 278; Score: -3.094484493136406; Action: ([2.0, 0.95, 0.95, 2.0, 2.0], [2, 1, 1, 2, 2])
Episode: 279; Score: -8.017279826104641; Action: ([1.08, 0.96, 2.0, 2.0, 1.98], [1, 1, 2, 2, 2])
Episode: 280; Score: -5.972785972058773; Action: ([2.0, 0.97, 1.02, 0.02, 1.96], [2, 1, 1, 0, 2])
Episode: 281; Score: -4.956047095358372; Action: ([0.08, 0.97, 2.0, 2.0, 0.0], [0, 1, 2, 2, 0])
Episode: 282; Score: -2.0599099416285753; Action: ([1.96, 0.0, 2.0, 0.98, 2.0], [2, 0, 2, 1, 2])
Episode: 283; Score: -3.0419759079813957; Action: ([1.95, 0.94, 0.0, 1.96, 0.11], [2, 1, 0, 2, 0])
Episode: 284; Score: -3.1574408933520317; Action: ([0.0, 0.91, 0.02, 1.91, 2.0], [0, 1, 0, 2, 2])
Episode: 285; Score: -6.855160150676966; Action: ([2.0, 0.0, 0.97, 1.94, 1.94], [2, 0, 1, 2, 2])
Episode: 286; Score: -2.0268531441688538; Action: ([1.97, 0.0, 2.0, 2.0, 2.0], [2, 0, 2, 2, 2])
Episode: 287; Score: -4.083546079695225; Action: ([1.03, 0.1, 0.0, 0.96, 2.0], [1, 0, 0, 1, 2])
Episode: 288; Score: -4.03210985660553; Action: ([0.0, 0.06, 2.0, 1.95, 1.96], [0, 0, 2, 2, 2])
Episode: 289; Score: -5.963985150679946; Action: ([0.0, 0.99, 0.98, 2.0, 2.0], [0, 1, 1, 2, 2])
Episode: 290; Score: -3.184125103056431; Action: ([2.0, 0.9, 1.95, 0.96, 0.0], [2, 1, 2, 1, 0])
Episode: 291; Score: -4.9278252720832825; Action: ([1.97, 0.0, 2.0, 1.98, 1.97], [2, 0, 2, 2, 2])
Episode: 292; Score: -5.014703743159771; Action: ([2.0, 0.98, 0.0, 0.94, 0.07], [2, 1, 0, 1, 0])
Episode: 293; Score: -6.823480188846588; Action: ([0.1, 0.0, 0.0, 2.0, 0.08], [0, 0, 0, 2, 0])
Episode: 294; Score: -3.066611722111702; Action: ([0.96, 0.0, 0.94, 1.04, 2.0], [1, 0, 1, 1, 2])
Episode: 295; Score: -2.80177171388641; Action: ([1.99, 0.08, 1.01, 1.07, 1.07], [2, 0, 1, 1, 1])
Episode: 296; Score: -4.078194989531767; Action: ([0.0, 1.0, 1.0, 2.0, 0.92], [0, 1, 1, 2, 1])
Episode: 297; Score: -4.197033334523439; Action: ([2.0, 1.1, 0.98, 0.04, 0.89], [2, 1, 1, 0, 1])
Episode: 298; Score: -2.9560713972896338; Action: ([0.07, 0.98, 0.0, 2.0, 2.0], [0, 1, 0, 2, 2])
Episode: 299; Score: -5.0346517115831375; Action: ([0.1, 1.05, 0.91, 0.01, 2.0], [0, 1, 1, 0, 2])
Episode: 300; Score: -2.1946214474737644; Action: ([0.04, 0.95, 1.06, 1.98, 1.89], [0, 1, 1, 2, 2])
Episode: 301; Score: -5.9695183001458645; Action: ([0.0, 0.0, 2.0, 1.03, 0.0], [0, 0, 2, 1, 0])
Episode: 302; Score: -5.023500446230173; Action: ([2.0, 1.03, 0.03, 1.96, 0.0], [2, 1, 0, 2, 0])
Episode: 303; Score: -1.947782427072525; Action: ([1.03, 0.03, 1.02, 2.0, 2.0], [1, 0, 1, 2, 2])
Episode: 304; Score: -2.9825579579919577; Action: ([1.96, 1.02, 0.0, 1.96, 0.95], [2, 1, 0, 2, 1])
Episode: 305; Score: -2.0542371571063995; Action: ([2.0, 1.02, 1.02, 0.95, 1.96], [2, 1, 1, 1, 2])
Episode: 306; Score: -4.005892515182495; Action: ([1.99, 1.02, 0.0, 0.0, 2.0], [2, 1, 0, 0, 2])
Episode: 307; Score: -4.000917709432542; Action: ([1.0, 1.06, 0.06, 1.03, 0.97], [1, 1, 0, 1, 1])
Episode: 308; Score: -6.96781381033361; Action: ([1.98, 1.02, 0.94, 2.0, 1.03], [2, 1, 1, 2, 1])
Episode: 309; Score: -7.019319954444654; Action: ([1.0, 1.06, 0.99, 1.98, 2.0], [1, 1, 1, 2, 2])
Episode: 310; Score: -3.982152670621872; Action: ([0.0, 1.01, 0.03, 2.0, 2.0], [0, 1, 0, 2, 2])
Episode: 311; Score: -4.004260465502739; Action: ([1.0, 0.0, 1.03, 1.99, 0.04], [1, 0, 1, 2, 0])
Episode: 312; Score: -5.018887783400714; Action: ([0.99, 0.97, 2.0, 0.0, 1.06], [1, 1, 2, 0, 1])
Episode: 313; Score: -3.0274458341300488; Action: ([2.0, 0.97, 2.0, 0.01, 2.0], [2, 1, 2, 0, 2])
Episode: 314; Score: -2.059618162922561; Action: ([2.0, 0.98, 0.02, 1.94, 1.99], [2, 1, 0, 2, 2])
Episode: 315; Score: -3.045988142490387; Action: ([2.0, 1.03, 2.0, 1.03, 1.99], [2, 1, 2, 1, 2])
Episode: 316; Score: -1.9890841487795115; Action: ([0.99, 1.07, 1.91, 2.0, 2.0], [1, 1, 2, 2, 2])
Episode: 317; Score: -2.2743529491126537; Action: ([0.96, 0.99, 0.9, 1.92, 1.96], [1, 1, 1, 2, 2])
Episode: 318; Score: -2.074053905904293; Action: ([1.94, 1.02, 0.0, 1.02, 0.91], [2, 1, 0, 1, 1])
Episode: 319; Score: -2.0884075462818146; Action: ([2.0, 0.05, 0.93, 1.93, 2.0], [2, 0, 1, 2, 2])
Episode: 320; Score: -3.0145750250667334; Action: ([1.1, 0.99, 2.0, 1.99, 0.09], [1, 1, 2, 2, 0])
Episode: 321; Score: -6.019874783698469; Action: ([1.02, 1.0, 0.0, 2.0, 2.0], [1, 1, 0, 2, 2])
Episode: 322; Score: -5.201336652971804; Action: ([1.05, 1.06, 0.09, 2.0, 1.0], [1, 1, 0, 2, 1])
Episode: 323; Score: -5.085076126502827; Action: ([2.0, 0.98, 1.05, 0.05, 1.0], [2, 1, 1, 0, 1])
Episode: 324; Score: -2.9531881511211395; Action: ([1.88, 1.16, 0.11, 2.0, 1.03], [2, 1, 0, 2, 1])
Episode: 325; Score: -2.9871361423283815; Action: ([1.99, 0.98, 1.04, 0.0, 2.0], [2, 1, 1, 0, 2])
Episode: 326; Score: -3.9280479475855827; Action: ([1.9, 0.93, 0.0, 0.04, 2.0], [2, 1, 0, 0, 2])
Episode: 327; Score: -2.854399759322405; Action: ([2.0, 0.0, 1.1, 2.0, 1.04], [2, 0, 1, 2, 1])
Episode: 328; Score: -3.0206050407141447; Action: ([0.93, 0.98, 0.04, 2.0, 1.03], [1, 1, 0, 2, 1])
Episode: 329; Score: -3.0899158492684364; Action: ([2.0, 0.98, 0.93, 0.0, 2.0], [2, 1, 1, 0, 2])
Episode: 330; Score: -4.003666922450066; Action: ([1.98, 0.97, 0.01, 2.0, 2.0], [2, 1, 0, 2, 2])
Episode: 331; Score: -3.117614857852459; Action: ([1.08, 0.03, 1.08, 0.0, 0.93], [1, 0, 1, 0, 1])
Episode: 332; Score: -7.760380636900663; Action: ([1.94, 0.95, 1.95, 0.92, 2.0], [2, 1, 2, 1, 2])
Episode: 333; Score: -4.111271885223687; Action: ([1.01, 1.1, 0.0, 0.0, 2.0], [1, 1, 0, 0, 2])
Episode: 334; Score: -3.8380035758018494; Action: ([0.0, 0.96, 0.9, 0.0, 1.98], [0, 1, 1, 0, 2])
Episode: 335; Score: -1.1460754685103893; Action: ([2.0, 0.9, 2.0, 0.96, 1.99], [2, 1, 2, 1, 2])
Episode: 336; Score: -4.013402756303549; Action: ([0.0, 0.98, 1.02, 2.0, 0.02], [0, 1, 1, 2, 0])
Episode: 337; Score: -2.9128148052841425; Action: ([1.96, 1.04, 1.01, 1.91, 2.0], [2, 1, 1, 2, 2])
Episode: 338; Score: -3.049232194200158; Action: ([0.06, 0.02, 0.01, 1.11, 1.02], [0, 0, 0, 1, 1])
Episode: 339; Score: -6.807721309829503; Action: ([0.1, 0.0, 0.0, 1.01, 0.09], [0, 0, 0, 1, 0])
Episode: 340; Score: -2.1036781035363674; Action: ([0.03, 1.02, 1.07, 2.0, 1.96], [0, 1, 1, 2, 2])
Episode: 341; Score: -5.969834305346012; Action: ([2.0, 1.04, 0.03, 0.96, 1.94], [2, 1, 0, 1, 2])
Episode: 342; Score: -3.0154814273118973; Action: ([1.95, 0.01, 0.0, 1.07, 1.96], [2, 0, 0, 1, 2])
Episode: 343; Score: -3.0386932529509068; Action: ([1.97, 0.97, 1.97, 0.04, 1.95], [2, 1, 2, 0, 2])
Episode: 344; Score: -4.035622391849756; Action: ([0.0, 0.0, 1.04, 2.0, 2.0], [0, 0, 1, 2, 2])
Episode: 345; Score: -5.806055659428239; Action: ([2.0, 0.97, 0.89, 1.95, 0.0], [2, 1, 1, 2, 0])
Episode: 346; Score: -5.877541936933994; Action: ([1.9, 1.02, 0.97, 1.02, 0.96], [2, 1, 1, 1, 1])
Episode: 347; Score: -3.101771594956517; Action: ([2.0, 0.9, 1.02, 2.0, 1.98], [2, 1, 1, 2, 2])
Episode: 348; Score: -3.871030522044748; Action: ([0.99, 0.02, 0.04, 2.0, 0.07], [1, 0, 0, 2, 0])
Episode: 349; Score: -4.038897870341316; Action: ([1.99, 0.01, 1.0, 0.0, 1.03], [2, 0, 1, 0, 1])
Episode: 350; Score: -6.929076079279184; Action: ([1.99, 0.97, 2.0, 0.0, 1.97], [2, 1, 2, 0, 2])
Episode: 351; Score: -1.0417982814833522; Action: ([2.0, 1.01, 0.99, 1.01, 1.96], [2, 1, 1, 1, 2])
Episode: 352; Score: -3.1298105008900166; Action: ([2.0, 0.88, 1.95, 2.0, 1.06], [2, 1, 2, 2, 1])
Episode: 353; Score: -4.918769810348749; Action: ([0.0, 0.98, 1.93, 2.0, 0.01], [0, 1, 2, 2, 0])
Episode: 354; Score: -1.154113907366991; Action: ([2.0, 0.95, 0.0, 1.96, 1.94], [2, 1, 0, 2, 2])
Episode: 355; Score: -5.0041309366934; Action: ([2.0, 1.0, 0.0, 0.0, 0.0], [2, 1, 0, 0, 0])
Episode: 356; Score: -2.0658096447587013; Action: ([2.0, 1.04, 2.0, 1.04, 1.93], [2, 1, 2, 1, 2])
Episode: 357; Score: -2.002361536026001; Action: ([2.0, 0.0, 1.94, 1.94, 2.0], [2, 0, 2, 2, 2])
Episode: 358; Score: -3.024961962364614; Action: ([1.95, 1.01, 1.95, 0.0, 1.98], [2, 1, 2, 0, 2])
Episode: 359; Score: -3.1152840554714203; Action: ([0.08, 0.07, 0.0, 1.95, 1.02], [0, 0, 0, 2, 1])
Episode: 360; Score: -3.0068274717777967; Action: ([2.0, 0.97, 0.02, 2.0, 0.0], [2, 1, 0, 2, 0])
Episode: 361; Score: -4.135284639894962; Action: ([0.98, 0.97, 1.98, 0.0, 0.93], [1, 1, 2, 0, 1])
Episode: 362; Score: -3.032517152838409; Action: ([1.95, 0.99, 0.0, 1.97, 1.05], [2, 1, 0, 2, 1])
Episode: 363; Score: -6.158366799354553; Action: ([2.0, 1.05, 1.03, 1.04, 1.03], [2, 1, 1, 1, 1])
Episode: 364; Score: -2.100602462887764; Action: ([2.0, 0.94, 1.94, 0.95, 0.94], [2, 1, 2, 1, 1])
Episode: 365; Score: -2.088305536657572; Action: ([1.97, 0.96, 0.93, 0.04, 2.0], [2, 1, 1, 0, 2])
Episode: 366; Score: -4.8649879433214664; Action: ([2.0, 1.03, 0.07, 0.09, 0.0], [2, 1, 0, 0, 0])
Episode: 367; Score: -6.0008757777977735; Action: ([0.0, 1.04, 2.0, 1.0, 1.96], [0, 1, 2, 1, 2])
Episode: 368; Score: -7.886082950979471; Action: ([2.0, 0.95, 1.04, 1.97, 1.92], [2, 1, 1, 2, 2])
Episode: 369; Score: -3.028003443032503; Action: ([1.98, 1.05, 0.04, 1.04, 2.0], [2, 1, 0, 1, 2])
Episode: 370; Score: -4.0935124307870865; Action: ([0.97, 0.91, 1.06, 1.02, 0.95], [1, 1, 1, 1, 1])
Episode: 371; Score: -3.915345661342144; Action: ([2.0, 1.03, 0.04, 1.93, 2.0], [2, 1, 0, 2, 2])
Episode: 372; Score: -3.879557266831398; Action: ([1.96, 0.0, 2.0, 0.99, 1.91], [2, 0, 2, 1, 2])
Episode: 373; Score: -2.0262763602659106; Action: ([1.97, 0.99, 0.98, 1.99, 0.96], [2, 1, 1, 2, 1])
Episode: 374; Score: -4.139888495672494; Action: ([0.99, 0.97, 0.0, 0.0, 1.9], [1, 1, 0, 0, 2])
Episode: 375; Score: -3.9509875774383545; Action: ([2.0, 0.0, 0.0, 1.95, 0.0], [2, 0, 0, 2, 0])
Episode: 376; Score: -4.881498850882053; Action: ([0.01, 0.93, 0.97, 0.97, 2.0], [0, 1, 1, 1, 2])
Episode: 377; Score: -3.9178100638091564; Action: ([0.97, 0.0, 1.03, 1.09, 2.0], [1, 0, 1, 1, 2])
Episode: 378; Score: -3.96172371506691; Action: ([1.95, 0.0, 1.04, 1.97, 2.0], [2, 0, 1, 2, 2])
Episode: 379; Score: -3.1616969779133797; Action: ([1.99, 1.07, 1.12, 0.02, 0.01], [2, 1, 1, 0, 0])
Episode: 380; Score: -4.059061139822006; Action: ([0.98, 0.04, 1.01, 2.0, 0.92], [1, 0, 1, 2, 1])
Episode: 381; Score: -1.1697136834263802; Action: ([2.0, 1.09, 0.0, 1.97, 1.96], [2, 1, 0, 2, 2])
Episode: 382; Score: -3.077979490160942; Action: ([2.0, 0.96, 2.0, 0.97, 2.0], [2, 1, 2, 1, 2])
Episode: 383; Score: -4.037083402276039; Action: ([0.07, 0.0, 0.89, 2.0, 2.0], [0, 0, 1, 2, 2])
Episode: 384; Score: -3.951870918273926; Action: ([2.0, 0.02, 0.06, 0.0, 1.97], [2, 0, 0, 0, 2])
Episode: 385; Score: -4.916715104132891; Action: ([0.0, 0.96, 0.93, 2.0, 1.03], [0, 1, 1, 2, 1])
Episode: 386; Score: -3.05886123329401; Action: ([1.91, 1.06, 1.09, 0.0, 2.0], [2, 1, 1, 0, 2])
Episode: 387; Score: -1.1733447290025651; Action: ([1.98, 1.0, 1.05, 2.0, 0.9], [2, 1, 1, 2, 1])
Episode: 388; Score: -2.0468964613974094; Action: ([2.0, 1.05, 0.0, 2.0, 2.0], [2, 1, 0, 2, 2])
Episode: 389; Score: -5.157704561948776; Action: ([0.0, 0.95, 0.93, 0.91, 1.05], [0, 1, 1, 1, 1])
Episode: 390; Score: -3.148824505507946; Action: ([0.91, 1.06, 2.0, 0.0, 0.0], [1, 1, 2, 0, 0])
Episode: 391; Score: -4.00373600050807; Action: ([1.04, 1.09, 0.06, 0.99, 2.0], [1, 1, 0, 1, 2])
Episode: 392; Score: -2.1433387771248817; Action: ([1.97, 0.92, 0.02, 2.0, 1.95], [2, 1, 0, 2, 2])
Episode: 393; Score: -4.018905401229858; Action: ([1.96, 0.03, 0.0, 0.0, 1.99], [2, 0, 0, 0, 2])
Episode: 394; Score: -5.873242964036763; Action: ([0.02, 1.01, 0.06, 0.0, 1.05], [0, 1, 0, 0, 1])
Episode: 395; Score: -4.9617675095796585; Action: ([1.97, 0.98, 0.96, 1.05, 0.0], [2, 1, 1, 1, 0])
Episode: 396; Score: -4.860903354361653; Action: ([0.01, 0.08, 1.05, 1.97, 1.03], [0, 0, 1, 2, 1])
Episode: 397; Score: -3.169746544212103; Action: ([0.0, 0.97, 0.96, 1.97, 1.93], [0, 1, 1, 2, 2])
Episode: 398; Score: -1.0171087477356195; Action: ([1.02, 0.98, 1.01, 2.0, 2.0], [1, 1, 1, 2, 2])
Episode: 399; Score: -3.9084799885749817; Action: ([1.97, 0.0, 1.92, 2.0, 0.03], [2, 0, 2, 2, 0])
Episode: 400; Score: -2.0381450206041336; Action: ([1.96, 0.04, 1.08, 1.96, 1.92], [2, 0, 1, 2, 2])
Episode: 401; Score: -3.9770851153880358; Action: ([0.01, 1.03, 2.0, 0.0, 1.96], [0, 1, 2, 0, 2])
Episode: 402; Score: -5.13485237210989; Action: ([0.0, 0.9, 0.0, 0.0, 1.97], [0, 1, 0, 0, 2])
Episode: 403; Score: -4.178184778429568; Action: ([1.12, 0.99, 1.06, 1.01, 0.0], [1, 1, 1, 1, 0])
Episode: 404; Score: -5.995880890637636; Action: ([1.06, 1.05, 0.0, 0.0, 0.0], [1, 1, 0, 0, 0])
Episode: 405; Score: -2.9637601375579834; Action: ([1.95, 0.99, 0.0, 1.03, 1.98], [2, 1, 0, 1, 2])
Episode: 406; Score: -1.1066758632659912; Action: ([2.0, 0.98, 1.06, 2.0, 0.97], [2, 1, 1, 2, 1])
Episode: 407; Score: -4.022729120217264; Action: ([1.0, 0.06, 0.03, 1.92, 1.0], [1, 0, 0, 2, 1])
Episode: 408; Score: -2.956069553270936; Action: ([2.0, 1.03, 0.98, 1.07, 1.03], [2, 1, 1, 1, 1])
Episode: 409; Score: -3.1024355366826057; Action: ([1.94, 0.96, 0.99, 0.05, 0.95], [2, 1, 1, 0, 1])
Episode: 410; Score: -1.0726756227668375; Action: ([0.98, 0.98, 1.03, 1.0, 0.0], [1, 1, 1, 1, 0])
Episode: 411; Score: -7.000709084793925; Action: ([1.02, 1.07, 1.97, 1.98, 0.96], [1, 1, 2, 2, 1])
Episode: 412; Score: -2.1020831912755966; Action: ([1.92, 0.97, 2.0, 1.04, 1.98], [2, 1, 2, 1, 2])
Episode: 413; Score: -2.948891654610634; Action: ([2.0, 0.0, 1.0, 0.08, 1.97], [2, 0, 1, 0, 2])
Episode: 414; Score: -0.8969831406138837; Action: ([1.95, 0.15, 1.01, 2.0, 2.0], [2, 0, 1, 2, 2])
Episode: 415; Score: -3.0179754830896854; Action: ([0.0, 0.99, 1.96, 2.0, 0.95], [0, 1, 2, 2, 1])
Episode: 416; Score: -2.977130863815546; Action: ([0.0, 1.05, 0.04, 0.91, 0.97], [0, 1, 0, 1, 1])
Episode: 417; Score: -2.050667941570282; Action: ([2.0, 0.95, 0.0, 2.0, 2.0], [2, 1, 0, 2, 2])
Episode: 418; Score: -5.934627957642078; Action: ([0.0, 0.06, 0.97, 0.03, 2.0], [0, 0, 1, 0, 2])
Episode: 419; Score: -2.1990309804677963; Action: ([1.06, 0.92, 2.0, 1.08, 0.02], [1, 1, 2, 1, 0])
Episode: 420; Score: -5.006736487150192; Action: ([0.0, 1.03, 0.0, 1.98, 1.99], [0, 1, 0, 2, 2])
Episode: 421; Score: -6.951297144405544; Action: ([1.98, 1.03, 0.99, 2.0, 0.96], [2, 1, 1, 2, 1])
Episode: 422; Score: -3.034389522857964; Action: ([1.97, 0.0, 0.99, 2.0, 0.0], [2, 0, 1, 2, 0])
Episode: 423; Score: -2.0040633696480654; Action: ([1.0, 1.0, 0.02, 2.0, 0.98], [1, 1, 0, 2, 1])
Episode: 424; Score: -3.3176064416766167; Action: ([2.0, 1.16, 0.92, 1.93, 0.0], [2, 1, 1, 2, 0])
Episode: 425; Score: -1.1041879411786795; Action: ([0.92, 0.94, 0.99, 0.98, 0.07], [1, 1, 1, 1, 0])
Episode: 426; Score: -3.9446186320856214; Action: ([1.99, 0.99, 1.94, 0.03, 0.98], [2, 1, 2, 0, 1])
Episode: 427; Score: -1.9795714430510998; Action: ([0.97, 0.05, 0.01, 0.0, 0.95], [1, 0, 0, 0, 1])
Episode: 428; Score: -0.08704863674938679; Action: ([1.98, 0.95, 0.99, 2.0, 1.98], [2, 1, 1, 2, 2])
Episode: 429; Score: -1.0928198816254735; Action: ([1.99, 0.01, 1.01, 1.95, 1.96], [2, 0, 1, 2, 2])
Episode: 430; Score: -3.9410120574757457; Action: ([2.0, 0.99, 1.06, 1.02, 0.0], [2, 1, 1, 1, 0])
Episode: 431; Score: -3.171228338032961; Action: ([1.01, 0.99, 1.08, 0.97, 0.94], [1, 1, 1, 1, 1])
Episode: 432; Score: -2.001151793752797; Action: ([2.0, 1.0, 2.0, 0.0, 2.0], [2, 1, 2, 0, 2])
Episode: 433; Score: -6.001996576786041; Action: ([0.0, 0.04, 2.0, 2.0, 1.96], [0, 0, 2, 2, 2])
Episode: 434; Score: -2.9768621008843184; Action: ([0.06, 1.03, 0.94, 1.05, 2.0], [0, 1, 1, 1, 2])
Episode: 435; Score: -3.124973702826537; Action: ([0.98, 1.04, 1.0, 0.0, 1.94], [1, 1, 1, 0, 2])
Episode: 436; Score: -2.950409171404317; Action: ([0.0, 1.0, 1.95, 2.0, 2.0], [0, 1, 2, 2, 2])
Episode: 437; Score: -2.0714488569647074; Action: ([1.03, 0.98, 0.98, 0.0, 0.0], [1, 1, 1, 0, 0])
Episode: 438; Score: -1.9954950474202633; Action: ([2.0, 0.0, 1.01, 2.0, 2.0], [2, 0, 1, 2, 2])
Episode: 439; Score: -4.874641295522451; Action: ([0.0, 0.91, 0.95, 2.0, 1.02], [0, 1, 1, 2, 1])
Episode: 440; Score: -4.939256686717272; Action: ([2.0, 0.96, 1.1, 0.0, 0.0], [2, 1, 1, 0, 0])
Episode: 441; Score: -0.04139414243400097; Action: ([2.0, 0.98, 0.98, 2.0, 2.0], [2, 1, 1, 2, 2])
Episode: 442; Score: -4.091896343976259; Action: ([2.0, 0.0, 1.08, 0.99, 0.0], [2, 0, 1, 1, 0])
Episode: 443; Score: -3.0560190584510565; Action: ([0.05, 0.98, 0.03, 1.99, 0.0], [0, 1, 0, 2, 0])
Episode: 444; Score: -2.0456068571656942; Action: ([1.97, 1.02, 1.03, 2.0, 0.97], [2, 1, 1, 2, 1])
Episode: 445; Score: -3.077136915177107; Action: ([1.04, 0.95, 1.05, 1.99, 0.0], [1, 1, 1, 2, 0])
Episode: 446; Score: -4.999246334657073; Action: ([0.99, 0.06, 0.99, 0.99, 1.97], [1, 0, 1, 1, 2])
Episode: 447; Score: -2.059481482952833; Action: ([2.0, 0.99, 1.02, 0.97, 2.0], [2, 1, 1, 1, 2])
Episode: 448; Score: -2.182238039560616; Action: ([2.0, 1.01, 0.02, 0.86, 1.95], [2, 1, 0, 1, 2])
Episode: 449; Score: -4.120989818125963; Action: ([0.0, 1.02, 0.0, 1.94, 1.96], [0, 1, 0, 2, 2])
Episode: 450; Score: -7.163262851536274; Action: ([2.0, 1.08, 2.0, 1.99, 0.09], [2, 1, 2, 2, 0])
Episode: 451; Score: -1.234592318534851; Action: ([0.91, 0.94, 1.05, 2.0, 1.96], [1, 1, 1, 2, 2])
Episode: 452; Score: -4.971460456028581; Action: ([0.0, 0.97, 0.97, 1.98, 1.04], [0, 1, 1, 2, 1])
Episode: 453; Score: -6.985870605800301; Action: ([1.01, 1.09, 0.97, 2.0, 1.92], [1, 1, 1, 2, 2])
Episode: 454; Score: -6.910282380878925; Action: ([0.97, 0.92, 2.0, 1.98, 1.04], [1, 1, 2, 2, 1])
Episode: 455; Score: -4.014508348423988; Action: ([1.02, 0.01, 1.0, 1.95, 0.01], [1, 0, 1, 2, 0])
Episode: 456; Score: -7.00030861934647; Action: ([0.0, 0.0, 1.0, 0.02, 0.98], [0, 0, 1, 0, 1])
Episode: 457; Score: -2.059535927895922; Action: ([0.0, 1.02, 1.06, 1.0, 1.98], [0, 1, 1, 1, 2])
Episode: 458; Score: -2.9120993211399764; Action: ([1.95, 1.0, 1.92, 2.0, 0.06], [2, 1, 2, 2, 0])
Episode: 459; Score: -5.051093073561788; Action: ([1.0, 1.08, 1.95, 0.04, 0.97], [1, 1, 2, 0, 1])
Episode: 460; Score: -1.117496419698; Action: ([1.01, 1.12, 1.99, 2.0, 2.0], [1, 1, 2, 2, 2])
Episode: 461; Score: -1.242685068398714; Action: ([0.85, 0.98, 0.95, 0.0, 0.98], [1, 1, 1, 0, 1])
Episode: 462; Score: -3.0129152899608016; Action: ([1.95, 0.99, 0.04, 0.01, 1.99], [2, 1, 0, 0, 2])
Episode: 463; Score: -1.120401200838387; Action: ([1.98, 1.05, 1.05, 2.0, 1.0], [2, 1, 1, 2, 1])
Episode: 464; Score: -2.1759093143045902; Action: ([1.96, 1.04, 0.91, 1.94, 0.06], [2, 1, 1, 2, 0])
Episode: 465; Score: -4.034083923324943; Action: ([2.0, 0.0, 0.97, 0.0, 2.0], [2, 0, 1, 0, 2])
Episode: 466; Score: -2.0040274569764733; Action: ([2.0, 1.01, 0.98, 1.03, 2.0], [2, 1, 1, 1, 2])
Episode: 467; Score: -1.9659070663619787; Action: ([0.0, 0.93, 0.04, 0.0, 1.0], [0, 1, 0, 0, 1])
Episode: 468; Score: -4.9731916366145015; Action: ([0.0, 0.99, 0.01, 1.97, 1.05], [0, 1, 0, 2, 1])
Episode: 469; Score: -3.9512413647025824; Action: ([0.0, 1.01, 1.06, 1.93, 1.08], [0, 1, 1, 2, 1])
Episode: 470; Score: -3.9548961855471134; Action: ([2.0, 1.02, 0.02, 1.99, 1.97], [2, 1, 0, 2, 2])
Episode: 471; Score: -2.136225137859583; Action: ([0.09, 1.06, 0.94, 1.92, 1.98], [0, 1, 1, 2, 2])
Episode: 472; Score: -3.0351136326789856; Action: ([0.0, 1.11, 1.06, 1.87, 0.0], [0, 1, 1, 2, 0])
Episode: 473; Score: -2.977234429679811; Action: ([1.99, 1.05, 0.99, 0.06, 1.98], [2, 1, 1, 0, 2])
Episode: 474; Score: -6.0096284141764045; Action: ([1.01, 0.01, 1.03, 2.0, 1.96], [1, 0, 1, 2, 2])
Episode: 475; Score: -4.920070070773363; Action: ([1.0, 0.0, 1.92, 2.0, 0.0], [1, 0, 2, 2, 0])
Episode: 476; Score: -2.8515620501711965; Action: ([2.0, 1.04, 1.01, 0.12, 0.08], [2, 1, 1, 0, 0])
Episode: 477; Score: -3.1130934320390224; Action: ([0.02, 0.97, 1.04, 0.94, 2.0], [0, 1, 1, 1, 2])
Episode: 478; Score: -5.06635183468461; Action: ([0.07, 1.06, 0.98, 0.97, 1.99], [0, 1, 1, 1, 2])
Episode: 479; Score: -5.907091566361487; Action: ([0.0, 1.01, 0.95, 1.95, 2.0], [0, 1, 1, 2, 2])
Episode: 480; Score: -3.063109816983342; Action: ([0.0, 1.02, 0.05, 1.97, 0.89], [0, 1, 0, 2, 1])
Episode: 481; Score: -5.077383100986481; Action: ([0.0, 0.97, 0.96, 0.0, 2.0], [0, 1, 1, 0, 2])
Episode: 482; Score: -4.020543219521642; Action: ([2.0, 1.02, 0.0, 0.0, 2.0], [2, 1, 0, 0, 2])
Episode: 483; Score: -0.9351376863196492; Action: ([1.99, 1.0, 1.93, 2.0, 2.0], [2, 1, 2, 2, 2])
Episode: 484; Score: -5.937720984220505; Action: ([0.97, 0.0, 1.98, 0.0, 1.08], [1, 0, 2, 0, 1])
Episode: 485; Score: -4.020323395729065; Action: ([2.0, 0.96, 1.98, 2.0, 2.0], [2, 1, 2, 2, 2])
Episode: 486; Score: -2.101683681830764; Action: ([1.94, 1.1, 0.08, 2.0, 0.98], [2, 1, 0, 2, 1])
Episode: 487; Score: -3.9625559896230698; Action: ([1.98, 1.02, 0.03, 0.0, 1.05], [2, 1, 0, 0, 1])
Episode: 488; Score: -4.01447413302958; Action: ([0.0, 0.98, 0.0, 1.98, 1.05], [0, 1, 0, 2, 1])
Episode: 489; Score: -2.0628963001072407; Action: ([0.0, 1.09, 0.98, 1.95, 1.01], [0, 1, 1, 2, 1])
Episode: 490; Score: -3.095688547939062; Action: ([2.0, 1.05, 0.0, 0.94, 1.99], [2, 1, 0, 1, 2])
Episode: 491; Score: -1.1624576393514872; Action: ([1.99, 0.94, 1.06, 1.97, 0.99], [2, 1, 1, 2, 1])
Episode: 492; Score: -5.086487341672182; Action: ([2.0, 1.05, 0.0, 0.0, 0.96], [2, 1, 0, 0, 1])
Episode: 493; Score: -4.012579970061779; Action: ([0.08, 0.9, 1.04, 0.0, 1.99], [0, 1, 1, 0, 2])
Episode: 494; Score: -6.946086172014475; Action: ([2.0, 0.93, 1.01, 2.0, 1.01], [2, 1, 1, 2, 1])
Episode: 495; Score: -2.165564304217696; Action: ([1.07, 0.01, 1.03, 0.0, 0.05], [1, 0, 1, 0, 0])
Episode: 496; Score: -3.1363181885390077; Action: ([1.0, 0.0, 0.88, 2.0, 0.98], [1, 0, 1, 2, 1])
Episode: 497; Score: -4.913165707141161; Action: ([0.0, 0.98, 0.0, 2.0, 1.94], [0, 1, 0, 2, 2])
Episode: 498; Score: -3.1229485124349594; Action: ([0.0, 0.94, 0.99, 1.01, 1.93], [0, 1, 1, 1, 2])
Episode: 499; Score: -4.116082314401865; Action: ([0.02, 0.95, 1.97, 1.95, 0.0], [0, 1, 2, 2, 0])
Episode: 500; Score: -2.045265732333064; Action: ([1.97, 1.02, 0.98, 0.04, 1.98], [2, 1, 1, 0, 2])
Episode: 501; Score: -1.0214905943721533; Action: ([1.07, 1.01, 1.05, 1.97, 2.0], [1, 1, 1, 2, 2])
Episode: 502; Score: -4.030642231926322; Action: ([0.0, 0.99, 0.97, 1.03, 1.98], [0, 1, 1, 1, 2])
Episode: 503; Score: -7.031233757734299; Action: ([2.0, 0.0, 1.07, 2.0, 1.96], [2, 0, 1, 2, 2])
Episode: 504; Score: -4.034132905304432; Action: ([0.96, 0.0, 0.0, 0.01, 2.0], [1, 0, 0, 0, 2])
Episode: 505; Score: -5.998658720869571; Action: ([1.99, 0.99, 1.96, 0.96, 0.08], [2, 1, 2, 1, 0])
Episode: 506; Score: -4.973601773381233; Action: ([0.06, 1.07, 0.01, 0.04, 1.99], [0, 1, 0, 0, 2])
Episode: 507; Score: -3.9778716042637825; Action: ([1.97, 0.0, 2.0, 0.96, 0.03], [2, 0, 2, 1, 0])
Episode: 508; Score: -4.96442186832428; Action: ([1.99, 0.04, 0.0, 2.0, 0.0], [2, 0, 0, 2, 0])
Episode: 509; Score: -3.0215644240379333; Action: ([0.99, 0.0, 0.0, 1.99, 0.05], [1, 0, 0, 2, 0])
Episode: 510; Score: -2.9947523437440395; Action: ([2.0, 0.99, 1.94, 0.08, 1.0], [2, 1, 2, 0, 1])
Episode: 511; Score: -7.091154955327511; Action: ([0.0, 0.91, 0.0, 0.96, 0.04], [0, 1, 0, 1, 0])
Episode: 512; Score: -7.042937088757753; Action: ([0.0, 1.04, 2.0, 0.0, 0.0], [0, 1, 2, 0, 0])
Episode: 513; Score: -3.9479036666452885; Action: ([0.01, 0.9, 1.97, 0.04, 1.04], [0, 1, 2, 0, 1])
Episode: 514; Score: -3.045583304017782; Action: ([2.0, 1.05, 0.0, 0.0, 2.0], [2, 1, 0, 0, 2])
Episode: 515; Score: -1.0396950445137918; Action: ([1.05, 0.99, 0.98, 1.01, 1.96], [1, 1, 1, 1, 2])
Episode: 516; Score: -6.813188549131155; Action: ([1.94, 0.96, 1.97, 1.93, 0.0], [2, 1, 2, 2, 0])
Episode: 517; Score: -4.055929733323865; Action: ([0.0, 0.0, 1.0, 1.98, 1.07], [0, 0, 1, 2, 1])
Episode: 518; Score: -5.8972449991852045; Action: ([2.0, 1.0, 0.0, 1.94, 0.96], [2, 1, 0, 2, 1])
Episode: 519; Score: -8.023565381765366; Action: ([1.99, 1.06, 0.98, 1.99, 2.0], [2, 1, 1, 2, 2])
Episode: 520; Score: -4.017479589441791; Action: ([2.0, 1.0, 0.0, 0.0, 1.99], [2, 1, 0, 0, 2])
Episode: 521; Score: -1.1856882777065039; Action: ([1.02, 0.95, 0.95, 0.93, 0.0], [1, 1, 1, 1, 0])
Episode: 522; Score: -1.2036550901830196; Action: ([1.98, 1.04, 1.99, 1.9, 0.96], [2, 1, 2, 2, 1])
Episode: 523; Score: -7.927938260138035; Action: ([0.09, 0.93, 0.0, 0.05, 0.0], [0, 1, 0, 0, 0])
Episode: 524; Score: -7.168667320162058; Action: ([2.0, 1.05, 1.05, 2.0, 1.07], [2, 1, 1, 2, 1])
Episode: 525; Score: -3.008878070861101; Action: ([1.97, 1.04, 0.01, 1.05, 2.0], [2, 1, 0, 1, 2])
Episode: 526; Score: -2.9845213312655687; Action: ([0.06, 1.03, 0.07, 1.08, 2.0], [0, 1, 0, 1, 2])
Episode: 527; Score: -1.102227539755404; Action: ([1.99, 1.01, 0.0, 1.98, 1.95], [2, 1, 0, 2, 2])
Episode: 528; Score: -5.004252311773598; Action: ([0.03, 0.99, 2.0, 0.0, 1.98], [0, 1, 2, 0, 2])
Episode: 529; Score: -4.089066966436803; Action: ([1.96, 1.05, 2.0, 0.99, 0.0], [2, 1, 2, 1, 0])
Episode: 530; Score: -3.928906586021185; Action: ([2.0, 1.04, 1.93, 2.0, 1.96], [2, 1, 2, 2, 2])
Episode: 531; Score: -6.953397512435913; Action: ([0.0, 0.0, 0.0, 0.07, 0.98], [0, 0, 0, 0, 1])
Episode: 532; Score: -4.92866450548172; Action: ([0.0, 0.07, 2.0, 0.0, 0.0], [0, 0, 2, 0, 0])
Episode: 533; Score: -3.107973098754883; Action: ([2.0, 0.0, 2.0, 1.89, 0.0], [2, 0, 2, 2, 0])
Episode: 534; Score: -6.991323500871658; Action: ([0.01, 0.93, 1.97, 0.04, 0.0], [0, 1, 2, 0, 0])
Episode: 535; Score: -3.1068310644477606; Action: ([1.05, 0.95, 0.97, 1.91, 0.0], [1, 1, 1, 2, 0])
Episode: 536; Score: -4.977314909920096; Action: ([1.96, 1.01, 0.97, 1.05, 0.0], [2, 1, 1, 1, 0])
Episode: 537; Score: -7.9949272950179875; Action: ([1.98, 1.02, 1.0, 2.0, 2.0], [2, 1, 1, 2, 2])
Episode: 538; Score: -4.91102559142746; Action: ([2.0, 1.0, 0.0, 0.96, 0.95], [2, 1, 0, 1, 1])
Episode: 539; Score: -4.007264908403158; Action: ([2.0, 0.95, 0.02, 1.02, 0.0], [2, 1, 0, 1, 0])
Episode: 540; Score: -3.010699487873353; Action: ([0.92, 1.0, 2.0, 2.0, 1.07], [1, 1, 2, 2, 1])
Episode: 541; Score: -3.149951952509582; Action: ([1.02, 0.99, 0.98, 0.06, 0.1], [1, 1, 1, 0, 0])
Episode: 542; Score: -2.158332446590066; Action: ([2.0, 1.02, 1.15, 0.01, 2.0], [2, 1, 1, 0, 2])
Episode: 543; Score: -5.812911940738559; Action: ([1.92, 0.91, 2.0, 0.98, 0.0], [2, 1, 2, 1, 0])
Episode: 544; Score: -5.942707029695157; Action: ([0.0, 0.05, 0.01, 1.0, 2.0], [0, 0, 0, 1, 2])
Episode: 545; Score: -5.094386953860521; Action: ([1.98, 0.0, 0.95, 0.96, 0.01], [2, 0, 1, 1, 0])
Episode: 546; Score: -4.949821058660746; Action: ([1.05, 0.0, 2.0, 2.0, 0.0], [1, 0, 2, 2, 0])
Episode: 547; Score: -4.007871930603869; Action: ([1.0, 1.06, 1.93, 0.01, 1.1], [1, 1, 2, 0, 1])
Episode: 548; Score: -3.007388344965875; Action: ([1.03, 1.01, 0.03, 2.0, 2.0], [1, 1, 0, 2, 2])
Episode: 549; Score: -3.915428876876831; Action: ([0.04, 0.05, 0.92, 0.04, 0.04], [0, 0, 1, 0, 0])
Episode: 550; Score: -3.975902508944273; Action: ([0.96, 0.0, 1.98, 1.04, 2.0], [1, 0, 2, 1, 2])
Episode: 551; Score: -6.880122733302414; Action: ([1.95, 0.96, 1.01, 2.0, 0.95], [2, 1, 1, 2, 1])
Episode: 552; Score: -2.0662915259599686; Action: ([1.04, 0.96, 0.97, 1.96, 0.0], [1, 1, 1, 2, 0])
Episode: 553; Score: -5.914577783551067; Action: ([2.0, 0.92, 0.0, 0.99, 2.0], [2, 1, 0, 1, 2])
Episode: 554; Score: -4.8596655279397964; Action: ([1.02, 0.0, 1.88, 0.0, 2.0], [1, 0, 2, 0, 2])
Episode: 555; Score: -4.188765347003937; Action: ([1.97, 1.07, 0.0, 0.0, 1.16], [2, 1, 0, 0, 1])
Episode: 556; Score: -2.997338190674782; Action: ([1.01, 1.02, 1.97, 2.0, 2.0], [1, 1, 2, 2, 2])
Episode: 557; Score: -1.05512466840446; Action: ([0.98, 1.01, 1.01, 1.9, 1.11], [1, 1, 1, 2, 1])
Episode: 558; Score: -2.0896543692797422; Action: ([1.99, 1.02, 0.97, 2.0, 0.95], [2, 1, 1, 2, 1])
Episode: 559; Score: -4.991126969456673; Action: ([0.0, 0.96, 2.0, 2.0, 0.03], [0, 1, 2, 2, 0])
Episode: 560; Score: -5.00484624505043; Action: ([1.06, 0.0, 2.0, 1.93, 0.0], [1, 0, 2, 2, 0])
Episode: 561; Score: -3.105584098258987; Action: ([0.0, 0.97, 1.98, 1.0, 1.94], [0, 1, 2, 1, 2])
Episode: 562; Score: -2.9876911528408527; Action: ([0.04, 0.99, 0.98, 2.0, 0.0], [0, 1, 1, 2, 0])
Episode: 563; Score: -4.8688670322299; Action: ([2.0, 1.04, 0.9, 0.0, 0.93], [2, 1, 1, 0, 1])
Episode: 564; Score: -3.97393536567688; Action: ([0.98, 1.03, 0.95, 0.0, 1.01], [1, 1, 1, 0, 1])
Episode: 565; Score: -2.1538608758710325; Action: ([0.91, 1.06, 0.0, 1.0, 2.0], [1, 1, 0, 1, 2])
Episode: 566; Score: -4.983856786973774; Action: ([1.94, 0.0, 1.0, 0.08, 0.0], [2, 0, 1, 0, 0])
Episode: 567; Score: -2.1913311183452606; Action: ([2.0, 0.0, 1.13, 2.0, 0.94], [2, 0, 1, 2, 1])
Episode: 568; Score: -5.073364809155464; Action: ([0.0, 1.05, 0.02, 0.95, 2.0], [0, 1, 0, 1, 2])
Episode: 569; Score: -5.093852918595076; Action: ([1.97, 1.07, 0.0, 0.05, 0.95], [2, 1, 0, 0, 1])
Episode: 570; Score: -6.990257650439162; Action: ([1.01, 1.0, 2.0, 1.93, 1.05], [1, 1, 2, 2, 1])
Episode: 571; Score: -0.08408252149820328; Action: ([2.0, 1.08, 2.0, 2.0, 2.0], [2, 1, 2, 2, 2])
Episode: 572; Score: -3.0130634903907776; Action: ([2.0, 0.01, 0.0, 1.99, 1.99], [2, 0, 0, 2, 2])
Episode: 573; Score: -6.033953845500946; Action: ([2.0, 0.0, 0.03, 2.0, 2.0], [2, 0, 0, 2, 2])
Episode: 574; Score: -7.827265042811632; Action: ([1.96, 0.96, 0.97, 1.95, 2.0], [2, 1, 1, 2, 2])
Episode: 575; Score: -3.049874291755259; Action: ([1.94, 1.01, 1.03, 1.04, 0.01], [2, 1, 1, 1, 0])
Episode: 576; Score: -5.021125090308487; Action: ([0.03, 0.99, 0.94, 1.95, 0.06], [0, 1, 1, 2, 0])
Episode: 577; Score: -4.096524366061203; Action: ([1.0, 0.92, 0.98, 1.03, 0.98], [1, 1, 1, 1, 1])
Episode: 578; Score: -2.034691333770752; Action: ([0.04, 0.0, 0.0, 0.04, 1.95], [0, 0, 0, 0, 2])
Episode: 579; Score: -4.111814107745886; Action: ([1.98, 1.05, 0.92, 0.0, 1.04], [2, 1, 1, 0, 1])
Episode: 580; Score: -5.011124993907288; Action: ([2.0, 0.95, 1.02, 0.04, 1.0], [2, 1, 1, 0, 1])
Episode: 581; Score: -2.185602992773056; Action: ([1.12, 0.92, 0.0, 0.03, 1.0], [1, 1, 0, 0, 1])
Episode: 582; Score: -5.069884501863271; Action: ([0.1, 1.01, 1.02, 1.95, 0.99], [0, 1, 1, 2, 1])
Episode: 583; Score: -2.1427067369804718; Action: ([1.0, 1.02, 0.93, 1.97, 1.97], [1, 1, 1, 2, 2])
Episode: 584; Score: -1.1727985739707947; Action: ([1.98, 0.0, 0.85, 2.0, 1.99], [2, 0, 1, 2, 2])
Episode: 585; Score: -0.14642076287418604; Action: ([2.0, 0.99, 0.94, 2.0, 1.93], [2, 1, 1, 2, 2])
Episode: 586; Score: -3.066042209044099; Action: ([1.01, 0.0, 1.96, 1.01, 1.95], [1, 0, 2, 1, 2])
Episode: 587; Score: -2.078029552474618; Action: ([0.97, 0.0, 1.0, 1.95, 2.0], [1, 0, 1, 2, 2])
Episode: 588; Score: -2.1463954150676727; Action: ([0.06, 1.06, 1.94, 1.97, 1.94], [0, 1, 2, 2, 2])
Episode: 589; Score: -7.0138767920434475; Action: ([2.0, 1.04, 1.98, 0.0, 2.0], [2, 1, 2, 0, 2])
Episode: 590; Score: -2.1180096864700317; Action: ([1.94, 0.93, 1.98, 0.99, 1.04], [2, 1, 2, 1, 1])
Episode: 591; Score: -5.162498379126191; Action: ([0.95, 0.87, 1.02, 0.99, 0.0], [1, 1, 1, 1, 0])
Episode: 592; Score: -2.179979095235467; Action: ([0.91, 0.98, 2.0, 2.0, 1.93], [1, 1, 2, 2, 2])
Episode: 593; Score: -2.151197239756584; Action: ([2.0, 0.97, 1.02, 2.0, 0.9], [2, 1, 1, 2, 1])
Episode: 594; Score: -3.0186327770352364; Action: ([1.98, 0.94, 0.96, 2.0, 1.93], [2, 1, 1, 2, 2])
Episode: 595; Score: -1.1302977036684752; Action: ([1.95, 1.03, 1.98, 1.96, 1.97], [2, 1, 2, 2, 2])
Episode: 596; Score: -7.994870543479919; Action: ([2.0, 0.02, 2.0, 2.0, 1.98], [2, 0, 2, 2, 2])
Episode: 597; Score: -4.892834551632404; Action: ([2.0, 0.93, 0.0, 0.0, 1.96], [2, 1, 0, 0, 2])
Episode: 598; Score: -2.012878225883469; Action: ([1.92, 0.02, 0.96, 1.07, 1.0], [2, 0, 1, 1, 1])
Episode: 599; Score: -1.8867276450619102; Action: ([2.0, 1.02, 1.1, 1.95, 1.08], [2, 1, 1, 2, 1])
Episode: 600; Score: -1.1042138612829149; Action: ([2.0, 0.94, 0.96, 0.99, 2.0], [2, 1, 1, 1, 2])
Episode: 601; Score: -2.061541705392301; Action: ([0.0, 0.99, 1.05, 2.0, 2.0], [0, 1, 1, 2, 2])
Episode: 602; Score: -6.843259356915951; Action: ([2.0, 0.96, 0.97, 0.95, 1.95], [2, 1, 1, 1, 2])
Episode: 603; Score: -2.0919704793486744; Action: ([1.95, 1.0, 0.96, 0.0, 2.0], [2, 1, 1, 0, 2])
Episode: 604; Score: -4.01531627215445; Action: ([2.0, 0.0, 0.0, 0.99, 2.0], [2, 0, 0, 1, 2])
Episode: 605; Score: -0.10372939892113209; Action: ([2.0, 1.07, 0.98, 2.0, 1.99], [2, 1, 1, 2, 2])
Episode: 606; Score: -1.9423217857256532; Action: ([1.14, 0.99, 1.01, 1.89, 1.9], [1, 1, 1, 2, 2])
Episode: 607; Score: -1.1617897562682629; Action: ([1.91, 1.06, 1.05, 1.94, 2.0], [2, 1, 1, 2, 2])
Episode: 608; Score: -3.983741030465808; Action: ([0.99, 0.0, 1.0, 0.0, 1.99], [1, 0, 1, 0, 2])
Episode: 609; Score: -3.950691506266594; Action: ([1.97, 0.98, 0.04, 0.0, 2.0], [2, 1, 0, 0, 2])
Episode: 610; Score: -3.930767435580492; Action: ([0.07, 0.0, 1.04, 2.0, 1.96], [0, 0, 1, 2, 2])
Episode: 611; Score: -3.1388960406184196; Action: ([2.0, 1.09, 1.05, 2.0, 2.0], [2, 1, 1, 2, 2])
Episode: 612; Score: -2.98611943423748; Action: ([2.0, 1.08, 1.07, 0.04, 2.0], [2, 1, 1, 0, 2])
Episode: 613; Score: -1.120914802828338; Action: ([1.0, 0.97, 0.96, 1.99, 1.96], [1, 1, 1, 2, 2])
Episode: 614; Score: -4.147491695359349; Action: ([0.05, 0.98, 0.92, 1.06, 1.84], [0, 1, 1, 1, 2])
Episode: 615; Score: -3.030790388584137; Action: ([0.01, 1.11, 1.92, 1.04, 1.98], [0, 1, 2, 1, 2])
Episode: 616; Score: -4.939274251461029; Action: ([1.97, 0.0, 1.97, 0.01, 2.0], [2, 0, 2, 0, 2])
Episode: 617; Score: -4.128617801703513; Action: ([0.06, 1.09, 0.0, 1.01, 1.97], [0, 1, 0, 1, 2])
Episode: 618; Score: -1.1253584027290344; Action: ([1.97, 1.02, 2.0, 1.96, 0.96], [2, 1, 2, 2, 1])
Episode: 619; Score: -6.028368351981044; Action: ([2.0, 0.0, 0.97, 0.0, 0.0], [2, 0, 1, 0, 0])
Episode: 620; Score: -3.9720593504607677; Action: ([2.0, 0.0, 0.0, 1.93, 0.96], [2, 0, 0, 2, 1])
Episode: 621; Score: -4.10021498054266; Action: ([0.0, 0.03, 2.0, 0.91, 1.96], [0, 0, 2, 1, 2])
Episode: 622; Score: -3.104704139754176; Action: ([2.0, 0.94, 1.1, 1.03, 0.03], [2, 1, 1, 1, 0])
Episode: 623; Score: -4.980896793305874; Action: ([0.0, 0.05, 2.0, 1.97, 0.96], [0, 0, 2, 2, 1])
Episode: 624; Score: -3.979734390974045; Action: ([2.0, 1.06, 2.0, 0.0, 0.08], [2, 1, 2, 0, 0])
Episode: 625; Score: -3.020125322509557; Action: ([0.01, 1.03, 1.0, 2.0, 2.0], [0, 1, 1, 2, 2])
Episode: 626; Score: -2.127817317843437; Action: ([2.0, 0.01, 1.95, 2.0, 0.91], [2, 0, 2, 2, 1])
Episode: 627; Score: -1.9740789029747248; Action: ([2.0, 0.0, 1.03, 2.0, 2.0], [2, 0, 1, 2, 2])
Episode: 628; Score: -3.087750993669033; Action: ([2.0, 0.95, 0.96, 2.0, 2.0], [2, 1, 1, 2, 2])
Episode: 629; Score: -5.896487236022949; Action: ([0.01, 0.0, 1.89, 2.0, 2.0], [0, 0, 2, 2, 2])
Episode: 630; Score: -1.044575424049981; Action: ([2.0, 0.0, 1.0, 2.0, 1.96], [2, 0, 1, 2, 2])
Episode: 631; Score: -5.0776568576693535; Action: ([1.1, 0.0, 1.08, 1.92, 0.98], [1, 0, 1, 2, 1])
Episode: 632; Score: -2.9440051540732384; Action: ([0.99, 0.95, 0.04, 0.0, 0.96], [1, 1, 0, 0, 1])
Episode: 633; Score: -4.853228408843279; Action: ([0.0, 0.95, 0.0, 1.96, 1.94], [0, 1, 0, 2, 2])
Episode: 634; Score: -2.0782577246427536; Action: ([2.0, 1.04, 0.05, 1.91, 2.0], [2, 1, 0, 2, 2])
Episode: 635; Score: -2.1316936258226633; Action: ([0.96, 1.02, 1.05, 0.97, 2.0], [1, 1, 1, 1, 2])
Episode: 636; Score: -3.012174814939499; Action: ([2.0, 1.07, 1.06, 2.0, 0.0], [2, 1, 1, 2, 0])
Episode: 637; Score: -3.959583967924118; Action: ([0.0, 0.95, 2.0, 1.94, 1.97], [0, 1, 2, 2, 2])
Episode: 638; Score: -7.939839486964047; Action: ([1.96, 0.97, 1.01, 2.0, 2.0], [2, 1, 1, 2, 2])
Episode: 639; Score: -3.9257808863185346; Action: ([0.05, 0.98, 1.0, 1.99, 0.05], [0, 1, 1, 2, 0])
Episode: 640; Score: -1.2700123339891434; Action: ([1.91, 0.84, 0.04, 2.0, 1.94], [2, 1, 0, 2, 2])
Episode: 641; Score: -4.853296399116516; Action: ([0.08, 0.0, 0.03, 1.97, 2.0], [0, 0, 0, 2, 2])
Episode: 642; Score: -7.014876998029649; Action: ([2.0, 0.03, 1.01, 1.99, 1.98], [2, 0, 1, 2, 2])
Episode: 643; Score: -4.0238067749887705; Action: ([0.95, 1.01, 0.07, 0.04, 1.96], [1, 1, 0, 0, 2])
Episode: 644; Score: -3.998102529440075; Action: ([1.07, 0.0, 1.0, 0.94, 0.98], [1, 0, 1, 1, 1])
Episode: 645; Score: -2.9688065061345696; Action: ([0.03, 0.99, 0.0, 1.95, 0.0], [0, 1, 0, 2, 0])
Episode: 646; Score: -5.0492335595190525; Action: ([1.04, 0.02, 1.93, 0.95, 0.01], [1, 0, 2, 1, 0])
Episode: 647; Score: -3.1025232896208763; Action: ([2.0, 0.93, 2.0, 1.93, 0.04], [2, 1, 2, 2, 0])
Episode: 648; Score: -6.993290813174099; Action: ([1.99, 0.99, 0.03, 2.0, 1.98], [2, 1, 0, 2, 2])
Episode: 649; Score: -5.069878324866295; Action: ([1.99, 0.0, 1.07, 2.0, 0.01], [2, 0, 1, 2, 0])
Episode: 650; Score: -3.0958101078867912; Action: ([0.0, 1.03, 0.0, 1.99, 0.08], [0, 1, 0, 2, 0])
Episode: 651; Score: -4.877567112445831; Action: ([2.0, 0.0, 1.97, 2.0, 1.91], [2, 0, 2, 2, 2])
Episode: 652; Score: -2.040922653512098; Action: ([1.98, 1.0, 1.0, 0.0, 1.06], [2, 1, 1, 0, 1])
Episode: 653; Score: -6.026707679964602; Action: ([0.0, 0.95, 0.0, 0.99, 0.03], [0, 1, 0, 1, 0])
Episode: 654; Score: -5.173077719286084; Action: ([1.02, 1.1, 0.05, 1.03, 1.97], [1, 1, 0, 1, 2])
Episode: 655; Score: -3.0506507754325867; Action: ([2.0, 1.04, 0.94, 1.95, 2.0], [2, 1, 1, 2, 2])
Episode: 656; Score: -0.981989050284028; Action: ([2.0, 1.01, 1.98, 2.0, 2.0], [2, 1, 2, 2, 2])
Episode: 657; Score: -3.943651009351015; Action: ([0.0, 1.04, 0.95, 1.95, 0.0], [0, 1, 1, 2, 0])
Episode: 658; Score: -6.078570146113634; Action: ([1.97, 0.02, 1.03, 2.0, 1.05], [2, 0, 1, 2, 1])
Episode: 659; Score: -4.105836119502783; Action: ([0.0, 1.05, 0.92, 0.03, 2.0], [0, 1, 1, 0, 2])
Episode: 660; Score: -5.052890460938215; Action: ([0.14, 1.06, 1.96, 0.0, 0.91], [0, 1, 2, 0, 1])
