Episode: 0; Score: [-5.59896291]; Action: ([1.46, 1.65, 0.29, 1.2, 0.99], [2, 2, 0, 1, 1])
Episode: 1; Score: [-5.3259043]; Action: ([0.58, 1.88, 0.9, 0.0, 1.97], [0, 2, 1, 0, 2])
Episode: 2; Score: [-4.679486]; Action: ([1.55, 0.0, 0.13, 1.6, 0.05], [2, 0, 0, 2, 0])
Episode: 3; Score: [-1.83857771]; Action: ([1.77, 1.3, 1.17, 1.58, 1.01], [2, 1, 1, 2, 1])
Episode: 4; Score: [-2.62302957]; Action: ([1.28, 1.64, 1.6, 0.87, 1.98], [1, 2, 2, 1, 2])
Episode: 5; Score: [-5.49205144]; Action: ([0.08, 0.62, 2.0, 0.27, 1.54], [0, 0, 2, 0, 2])
Episode: 6; Score: [-3.73386867]; Action: ([0.39, 1.29, 0.18, 0.59, 1.28], [0, 1, 0, 0, 1])
Episode: 7; Score: [-4.00550699]; Action: ([0.93, 0.44, 0.7, 1.01, 1.91], [1, 0, 1, 1, 2])
Episode: 8; Score: [-5.21516308]; Action: ([0.23, 1.44, 0.85, 1.29, 0.85], [0, 2, 1, 1, 1])
Episode: 9; Score: [-6.00481503]; Action: ([0.76, 1.66, 1.84, 1.52, 0.22], [1, 2, 2, 2, 0])
Episode: 10; Score: [-3.91274663]; Action: ([0.04, 0.89, 0.92, 0.39, 1.85], [0, 1, 1, 0, 2])
Episode: 11; Score: [-5.54854869]; Action: ([0.52, 0.07, 0.02, 1.59, 0.25], [0, 0, 0, 2, 0])
Episode: 12; Score: [-5.87509218]; Action: ([1.24, 1.57, 0.43, 0.48, 0.54], [1, 2, 0, 0, 0])
Episode: 13; Score: [-2.19169267]; Action: ([0.2, 0.68, 1.05, 1.99, 2.0], [0, 1, 1, 2, 2])
Episode: 14; Score: [-3.46016453]; Action: ([0.97, 1.43, 0.05, 0.7, 0.31], [1, 2, 0, 1, 0])
Episode: 15; Score: [-2.5163457]; Action: ([0.18, 0.46, 0.92, 0.32, 0.64], [0, 0, 1, 0, 0])
Episode: 16; Score: [-4.14445827]; Action: ([1.79, 0.64, 1.66, 0.67, 0.41], [2, 0, 2, 1, 0])
Episode: 17; Score: [-4.88390627]; Action: ([0.51, 1.64, 1.93, 0.43, 0.88], [0, 2, 2, 0, 1])
Episode: 18; Score: [-2.20243815]; Action: ([1.27, 1.36, 0.65, 1.99, 1.26], [1, 2, 0, 2, 1])
Episode: 19; Score: [-4.45794568]; Action: ([0.42, 2.0, 0.82, 1.75, 1.55], [0, 2, 1, 2, 2])
Episode: 20; Score: [-2.1429853]; Action: ([1.64, 0.91, 1.28, 0.14, 1.28], [2, 1, 1, 0, 1])
Episode: 21; Score: [-3.31331104]; Action: ([1.29, 0.48, 1.61, 0.83, 1.48], [1, 0, 2, 1, 2])
Episode: 22; Score: [-4.76662954]; Action: ([0.4, 0.16, 1.1, 1.01, 1.57], [0, 0, 1, 1, 2])
Episode: 23; Score: [-5.41091649]; Action: ([1.2, 1.39, 0.72, 1.84, 0.26], [1, 2, 1, 2, 0])
Episode: 24; Score: [-3.44417308]; Action: ([0.78, 1.75, 0.0, 0.0, 0.52], [1, 2, 0, 0, 0])
Episode: 25; Score: [-3.85642774]; Action: ([1.1, 0.05, 0.32, 1.44, 0.96], [1, 0, 0, 2, 1])
Episode: 26; Score: [-3.72068039]; Action: ([0.18, 1.44, 0.31, 0.6, 1.19], [0, 2, 0, 0, 1])
Episode: 27; Score: [-3.72643656]; Action: ([1.27, 1.68, 0.35, 0.39, 0.04], [1, 2, 0, 0, 0])
Episode: 28; Score: [-2.04683992]; Action: ([1.95, 1.19, 1.32, 1.27, 1.32], [2, 1, 1, 1, 1])
Episode: 29; Score: [-3.36825811]; Action: ([1.3, 0.77, 0.04, 1.72, 0.8], [1, 1, 0, 2, 1])
Episode: 30; Score: [-6.66069734]; Action: ([1.72, 1.91, 0.66, 1.65, 0.72], [2, 2, 0, 2, 1])
Episode: 31; Score: [-4.29527846]; Action: ([1.64, 0.18, 0.47, 1.39, 0.03], [2, 0, 0, 2, 0])
Episode: 32; Score: [-5.24589282]; Action: ([0.78, 2.0, 1.86, 0.7, 1.13], [1, 2, 2, 1, 1])
Episode: 33; Score: [-7.30103276]; Action: ([1.24, 1.26, 1.5, 1.87, 1.44], [1, 1, 2, 2, 2])
Episode: 34; Score: [-2.72136187]; Action: ([0.57, 0.47, 1.66, 0.59, 1.68], [0, 0, 2, 0, 2])
Episode: 35; Score: [-2.43000049]; Action: ([0.0, 1.24, 0.73, 1.31, 0.39], [0, 1, 1, 1, 0])
Episode: 36; Score: [-2.30011154]; Action: ([1.46, 0.57, 1.31, 1.0, 1.97], [2, 0, 1, 1, 2])
Episode: 37; Score: [-6.75900053]; Action: ([0.39, 1.66, 0.53, 0.34, 0.64], [0, 2, 0, 0, 0])
Episode: 38; Score: [-4.92677653]; Action: ([1.34, 0.38, 1.06, 1.29, 0.01], [2, 0, 1, 1, 0])
Episode: 39; Score: [-2.07289289]; Action: ([0.45, 1.7, 1.33, 0.95, 0.55], [0, 2, 2, 1, 0])
Episode: 40; Score: [-6.60177106]; Action: ([0.0, 0.83, 0.35, 0.33, 0.89], [0, 1, 0, 0, 1])
Episode: 41; Score: [-3.37598802]; Action: ([1.98, 1.5, 1.15, 0.68, 0.62], [2, 2, 1, 1, 0])
Episode: 42; Score: [-1.41364763]; Action: ([1.1, 1.0, 1.54, 1.24, 0.46], [1, 1, 2, 1, 0])
Episode: 43; Score: [-2.89266131]; Action: ([1.97, 1.74, 1.38, 1.39, 1.4], [2, 2, 2, 2, 2])
Episode: 44; Score: [-4.97545539]; Action: ([0.95, 0.89, 1.89, 0.85, 0.22], [1, 1, 2, 1, 0])
Episode: 45; Score: [-6.17584891]; Action: ([0.64, 1.12, 0.07, 0.12, 1.12], [0, 1, 0, 0, 1])
Episode: 46; Score: [-1.63203416]; Action: ([0.82, 0.73, 1.31, 0.67, 1.53], [1, 1, 1, 1, 2])
Episode: 47; Score: [-2.65296867]; Action: ([0.84, 1.11, 1.5, 1.82, 1.3], [1, 1, 2, 2, 1])
Episode: 48; Score: [-5.89783086]; Action: ([0.09, 1.0, 0.04, 0.17, 0.81], [0, 1, 0, 0, 1])
Episode: 49; Score: [-2.91248614]; Action: ([1.35, 0.34, 0.34, 0.67, 0.22], [2, 0, 0, 1, 0])
Episode: 50; Score: [-4.14408553]; Action: ([1.18, 0.6, 1.1, 0.71, 0.47], [1, 0, 1, 1, 0])
Episode: 51; Score: [-5.67996305]; Action: ([0.69, 1.28, 0.49, 1.66, 1.55], [1, 1, 0, 2, 2])
Episode: 52; Score: [-7.72040039]; Action: ([0.62, 1.92, 0.31, 0.18, 0.08], [0, 2, 0, 0, 0])
Episode: 53; Score: [-5.60925681]; Action: ([0.73, 0.09, 0.49, 0.72, 0.36], [1, 0, 0, 1, 0])
Episode: 54; Score: [-4.54329535]; Action: ([0.68, 0.42, 1.48, 0.46, 1.38], [1, 0, 2, 0, 2])
Episode: 55; Score: [-3.94438126]; Action: ([1.75, 1.12, 1.2, 0.92, 0.31], [2, 1, 1, 1, 0])
Episode: 56; Score: [-2.3181034]; Action: ([0.72, 0.35, 0.73, 0.19, 0.33], [1, 0, 1, 0, 0])
Episode: 57; Score: [-4.94127612]; Action: ([1.55, 1.08, 0.9, 0.13, 0.56], [2, 1, 1, 0, 0])
Episode: 58; Score: [-5.08964037]; Action: ([0.3, 0.36, 1.23, 1.42, 0.6], [0, 0, 1, 2, 0])
Episode: 59; Score: [-6.88063481]; Action: ([0.17, 0.35, 0.69, 0.51, 0.4], [0, 0, 1, 0, 0])
Episode: 60; Score: [-1.60123297]; Action: ([1.44, 0.28, 0.68, 1.02, 1.11], [2, 0, 1, 1, 1])
Episode: 61; Score: [-3.50668894]; Action: ([1.76, 1.3, 0.75, 0.84, 1.44], [2, 1, 1, 1, 2])
Episode: 62; Score: [-4.62843283]; Action: ([1.09, 1.6, 0.47, 0.87, 0.53], [1, 2, 0, 1, 0])
Episode: 63; Score: [-1.58643212]; Action: ([0.84, 1.16, 1.38, 0.74, 0.37], [1, 1, 2, 1, 0])
Episode: 64; Score: [-3.12828369]; Action: ([1.32, 1.93, 0.72, 0.99, 1.78], [1, 2, 1, 1, 2])
Episode: 65; Score: [-3.11868147]; Action: ([0.12, 0.14, 1.42, 0.48, 0.97], [0, 0, 2, 0, 1])
Episode: 66; Score: [-4.03636546]; Action: ([1.63, 1.86, 1.24, 1.3, 0.66], [2, 2, 1, 1, 0])
Episode: 67; Score: [-3.07559029]; Action: ([0.66, 1.55, 0.2, 0.0, 1.39], [0, 2, 0, 0, 2])
Episode: 68; Score: [-2.62247913]; Action: ([0.76, 0.03, 0.52, 0.12, 1.05], [1, 0, 0, 0, 1])
Episode: 69; Score: [-1.47494498]; Action: ([0.53, 1.25, 1.19, 1.13, 0.57], [0, 1, 1, 1, 0])
Episode: 70; Score: [-2.6520505]; Action: ([1.75, 0.7, 0.0, 1.0, 1.89], [2, 1, 0, 1, 2])
Episode: 71; Score: [-3.48148907]; Action: ([2.0, 1.45, 0.61, 0.45, 0.9], [2, 2, 0, 0, 1])
Episode: 72; Score: [-3.14114566]; Action: ([1.31, 0.0, 1.21, 1.17, 1.59], [1, 0, 1, 1, 2])
Episode: 73; Score: [-1.91112751]; Action: ([0.85, 1.34, 0.59, 1.22, 0.2], [1, 2, 0, 1, 0])
Episode: 74; Score: [-2.47663292]; Action: ([1.14, 0.25, 1.2, 1.84, 1.5], [1, 0, 1, 2, 2])
Episode: 75; Score: [-2.9561655]; Action: ([1.94, 1.58, 1.95, 1.59, 1.04], [2, 2, 2, 2, 1])
Episode: 76; Score: [-6.44664527]; Action: ([0.06, 1.36, 2.0, 0.81, 0.05], [0, 2, 2, 1, 0])
Episode: 77; Score: [-6.89772186]; Action: ([1.9, 0.49, 1.33, 1.78, 1.4], [2, 0, 1, 2, 2])
Episode: 78; Score: [-3.25825528]; Action: ([1.46, 0.54, 1.25, 1.97, 0.52], [2, 0, 1, 2, 0])
Episode: 79; Score: [-3.19177367]; Action: ([0.25, 0.0, 0.77, 1.34, 0.84], [0, 0, 1, 2, 1])
Episode: 80; Score: [-2.94551546]; Action: ([1.93, 1.19, 1.77, 0.23, 0.72], [2, 1, 2, 0, 1])
Episode: 81; Score: [-2.80324887]; Action: ([0.99, 1.9, 0.49, 0.36, 0.25], [1, 2, 0, 0, 0])
Episode: 82; Score: [-3.36788617]; Action: ([1.61, 0.75, 1.68, 1.51, 0.08], [2, 1, 2, 2, 0])
Episode: 83; Score: [-5.06409032]; Action: ([1.05, 0.33, 0.0, 1.56, 0.0], [1, 0, 0, 2, 0])
Episode: 84; Score: [-3.20086299]; Action: ([1.23, 1.72, 1.77, 1.67, 1.81], [1, 2, 2, 2, 2])
Episode: 85; Score: [-4.65292179]; Action: ([1.88, 0.16, 0.79, 1.11, 0.71], [2, 0, 1, 1, 1])
Episode: 86; Score: [-5.52730119]; Action: ([0.78, 1.35, 0.1, 1.29, 0.65], [1, 2, 0, 1, 0])
Episode: 87; Score: [-6.71032027]; Action: ([0.04, 1.56, 0.71, 0.0, 1.09], [0, 2, 1, 0, 1])
Episode: 88; Score: [-4.34901466]; Action: ([0.98, 0.45, 1.19, 0.0, 1.42], [1, 0, 1, 0, 2])
Episode: 89; Score: [-4.08456861]; Action: ([0.48, 2.0, 0.8, 0.61, 0.19], [0, 2, 1, 0, 0])
Episode: 90; Score: [-3.03538132]; Action: ([0.79, 0.0, 1.16, 0.21, 0.13], [1, 0, 1, 0, 0])
Episode: 91; Score: [-5.1631983]; Action: ([1.3, 1.13, 0.63, 0.34, 0.69], [1, 1, 0, 0, 1])
Episode: 92; Score: [-5.43761966]; Action: ([1.48, 1.87, 0.27, 1.57, 0.26], [2, 2, 0, 2, 0])
Episode: 93; Score: [-3.80394682]; Action: ([0.15, 0.7, 0.96, 1.48, 0.9], [0, 1, 1, 2, 1])
Episode: 94; Score: [-3.38858876]; Action: ([1.2, 0.61, 1.65, 1.2, 0.95], [1, 0, 2, 1, 1])
Episode: 95; Score: [-4.45156971]; Action: ([0.0, 1.38, 0.76, 0.54, 1.77], [0, 2, 1, 0, 2])
Episode: 96; Score: [-5.6377992]; Action: ([0.44, 0.52, 0.54, 0.66, 0.2], [0, 0, 0, 0, 0])
Episode: 97; Score: [-2.7338599]; Action: ([1.33, 1.95, 1.08, 0.24, 1.61], [1, 2, 1, 0, 2])
Episode: 98; Score: [-2.06870577]; Action: ([1.62, 0.95, 1.07, 0.0, 1.32], [2, 1, 1, 0, 1])
Episode: 99; Score: [-2.37006781]; Action: ([0.64, 0.38, 1.14, 2.0, 1.75], [0, 0, 1, 2, 2])
Episode: 100; Score: [-2.86632519]; Action: ([1.82, 2.0, 0.58, 0.73, 0.64], [2, 2, 0, 1, 0])
Episode: 101; Score: [-2.311014]; Action: ([1.28, 1.01, 0.9, 1.86, 1.65], [1, 1, 1, 2, 2])
Episode: 102; Score: [-5.40598848]; Action: ([0.33, 0.95, 1.92, 0.61, 1.61], [0, 1, 2, 0, 2])
Episode: 103; Score: [-1.68195316]; Action: ([1.2, 0.39, 0.99, 0.38, 1.23], [1, 0, 1, 0, 1])
Episode: 104; Score: [-1.21793067]; Action: ([0.44, 0.86, 1.36, 0.96, 0.88], [0, 1, 2, 1, 1])
Episode: 105; Score: [-4.82065618]; Action: ([0.13, 1.75, 2.0, 1.02, 1.78], [0, 2, 2, 1, 2])
Episode: 106; Score: [-4.48001595]; Action: ([0.3, 1.53, 1.75, 0.69, 0.2], [0, 2, 2, 1, 0])
Episode: 107; Score: [-6.38983015]; Action: ([1.57, 1.87, 0.62, 0.69, 1.63], [2, 2, 0, 1, 2])
Episode: 108; Score: [-4.69312498]; Action: ([0.72, 0.99, 0.34, 1.65, 0.99], [1, 1, 0, 2, 1])
Episode: 109; Score: [-4.27793654]; Action: ([0.01, 0.91, 0.85, 0.99, 1.53], [0, 1, 1, 1, 2])
Episode: 110; Score: [-1.26810263]; Action: ([1.06, 1.23, 0.43, 0.68, 1.09], [1, 1, 0, 1, 1])
Episode: 111; Score: [-6.51312382]; Action: ([1.73, 1.14, 1.48, 1.5, 0.67], [2, 1, 2, 2, 0])
Episode: 112; Score: [-3.00100964]; Action: ([0.16, 0.33, 0.95, 1.83, 0.39], [0, 0, 1, 2, 0])
Episode: 113; Score: [-1.6168009]; Action: ([1.49, 0.93, 1.31, 1.3, 1.97], [2, 1, 1, 1, 2])
Episode: 114; Score: [-2.91478675]; Action: ([0.25, 1.81, 0.89, 0.19, 1.43], [0, 2, 1, 0, 2])
Episode: 115; Score: [-3.74657294]; Action: ([1.36, 0.49, 0.37, 1.77, 1.26], [2, 0, 0, 2, 1])
Episode: 116; Score: [-6.28378025]; Action: ([1.78, 0.51, 1.97, 0.4, 1.62], [2, 0, 2, 0, 2])
Episode: 117; Score: [-5.01845809]; Action: ([0.75, 0.79, 1.69, 0.26, 1.53], [1, 1, 2, 0, 2])
Episode: 118; Score: [-3.03057635]; Action: ([1.47, 1.67, 1.35, 1.57, 0.95], [2, 2, 2, 2, 1])
Episode: 119; Score: [-4.30347027]; Action: ([1.73, 2.0, 0.0, 1.69, 1.88], [2, 2, 0, 2, 2])
Episode: 120; Score: [-5.30928799]; Action: ([0.57, 1.38, 0.27, 0.58, 0.65], [0, 2, 0, 0, 0])
Episode: 121; Score: [-4.05065183]; Action: ([0.85, 0.35, 1.89, 0.89, 0.97], [1, 0, 2, 1, 1])
Episode: 122; Score: [-3.23682471]; Action: ([0.28, 0.76, 0.28, 0.34, 1.58], [0, 1, 0, 0, 2])
Episode: 123; Score: [-3.37125148]; Action: ([1.83, 1.42, 1.94, 0.68, 0.14], [2, 2, 2, 1, 0])
Episode: 124; Score: [-5.49273056]; Action: ([1.59, 1.76, 1.27, 0.12, 0.76], [2, 2, 1, 0, 1])
Episode: 125; Score: [-3.36897812]; Action: ([0.37, 0.21, 0.56, 1.99, 0.24], [0, 0, 0, 2, 0])
Episode: 126; Score: [-4.84379958]; Action: ([1.61, 1.78, 0.6, 0.62, 0.11], [2, 2, 0, 0, 0])
Episode: 127; Score: [-4.06849924]; Action: ([1.6, 0.56, 1.26, 0.0, 1.51], [2, 0, 1, 0, 2])
Episode: 128; Score: [-2.49672774]; Action: ([1.07, 0.56, 1.43, 1.55, 0.0], [1, 0, 2, 2, 0])
Episode: 129; Score: [-4.83653774]; Action: ([0.08, 0.51, 1.37, 0.26, 1.68], [0, 0, 2, 0, 2])
Episode: 130; Score: [-5.88821607]; Action: ([0.12, 1.51, 1.52, 0.84, 1.9], [0, 2, 2, 1, 2])
Episode: 131; Score: [-4.67738924]; Action: ([1.7, 1.05, 0.26, 0.29, 0.12], [2, 1, 0, 0, 0])
Episode: 132; Score: [-3.89654793]; Action: ([1.46, 0.87, 0.24, 0.58, 0.74], [2, 1, 0, 0, 1])
Episode: 133; Score: [-2.89813737]; Action: ([1.89, 0.54, 1.27, 0.66, 0.06], [2, 0, 1, 0, 0])
Episode: 134; Score: [-5.42967778]; Action: ([0.38, 0.91, 0.9, 1.39, 1.85], [0, 1, 1, 2, 2])
Episode: 135; Score: [-2.11892724]; Action: ([1.33, 0.66, 1.98, 0.93, 0.59], [1, 0, 2, 1, 0])
Episode: 136; Score: [-2.76066966]; Action: ([0.31, 0.62, 0.76, 0.58, 0.49], [0, 0, 1, 0, 0])
Episode: 137; Score: [-2.98254479]; Action: ([1.62, 0.01, 1.41, 1.88, 1.07], [2, 0, 2, 2, 1])
Episode: 138; Score: [-1.51518263]; Action: ([1.49, 1.22, 1.11, 0.43, 0.87], [2, 1, 1, 0, 1])
Episode: 139; Score: [-2.18065748]; Action: ([1.42, 0.13, 0.88, 0.4, 1.18], [2, 0, 1, 0, 1])
Episode: 140; Score: [-6.85960149]; Action: ([1.43, 1.59, 1.21, 1.94, 0.69], [2, 2, 1, 2, 1])
Episode: 141; Score: [-4.5964564]; Action: ([0.61, 0.76, 0.97, 0.49, 1.77], [0, 1, 1, 0, 2])
Episode: 142; Score: [-2.01186452]; Action: ([0.68, 0.78, 0.43, 0.46, 1.35], [1, 1, 0, 0, 2])
Episode: 143; Score: [-3.26725064]; Action: ([0.03, 1.79, 1.15, 1.93, 1.72], [0, 2, 1, 2, 2])
Episode: 144; Score: [-2.6354494]; Action: ([1.79, 0.35, 0.81, 0.86, 1.86], [2, 0, 1, 1, 2])
Episode: 145; Score: [-2.33393822]; Action: ([1.87, 1.93, 1.11, 1.64, 1.98], [2, 2, 1, 2, 2])
Episode: 146; Score: [-2.94186235]; Action: ([1.59, 1.5, 0.53, 1.62, 0.23], [2, 2, 0, 2, 0])
Episode: 147; Score: [-2.60612411]; Action: ([0.55, 0.48, 1.59, 0.17, 0.78], [0, 0, 2, 0, 1])
Episode: 148; Score: [-4.99770854]; Action: ([1.55, 0.82, 2.0, 0.24, 0.38], [2, 1, 2, 0, 0])
Episode: 149; Score: [-4.92155093]; Action: ([0.59, 0.0, 1.25, 0.33, 1.41], [0, 0, 1, 0, 2])
Episode: 150; Score: [-4.09859345]; Action: ([0.88, 0.54, 1.92, 0.48, 1.92], [1, 0, 2, 0, 2])
Episode: 151; Score: [-2.06890453]; Action: ([0.59, 0.83, 1.83, 1.66, 1.01], [0, 1, 2, 2, 1])
Episode: 152; Score: [-2.47380848]; Action: ([0.12, 0.37, 1.27, 1.07, 0.37], [0, 0, 1, 1, 0])
Episode: 153; Score: [-3.13050504]; Action: ([0.42, 0.92, 1.06, 0.33, 0.4], [0, 1, 1, 0, 0])
Episode: 154; Score: [-6.88563323]; Action: ([0.21, 1.62, 1.29, 0.21, 0.03], [0, 2, 1, 0, 0])
Episode: 155; Score: [-5.03287633]; Action: ([0.86, 0.7, 0.88, 0.0, 1.52], [1, 1, 1, 0, 2])
Episode: 156; Score: [-1.33162864]; Action: ([1.15, 1.01, 0.84, 0.89, 0.11], [1, 1, 1, 1, 0])
Episode: 157; Score: [-5.93808481]; Action: ([0.2, 1.67, 2.0, 1.26, 0.28], [0, 2, 2, 1, 0])
Episode: 158; Score: [-3.52433046]; Action: ([0.93, 1.17, 1.85, 0.82, 1.04], [1, 1, 2, 1, 1])
Episode: 159; Score: [-4.35096512]; Action: ([0.68, 1.04, 1.78, 1.43, 0.36], [1, 1, 2, 2, 0])
Episode: 160; Score: [-2.48795228]; Action: ([1.8, 0.11, 0.36, 1.35, 1.9], [2, 0, 0, 2, 2])
Episode: 161; Score: [-5.83580573]; Action: ([0.59, 0.85, 1.52, 1.72, 1.16], [0, 1, 2, 2, 1])
Episode: 162; Score: [-7.46996418]; Action: ([0.91, 1.94, 1.51, 1.59, 1.52], [1, 2, 2, 2, 2])
Episode: 163; Score: [-5.313671]; Action: ([0.21, 0.96, 0.6, 0.68, 0.24], [0, 1, 0, 1, 0])
Episode: 164; Score: [-4.63124918]; Action: ([0.53, 1.64, 1.69, 0.85, 0.94], [0, 2, 2, 1, 1])
Episode: 165; Score: [-5.4582212]; Action: ([1.6, 1.45, 0.22, 0.98, 1.22], [2, 2, 0, 1, 1])
Episode: 166; Score: [-4.561808]; Action: ([1.58, 0.0, 1.23, 0.9, 0.85], [2, 0, 1, 1, 1])
Episode: 167; Score: [-4.96959739]; Action: ([1.48, 0.87, 0.98, 0.74, 0.89], [2, 1, 1, 1, 1])
Episode: 168; Score: [-4.63343003]; Action: ([1.23, 0.77, 0.91, 1.12, 0.61], [1, 1, 1, 1, 0])
Episode: 169; Score: [-3.04080114]; Action: ([2.0, 2.0, 0.33, 1.0, 0.63], [2, 2, 0, 1, 0])
Episode: 170; Score: [-3.24122112]; Action: ([0.22, 1.87, 0.72, 1.81, 0.5], [0, 2, 1, 2, 0])
Episode: 171; Score: [-2.59899139]; Action: ([1.82, 1.43, 0.83, 0.26, 0.56], [2, 2, 1, 0, 0])
Episode: 172; Score: [-4.35276219]; Action: ([1.06, 0.72, 0.41, 1.07, 1.39], [1, 1, 0, 1, 2])
Episode: 173; Score: [-5.27556011]; Action: ([0.05, 0.2, 1.67, 1.32, 0.49], [0, 0, 2, 1, 0])
Episode: 174; Score: [-4.80779827]; Action: ([0.41, 0.34, 1.73, 0.54, 1.79], [0, 0, 2, 0, 2])
Episode: 175; Score: [-2.68240279]; Action: ([1.89, 1.29, 1.7, 0.36, 1.17], [2, 1, 2, 0, 1])
Episode: 176; Score: [-4.9493528]; Action: ([0.4, 0.91, 1.49, 0.15, 1.08], [0, 1, 2, 0, 1])
Episode: 177; Score: [-1.936153]; Action: ([1.49, 0.78, 0.89, 1.69, 1.42], [2, 1, 1, 2, 2])
Episode: 178; Score: [-3.62762355]; Action: ([0.15, 0.26, 1.67, 0.22, 0.41], [0, 0, 2, 0, 0])
Episode: 179; Score: [-3.54093295]; Action: ([1.82, 1.32, 0.82, 0.13, 1.01], [2, 1, 1, 0, 1])
Episode: 180; Score: [-2.59799884]; Action: ([0.49, 1.85, 1.28, 1.33, 1.62], [0, 2, 1, 1, 2])
Episode: 181; Score: [-5.01289769]; Action: ([1.42, 1.53, 1.65, 0.3, 0.15], [2, 2, 2, 0, 0])
Episode: 182; Score: [-5.13583198]; Action: ([1.37, 1.69, 1.65, 0.16, 0.68], [2, 2, 2, 0, 1])
Episode: 183; Score: [-5.39341988]; Action: ([0.0, 1.74, 0.11, 0.65, 1.59], [0, 2, 0, 0, 2])
Episode: 184; Score: [-2.90784136]; Action: ([1.31, 0.61, 1.14, 1.12, 1.19], [1, 0, 1, 1, 1])
Episode: 185; Score: [-5.42215941]; Action: ([0.46, 0.25, 1.62, 0.1, 1.16], [0, 0, 2, 0, 1])
Episode: 186; Score: [-3.09579055]; Action: ([1.24, 1.67, 0.99, 0.59, 1.76], [1, 2, 1, 0, 2])
Episode: 187; Score: [-5.06314452]; Action: ([0.98, 0.0, 0.19, 1.63, 1.14], [1, 0, 0, 2, 1])
Episode: 188; Score: [-3.44459115]; Action: ([1.88, 0.1, 1.99, 1.59, 0.0], [2, 0, 2, 2, 0])
Episode: 189; Score: [-4.26938783]; Action: ([1.78, 1.89, 0.23, 0.78, 0.84], [2, 2, 0, 1, 1])
Episode: 190; Score: [-6.49507205]; Action: ([1.89, 0.12, 1.16, 1.74, 1.58], [2, 0, 1, 2, 2])
Episode: 191; Score: [-3.9378281]; Action: ([0.77, 1.43, 0.57, 1.68, 0.47], [1, 2, 0, 2, 0])
Episode: 192; Score: [-4.87183229]; Action: ([0.36, 1.64, 1.38, 1.79, 0.0], [0, 2, 2, 2, 0])
Episode: 193; Score: [-3.27673253]; Action: ([1.92, 0.95, 1.14, 0.46, 0.53], [2, 1, 1, 0, 0])
Episode: 194; Score: [-3.42046235]; Action: ([1.3, 1.65, 0.11, 1.01, 1.81], [1, 2, 0, 1, 2])
Episode: 195; Score: [-5.28637833]; Action: ([0.25, 0.54, 0.55, 1.08, 0.3], [0, 0, 0, 1, 0])
Episode: 196; Score: [-1.83613024]; Action: ([0.64, 0.99, 0.92, 1.53, 0.14], [0, 1, 1, 2, 0])
Episode: 197; Score: [-2.91258911]; Action: ([1.53, 1.7, 0.68, 0.29, 1.65], [2, 2, 1, 0, 2])
Episode: 198; Score: [-1.13971156]; Action: ([1.03, 0.76, 1.12, 1.24, 1.51], [1, 1, 1, 1, 2])
Episode: 199; Score: [-3.72782352]; Action: ([1.88, 1.96, 1.74, 0.98, 0.62], [2, 2, 2, 1, 0])
Episode: 200; Score: [-3.09609316]; Action: ([1.95, 0.22, 1.15, 0.17, 1.72], [2, 0, 1, 0, 2])
Episode: 201; Score: [-6.40628469]; Action: ([0.03, 0.09, 0.2, 0.83, 0.44], [0, 0, 0, 1, 0])
Episode: 202; Score: [-7.00266703]; Action: ([1.68, 0.84, 1.28, 1.83, 1.37], [2, 1, 1, 2, 2])
Episode: 203; Score: [-7.12750259]; Action: ([0.26, 1.75, 0.04, 0.71, 0.61], [0, 2, 0, 1, 0])
Episode: 204; Score: [-3.03915538]; Action: ([0.19, 0.72, 0.15, 0.0, 1.98], [0, 1, 0, 0, 2])
Episode: 205; Score: [-3.97965804]; Action: ([1.84, 0.54, 0.19, 0.73, 1.71], [2, 0, 0, 1, 2])
Episode: 206; Score: [-2.80179928]; Action: ([0.55, 1.76, 0.45, 1.29, 0.25], [0, 2, 0, 1, 0])
Episode: 207; Score: [-3.20688624]; Action: ([1.73, 1.45, 1.73, 0.44, 1.73], [2, 2, 2, 0, 2])
Episode: 208; Score: [-2.49030035]; Action: ([0.25, 1.07, 1.7, 0.95, 0.07], [0, 1, 2, 1, 0])
Episode: 209; Score: [-4.72172033]; Action: ([1.38, 1.65, 0.88, 0.52, 1.14], [2, 2, 1, 0, 1])
Episode: 210; Score: [-2.07315901]; Action: ([1.31, 0.89, 1.11, 1.59, 0.04], [1, 1, 1, 2, 0])
Episode: 211; Score: [-5.58704067]; Action: ([0.91, 0.66, 0.97, 0.31, 0.56], [1, 0, 1, 0, 0])
Episode: 212; Score: [-2.44241398]; Action: ([0.16, 1.18, 0.75, 1.57, 1.6], [0, 1, 1, 2, 2])
Episode: 213; Score: [-4.30313867]; Action: ([1.67, 1.19, 0.45, 0.64, 0.34], [2, 1, 0, 0, 0])
Episode: 214; Score: [-5.38807859]; Action: ([0.52, 0.5, 1.53, 0.93, 0.19], [0, 0, 2, 1, 0])
Episode: 215; Score: [-2.36208329]; Action: ([1.85, 1.62, 1.66, 0.85, 1.9], [2, 2, 2, 1, 2])
Episode: 216; Score: [-4.68398427]; Action: ([1.03, 2.0, 1.82, 1.37, 0.1], [1, 2, 2, 2, 0])
Episode: 217; Score: [-2.17918051]; Action: ([0.15, 0.4, 0.97, 1.21, 0.51], [0, 0, 1, 1, 0])
Episode: 218; Score: [-5.61443186]; Action: ([0.72, 0.11, 0.4, 1.13, 0.03], [1, 0, 0, 1, 0])
Episode: 219; Score: [-2.66575339]; Action: ([1.27, 1.81, 0.9, 0.44, 0.08], [1, 2, 1, 0, 0])
Episode: 220; Score: [-2.74953843]; Action: ([0.36, 0.88, 0.89, 1.87, 1.26], [0, 1, 1, 2, 1])
Episode: 221; Score: [-4.87408444]; Action: ([1.7, 0.98, 1.68, 0.06, 0.46], [2, 1, 2, 0, 0])
Episode: 222; Score: [-2.51795749]; Action: ([1.99, 1.55, 2.0, 1.48, 1.56], [2, 2, 2, 2, 2])
Episode: 223; Score: [-5.17052186]; Action: ([0.92, 1.75, 0.14, 1.0, 1.36], [1, 2, 0, 1, 2])
Episode: 224; Score: [-1.67118808]; Action: ([1.65, 1.26, 0.55, 1.65, 1.74], [2, 1, 0, 2, 2])
Episode: 225; Score: [-4.64806259]; Action: ([0.96, 0.79, 0.65, 0.33, 1.91], [1, 1, 0, 0, 2])
Episode: 226; Score: [-5.5807518]; Action: ([0.93, 1.65, 0.86, 0.41, 1.72], [1, 2, 1, 0, 2])
Episode: 227; Score: [-6.35890255]; Action: ([1.72, 0.17, 1.58, 1.45, 1.45], [2, 0, 2, 2, 2])
Episode: 228; Score: [-1.66080924]; Action: ([2.0, 1.03, 1.56, 1.46, 1.47], [2, 1, 2, 2, 2])
Episode: 229; Score: [-4.9982009]; Action: ([0.14, 0.22, 0.0, 2.0, 1.65], [0, 0, 0, 2, 2])
Episode: 230; Score: [-4.26531045]; Action: ([0.69, 0.07, 0.76, 1.5, 1.24], [1, 0, 1, 2, 1])
Episode: 231; Score: [-2.80921304]; Action: ([2.0, 1.9, 1.16, 0.77, 0.48], [2, 2, 1, 1, 0])
Episode: 232; Score: [-4.65376679]; Action: ([1.21, 1.56, 0.1, 0.72, 1.06], [1, 2, 0, 1, 1])
Episode: 233; Score: [-6.82918718]; Action: ([0.89, 1.95, 1.69, 1.88, 0.42], [1, 2, 2, 2, 0])
Episode: 234; Score: [-4.01685159]; Action: ([1.44, 1.08, 0.53, 0.53, 0.56], [2, 1, 0, 0, 0])
Episode: 235; Score: [-3.24798339]; Action: ([0.31, 0.12, 0.46, 0.73, 1.85], [0, 0, 0, 1, 2])
Episode: 236; Score: [-7.49780881]; Action: ([0.22, 0.55, 0.69, 0.0, 0.05], [0, 0, 1, 0, 0])
Episode: 237; Score: [-5.26681908]; Action: ([0.54, 0.88, 1.47, 0.51, 0.27], [0, 1, 2, 0, 0])
Episode: 238; Score: [-3.71810985]; Action: ([1.23, 1.23, 0.67, 1.71, 0.91], [1, 1, 1, 2, 1])
Episode: 239; Score: [-3.77659156]; Action: ([0.02, 0.0, 1.7, 1.98, 1.51], [0, 0, 2, 2, 2])
Episode: 240; Score: [-4.936144]; Action: ([0.01, 0.0, 0.0, 0.05, 0.0], [0, 0, 0, 0, 0])
Episode: 241; Score: [-8.753361]; Action: ([0.0, 0.0, 0.15, 0.09, 0.0], [0, 0, 0, 0, 0])
Episode: 242; Score: [-8.836125]; Action: ([0.03, 0.0, 0.0, 0.06, 0.07], [0, 0, 0, 0, 0])
Episode: 243; Score: [-7.8257565]; Action: ([0.0, 0.05, 0.0, 0.13, 0.0], [0, 0, 0, 0, 0])
Episode: 244; Score: [-4.6473103]; Action: ([0.02, 0.09, 0.07, 0.17, 0.0], [0, 0, 0, 0, 0])
Episode: 245; Score: [-8.3207445]; Action: ([0.0, 0.08, 0.4, 0.08, 0.11], [0, 0, 0, 0, 0])
Episode: 246; Score: [-4.696512]; Action: ([0.0, 0.13, 0.12, 0.0, 0.06], [0, 0, 0, 0, 0])
Episode: 247; Score: [-7.599227]; Action: ([0.0, 0.0, 0.12, 0.06, 0.22], [0, 0, 0, 0, 0])
Episode: 248; Score: [-0.07164335]; Action: ([0.0, 0.03, 0.0, 0.0, 0.04], [0, 0, 0, 0, 0])
Episode: 249; Score: [-7.94357]; Action: ([0.0, 0.06, 0.0, 0.0, 0.0], [0, 0, 0, 0, 0])
Episode: 250; Score: [-8.597863]; Action: ([0.09, 0.14, 0.0, 0.0, 0.17], [0, 0, 0, 0, 0])
Episode: 251; Score: [-8.869785]; Action: ([0.06, 0.0, 0.0, 0.07, 0.0], [0, 0, 0, 0, 0])
Episode: 252; Score: [-4.5755253]; Action: ([0.03, 0.05, 0.11, 0.16, 0.07], [0, 0, 0, 0, 0])
Episode: 253; Score: [-0.15998995]; Action: ([0.01, 0.06, 0.04, 0.02, 0.03], [0, 0, 0, 0, 0])
Episode: 254; Score: [-0.3130877]; Action: ([0.0, 0.0, 0.0, 0.18, 0.13], [0, 0, 0, 0, 0])
Episode: 255; Score: [-7.893146]; Action: ([0.07, 0.0, 0.04, 0.0, 0.0], [0, 0, 0, 0, 0])
Episode: 256; Score: [-4.840806]; Action: ([0.0, 0.14, 0.0, 0.02, 0.0], [0, 0, 0, 0, 0])
Episode: 257; Score: [-7.8204474]; Action: ([0.0, 0.0, 0.0, 0.04, 0.14], [0, 0, 0, 0, 0])
Episode: 258; Score: [-8.95304]; Action: ([0.0, 0.0, 0.0, 0.0, 0.05], [0, 0, 0, 0, 0])
Episode: 259; Score: [-0.20444953]; Action: ([0.0, 0.06, 0.11, 0.04, 0.0], [0, 0, 0, 0, 0])
Episode: 260; Score: [-8.442562]; Action: ([0.0, 0.18, 0.24, 0.0, 0.14], [0, 0, 0, 0, 0])
Episode: 261; Score: [-0.421041]; Action: ([0.0, 0.26, 0.0, 0.16, 0.0], [0, 0, 0, 0, 0])
Episode: 262; Score: [-7.49454]; Action: ([0.19, 0.1, 0.11, 0.0, 0.11], [0, 0, 0, 0, 0])
Episode: 263; Score: [-0.17952716]; Action: ([0.0, 0.0, 0.0, 0.16, 0.02], [0, 0, 0, 0, 0])
Episode: 264; Score: [-0.04788578]; Action: ([0.0, 0.0, 0.0, 0.05, 0.0], [0, 0, 0, 0, 0])
Episode: 265; Score: [-7.720582]; Action: ([0.0, 0.16, 0.0, 0.12, 0.0], [0, 0, 0, 0, 0])
Episode: 266; Score: [-4.7901173]; Action: ([0.09, 0.0, 0.0, 0.01, 0.11], [0, 0, 0, 0, 0])
Episode: 267; Score: [-7.667495]; Action: ([0.15, 0.16, 0.0, 0.02, 0.0], [0, 0, 0, 0, 0])
Episode: 268; Score: [-7.9795485]; Action: ([0.0, 0.0, 0.0, 0.0, 0.02], [0, 0, 0, 0, 0])
Episode: 269; Score: [-4.964116]; Action: ([0.0, 0.0, 0.0, 0.0, 0.04], [0, 0, 0, 0, 0])
Episode: 270; Score: [-0.24186468]; Action: ([0.0, 0.0, 0.12, 0.0, 0.12], [0, 0, 0, 0, 0])
Episode: 271; Score: [-4.5916705]; Action: ([0.14, 0.04, 0.16, 0.0, 0.07], [0, 0, 0, 0, 0])
Episode: 272; Score: [-4.895744]; Action: ([0.03, 0.0, 0.0, 0.0, 0.07], [0, 0, 0, 0, 0])
Episode: 273; Score: [-8.]; Action: ([0.0, 0.0, 0.0, 0.0, 0.0], [0, 0, 0, 0, 0])
Episode: 274; Score: [-7.8283043]; Action: ([0.11, 0.05, 0.0, 0.0, 0.01], [0, 0, 0, 0, 0])
Episode: 275; Score: [-0.14458531]; Action: ([0.0, 0.0, 0.08, 0.07, 0.0], [0, 0, 0, 0, 0])
Episode: 276; Score: [-0.00713319]; Action: ([0.0, 0.0, 0.0, 0.0, 0.0], [0, 0, 0, 0, 0])
Episode: 277; Score: [-4.8571916]; Action: ([0.01, 0.08, 0.04, 0.01, 0.0], [0, 0, 0, 0, 0])
Episode: 278; Score: [-8.898661]; Action: ([0.02, 0.0, 0.0, 0.08, 0.0], [0, 0, 0, 0, 0])
Episode: 279; Score: [-7.944962]; Action: ([0.0, 0.0, 0.0, 0.02, 0.03], [0, 0, 0, 0, 0])
Episode: 280; Score: [-7.697431]; Action: ([0.12, 0.19, 0.0, 0.0, 0.0], [0, 0, 0, 0, 0])
Episode: 281; Score: [-8.938787]; Action: ([0.01, 0.0, 0.0, 0.0, 0.05], [0, 0, 0, 0, 0])
Episode: 282; Score: [-4.88157]; Action: ([0.01, 0.05, 0.05, 0.0, 0.0], [0, 0, 0, 0, 0])
Episode: 283; Score: [-4.8478446]; Action: ([0.0, 0.15, 0.0, 0.0, 0.0], [0, 0, 0, 0, 0])
Episode: 284; Score: [-7.6446404]; Action: ([0.0, 0.17, 0.02, 0.11, 0.06], [0, 0, 0, 0, 0])
Episode: 285; Score: [-0.18459243]; Action: ([0.01, 0.0, 0.0, 0.16, 0.02], [0, 0, 0, 0, 0])
Episode: 286; Score: [-8.663153]; Action: ([0.21, 0.0, 0.11, 0.02, 0.0], [0, 0, 0, 0, 0])
Episode: 287; Score: [-7.7619743]; Action: ([0.0, 0.04, 0.0, 0.09, 0.11], [0, 0, 0, 0, 0])
Episode: 288; Score: [-7.6593833]; Action: ([0.1, 0.14, 0.0, 0.1, 0.0], [0, 0, 0, 0, 0])
Episode: 289; Score: [-4.86534]; Action: ([0.03, 0.0, 0.0, 0.11, 0.0], [0, 0, 0, 0, 0])
Episode: 290; Score: [-7.7102838]; Action: ([0.25, 0.03, 0.01, 0.0, 0.0], [0, 0, 0, 0, 0])
Episode: 291; Score: [-4.6395683]; Action: ([0.0, 0.07, 0.0, 0.27, 0.01], [0, 0, 0, 0, 0])
Episode: 292; Score: [-4.860297]; Action: ([0.0, 0.12, 0.0, 0.01, 0.01], [0, 0, 0, 0, 0])
Episode: 293; Score: [-8.758993]; Action: ([0.12, 0.09, 0.0, 0.01, 0.02], [0, 0, 0, 0, 0])
Episode: 294; Score: [-7.9677286]; Action: ([0.0, 0.03, 0.0, 0.0, 0.0], [0, 0, 0, 0, 0])
Episode: 295; Score: [-0.20824546]; Action: ([0.0, 0.01, 0.0, 0.0, 0.2], [0, 0, 0, 0, 0])
Episode: 296; Score: [-8.883127]; Action: ([0.07, 0.0, 0.0, 0.05, 0.0], [0, 0, 0, 0, 0])
Episode: 297; Score: [-8.8079605]; Action: ([0.01, 0.0, 0.0, 0.18, 0.0], [0, 0, 0, 0, 0])
Episode: 298; Score: [-8.891551]; Action: ([0.0, 0.04, 0.04, 0.0, 0.02], [0, 0, 0, 0, 0])
Episode: 299; Score: [-7.671815]; Action: ([0.02, 0.11, 0.05, 0.0, 0.14], [0, 0, 0, 0, 0])
Episode: 300; Score: [-7.6948977]; Action: ([0.23, 0.05, 0.0, 0.01, 0.02], [0, 0, 0, 0, 0])
Episode: 301; Score: [-0.1314221]; Action: ([0.0, 0.0, 0.0, 0.05, 0.08], [0, 0, 0, 0, 0])
Episode: 302; Score: [-4.933529]; Action: ([0.05, 0.01, 0.0, 0.0, 0.0], [0, 0, 0, 0, 0])
Episode: 303; Score: [-0.26126134]; Action: ([0.0, 0.0, 0.0, 0.0, 0.26], [0, 0, 0, 0, 0])
Episode: 304; Score: [-8.7427635]; Action: ([0.11, 0.0, 0.07, 0.0, 0.07], [0, 0, 0, 0, 0])
Episode: 305; Score: [-0.14458066]; Action: ([0.01, 0.11, 0.03, 0.0, 0.0], [0, 0, 0, 0, 0])
Episode: 306; Score: [-8.746212]; Action: ([0.18, 0.0, 0.0, 0.07, 0.0], [0, 0, 0, 0, 0])
Episode: 307; Score: [-7.705988]; Action: ([0.0, 0.0, 0.2, 0.04, 0.06], [0, 0, 0, 0, 0])
Episode: 308; Score: [-8.895899]; Action: ([0.03, 0.0, 0.0, 0.07, 0.0], [0, 0, 0, 0, 0])
Episode: 309; Score: [-7.675763]; Action: ([0.0, 0.25, 0.0, 0.0, 0.07], [0, 0, 0, 0, 0])
Episode: 310; Score: [-0.35918188]; Action: ([0.15, 0.0, 0.0, 0.03, 0.17], [0, 0, 0, 0, 0])
Episode: 311; Score: [-7.996507]; Action: ([0.0, 0.0, 0.0, 0.0, 0.0], [0, 0, 0, 0, 0])
Episode: 312; Score: [-8.755653]; Action: ([0.0, 0.0, 0.0, 0.1, 0.15], [0, 0, 0, 0, 0])
Episode: 313; Score: [-7.7231674]; Action: ([0.0, 0.11, 0.14, 0.0, 0.03], [0, 0, 0, 0, 0])
Episode: 314; Score: [-4.848928]; Action: ([0.0, 0.07, 0.0, 0.0, 0.09], [0, 0, 0, 0, 0])
Episode: 315; Score: [-0.01396847]; Action: ([0.0, 0.01, 0.0, 0.0, 0.0], [0, 0, 0, 0, 0])
Episode: 316; Score: [0.]; Action: ([0.0, 0.0, 0.0, 0.0, 0.0], [0, 0, 0, 0, 0])
Episode: 317; Score: [0.]; Action: ([0.0, 0.0, 0.0, 0.0, 0.0], [0, 0, 0, 0, 0])
Episode: 318; Score: [-7.9653945]; Action: ([0.03, 0.0, 0.0, 0.0, 0.0], [0, 0, 0, 0, 0])
Episode: 319; Score: [-4.9949384]; Action: ([0.0, 0.0, 0.0, 0.0, 0.01], [0, 0, 0, 0, 0])
Episode: 320; Score: [-0.15040934]; Action: ([0.0, 0.0, 0.06, 0.0, 0.09], [0, 0, 0, 0, 0])
Episode: 321; Score: [-8.898228]; Action: ([0.1, 0.0, 0.0, 0.0, 0.0], [0, 0, 0, 0, 0])
Episode: 322; Score: [-0.05929267]; Action: ([0.0, 0.04, 0.01, 0.0, 0.0], [0, 0, 0, 0, 0])
Episode: 323; Score: [-0.25430006]; Action: ([0.0, 0.08, 0.0, 0.06, 0.11], [0, 0, 0, 0, 0])
Episode: 324; Score: [-4.689101]; Action: ([0.22, 0.0, 0.0, 0.0, 0.09], [0, 0, 0, 0, 0])
Episode: 325; Score: [-4.628336]; Action: ([0.21, 0.0, 0.14, 0.02, 0.0], [0, 0, 0, 0, 0])
Episode: 326; Score: [-4.6538796]; Action: ([0.0, 0.13, 0.16, 0.0, 0.05], [0, 0, 0, 0, 0])
Episode: 327; Score: [-4.783698]; Action: ([0.15, 0.06, 0.0, 0.0, 0.0], [0, 0, 0, 0, 0])
Episode: 328; Score: [-7.7112465]; Action: ([0.15, 0.0, 0.04, 0.1, 0.0], [0, 0, 0, 0, 0])
Episode: 329; Score: [-0.19885808]; Action: ([0.0, 0.0, 0.2, 0.0, 0.0], [0, 0, 0, 0, 0])
Episode: 330; Score: [-8.935796]; Action: ([0.0, 0.0, 0.0, 0.06, 0.0], [0, 0, 0, 0, 0])
Episode: 331; Score: [-8.662979]; Action: ([0.0, 0.01, 0.15, 0.0, 0.17], [0, 0, 0, 0, 0])
Episode: 332; Score: [-8.]; Action: ([0.0, 0.0, 0.0, 0.0, 0.0], [0, 0, 0, 0, 0])
Episode: 333; Score: [-7.670715]; Action: ([0.11, 0.0, 0.15, 0.04, 0.03], [0, 0, 0, 0, 0])
Episode: 334; Score: [-7.8746247]; Action: ([0.0, 0.0, 0.0, 0.0, 0.13], [0, 0, 0, 0, 0])
Episode: 335; Score: [-0.02970523]; Action: ([0.0, 0.03, 0.0, 0.0, 0.0], [0, 0, 0, 0, 0])
Episode: 336; Score: [-7.616016]; Action: ([0.06, 0.21, 0.0, 0.0, 0.11], [0, 0, 0, 0, 0])
Episode: 337; Score: [-4.842444]; Action: ([0.02, 0.0, 0.12, 0.0, 0.01], [0, 0, 0, 0, 0])
Episode: 338; Score: [-4.8158255]; Action: ([0.02, 0.03, 0.1, 0.0, 0.04], [0, 0, 0, 0, 0])
Episode: 339; Score: [-4.621787]; Action: ([0.09, 0.0, 0.0, 0.16, 0.12], [0, 0, 0, 0, 0])
Episode: 340; Score: [-4.9664183]; Action: ([0.01, 0.02, 0.0, 0.0, 0.0], [0, 0, 0, 0, 0])
Episode: 341; Score: [-8.87705]; Action: ([0.0, 0.0, 0.0, 0.0, 0.12], [0, 0, 0, 0, 0])
Episode: 342; Score: [-7.8541102]; Action: ([0.03, 0.0, 0.01, 0.11, 0.0], [0, 0, 0, 0, 0])
Episode: 343; Score: [-0.11487693]; Action: ([0.0, 0.0, 0.09, 0.02, 0.0], [0, 0, 0, 0, 0])
Episode: 344; Score: [-0.35826278]; Action: ([0.28, 0.0, 0.0, 0.08, 0.0], [0, 0, 0, 0, 0])
Episode: 345; Score: [-7.9359264]; Action: ([0.0, 0.0, 0.0, 0.05, 0.01], [0, 0, 0, 0, 0])
Episode: 346; Score: [-7.7273884]; Action: ([0.06, 0.05, 0.15, 0.01, 0.0], [0, 0, 0, 0, 0])
Episode: 347; Score: [-0.35531688]; Action: ([0.0, 0.13, 0.0, 0.06, 0.16], [0, 0, 0, 0, 0])
Episode: 348; Score: [-4.76348]; Action: ([0.0, 0.05, 0.0, 0.0, 0.19], [0, 0, 0, 0, 0])
Episode: 349; Score: [-0.26878703]; Action: ([0.15, 0.0, 0.0, 0.12, 0.0], [0, 0, 0, 0, 0])
Episode: 350; Score: [-7.672369]; Action: ([0.2, 0.0, 0.01, 0.06, 0.06], [0, 0, 0, 0, 0])
Episode: 351; Score: [-7.7969265]; Action: ([0.03, 0.0, 0.0, 0.0, 0.18], [0, 0, 0, 0, 0])
Episode: 352; Score: [-7.6334558]; Action: ([0.04, 0.18, 0.14, 0.0, 0.0], [0, 0, 0, 0, 0])
Episode: 353; Score: [-0.23937649]; Action: ([0.15, 0.06, 0.0, 0.03, 0.0], [0, 0, 0, 0, 0])
Episode: 354; Score: [-4.8528175]; Action: ([0.0, 0.03, 0.12, 0.0, 0.0], [0, 0, 0, 0, 0])
Episode: 355; Score: [-8.913792]; Action: ([0.0, 0.0, 0.0, 0.03, 0.05], [0, 0, 0, 0, 0])
Episode: 356; Score: [-4.977798]; Action: ([0.0, 0.0, 0.0, 0.02, 0.0], [0, 0, 0, 0, 0])
Episode: 357; Score: [-4.8269596]; Action: ([0.0, 0.09, 0.0, 0.08, 0.0], [0, 0, 0, 0, 0])
Episode: 358; Score: [-0.11438739]; Action: ([0.0, 0.05, 0.03, 0.0, 0.03], [0, 0, 0, 0, 0])
Episode: 359; Score: [-4.7278767]; Action: ([0.0, 0.03, 0.09, 0.05, 0.1], [0, 0, 0, 0, 0])
Episode: 360; Score: [-4.6908517]; Action: ([0.05, 0.0, 0.13, 0.13, 0.0], [0, 0, 0, 0, 0])
Episode: 361; Score: [-8.658992]; Action: ([0.11, 0.0, 0.19, 0.0, 0.04], [0, 0, 0, 0, 0])
Episode: 362; Score: [-4.839812]; Action: ([0.06, 0.0, 0.0, 0.1, 0.0], [0, 0, 0, 0, 0])
Episode: 363; Score: [-4.713584]; Action: ([0.0, 0.18, 0.11, 0.0, 0.0], [0, 0, 0, 0, 0])
Episode: 364; Score: [-7.98114]; Action: ([0.02, 0.0, 0.0, 0.0, 0.0], [0, 0, 0, 0, 0])
Episode: 365; Score: [-7.7747164]; Action: ([0.23, 0.0, 0.0, 0.0, 0.0], [0, 0, 0, 0, 0])
Episode: 366; Score: [-0.28749573]; Action: ([0.21, 0.0, 0.06, 0.02, 0.0], [0, 0, 0, 0, 0])
Episode: 367; Score: [-8.685903]; Action: ([0.08, 0.0, 0.08, 0.07, 0.08], [0, 0, 0, 0, 0])
Episode: 368; Score: [-0.19032013]; Action: ([0.0, 0.13, 0.0, 0.0, 0.05], [0, 0, 0, 0, 0])
Episode: 369; Score: [-7.904436]; Action: ([0.0, 0.01, 0.08, 0.0, 0.0], [0, 0, 0, 0, 0])
Episode: 370; Score: [-0.2867185]; Action: ([0.0, 0.28, 0.0, 0.0, 0.0], [0, 0, 0, 0, 0])
Episode: 371; Score: [-8.]; Action: ([0.0, 0.0, 0.0, 0.0, 0.0], [0, 0, 0, 0, 0])
Episode: 372; Score: [-8.948948]; Action: ([0.0, 0.0, 0.0, 0.04, 0.01], [0, 0, 0, 0, 0])
Episode: 373; Score: [-4.9857264]; Action: ([0.0, 0.0, 0.0, 0.0, 0.01], [0, 0, 0, 0, 0])
Episode: 374; Score: [-4.7423973]; Action: ([0.17, 0.05, 0.0, 0.03, 0.0], [0, 0, 0, 0, 0])
Episode: 375; Score: [-7.734826]; Action: ([0.1, 0.13, 0.0, 0.0, 0.04], [0, 0, 0, 0, 0])
Episode: 376; Score: [-4.935838]; Action: ([0.0, 0.0, 0.01, 0.06, 0.0], [0, 0, 0, 0, 0])
Episode: 377; Score: [-7.734159]; Action: ([0.17, 0.0, 0.1, 0.0, 0.0], [0, 0, 0, 0, 0])
Episode: 378; Score: [-7.875376]; Action: ([0.0, 0.07, 0.04, 0.02, 0.0], [0, 0, 0, 0, 0])
Episode: 379; Score: [-7.667053]; Action: ([0.09, 0.09, 0.13, 0.0, 0.02], [0, 0, 0, 0, 0])
Episode: 380; Score: [-4.6611924]; Action: ([0.0, 0.0, 0.13, 0.1, 0.11], [0, 0, 0, 0, 0])
Episode: 381; Score: [-7.9059744]; Action: ([0.01, 0.0, 0.07, 0.0, 0.01], [0, 0, 0, 0, 0])
Episode: 382; Score: [-7.6727257]; Action: ([0.1, 0.07, 0.07, 0.08, 0.0], [0, 0, 0, 0, 0])
Episode: 383; Score: [-0.3325091]; Action: ([0.08, 0.08, 0.17, 0.0, 0.0], [0, 0, 0, 0, 0])
Episode: 384; Score: [-0.4310488]; Action: ([0.02, 0.12, 0.19, 0.0, 0.1], [0, 0, 0, 0, 0])
Episode: 385; Score: [-0.15170914]; Action: ([0.03, 0.0, 0.09, 0.0, 0.03], [0, 0, 0, 0, 0])
Episode: 386; Score: [-7.8458824]; Action: ([0.0, 0.04, 0.05, 0.01, 0.06], [0, 0, 0, 0, 0])
Episode: 387; Score: [-7.7956314]; Action: ([0.0, 0.07, 0.08, 0.0, 0.05], [0, 0, 0, 0, 0])
Episode: 388; Score: [-8.676584]; Action: ([0.23, 0.06, 0.03, 0.0, 0.0], [0, 0, 0, 0, 0])
Episode: 389; Score: [-8.655716]; Action: ([0.0, 0.12, 0.0, 0.0, 0.22], [0, 0, 0, 0, 0])
Episode: 390; Score: [-4.9162064]; Action: ([0.0, 0.0, 0.08, 0.0, 0.0], [0, 0, 0, 0, 0])
Episode: 391; Score: [-8.682394]; Action: ([0.0, 0.02, 0.19, 0.0, 0.11], [0, 0, 0, 0, 0])
Episode: 392; Score: [-0.3630212]; Action: ([0.0, 0.0, 0.18, 0.0, 0.18], [0, 0, 0, 0, 0])
Episode: 393; Score: [-0.28032]; Action: ([0.1, 0.0, 0.0, 0.0, 0.19], [0, 0, 0, 0, 0])
Episode: 394; Score: [-7.9425287]; Action: ([0.0, 0.0, 0.0, 0.06, 0.0], [0, 0, 0, 0, 0])
Episode: 395; Score: [-4.811965]; Action: ([0.05, 0.0, 0.0, 0.09, 0.05], [0, 0, 0, 0, 0])
Episode: 396; Score: [-7.7642756]; Action: ([0.0, 0.24, 0.0, 0.0, 0.0], [0, 0, 0, 0, 0])
Episode: 397; Score: [-0.19273531]; Action: ([0.0, 0.02, 0.05, 0.12, 0.0], [0, 0, 0, 0, 0])
Episode: 398; Score: [-0.24989009]; Action: ([0.0, 0.14, 0.09, 0.0, 0.02], [0, 0, 0, 0, 0])
Episode: 399; Score: [-8.826945]; Action: ([0.08, 0.0, 0.1, 0.0, 0.0], [0, 0, 0, 0, 0])
Episode: 400; Score: [-4.4964533]; Action: ([0.21, 0.08, 0.08, 0.14, 0.0], [0, 0, 0, 0, 0])
Episode: 401; Score: [-7.5864487]; Action: ([0.0, 0.21, 0.11, 0.0, 0.09], [0, 0, 0, 0, 0])
Episode: 402; Score: [-7.6411705]; Action: ([0.02, 0.06, 0.11, 0.15, 0.01], [0, 0, 0, 0, 0])
Episode: 403; Score: [-0.31942338]; Action: ([0.0, 0.25, 0.0, 0.0, 0.07], [0, 0, 0, 0, 0])
Episode: 404; Score: [-8.731406]; Action: ([0.08, 0.12, 0.07, 0.0, 0.0], [0, 0, 0, 0, 0])
Episode: 405; Score: [-7.6806426]; Action: ([0.0, 0.0, 0.14, 0.13, 0.05], [0, 0, 0, 0, 0])
Episode: 406; Score: [-8.719356]; Action: ([0.08, 0.07, 0.02, 0.0, 0.11], [0, 0, 0, 0, 0])
Episode: 407; Score: [-8.797489]; Action: ([0.0, 0.0, 0.18, 0.0, 0.02], [0, 0, 0, 0, 0])
Episode: 408; Score: [-7.6802073]; Action: ([0.2, 0.0, 0.0, 0.02, 0.1], [0, 0, 0, 0, 0])
Episode: 409; Score: [-7.7287045]; Action: ([0.0, 0.0, 0.0, 0.19, 0.09], [0, 0, 0, 0, 0])
Episode: 410; Score: [-0.06775284]; Action: ([0.01, 0.01, 0.04, 0.0, 0.0], [0, 0, 0, 0, 0])
Episode: 411; Score: [-8.934887]; Action: ([0.0, 0.01, 0.02, 0.0, 0.03], [0, 0, 0, 0, 0])
Episode: 412; Score: [-9.]; Action: ([0.0, 0.0, 0.0, 0.0, 0.0], [0, 0, 0, 0, 0])
Episode: 413; Score: [-0.21964526]; Action: ([0.09, 0.13, 0.0, 0.0, 0.0], [0, 0, 0, 0, 0])
Episode: 414; Score: [-7.60324]; Action: ([0.17, 0.02, 0.07, 0.0, 0.15], [0, 0, 0, 0, 0])
Episode: 415; Score: [-0.37311035]; Action: ([0.0, 0.14, 0.0, 0.08, 0.16], [0, 0, 0, 0, 0])
Episode: 416; Score: [-7.9029646]; Action: ([0.0, 0.0, 0.08, 0.02, 0.0], [0, 0, 0, 0, 0])
Episode: 417; Score: [-0.22362912]; Action: ([0.0, 0.01, 0.1, 0.09, 0.02], [0, 0, 0, 0, 0])
Episode: 418; Score: [-0.5714683]; Action: ([0.02, 0.18, 0.22, 0.1, 0.04], [0, 0, 0, 0, 0])
Episode: 419; Score: [-7.90475]; Action: ([0.09, 0.0, 0.0, 0.01, 0.0], [0, 0, 0, 0, 0])
Episode: 420; Score: [-7.6925735]; Action: ([0.03, 0.0, 0.0, 0.06, 0.22], [0, 0, 0, 0, 0])
Episode: 421; Score: [-7.7840905]; Action: ([0.0, 0.0, 0.21, 0.0, 0.0], [0, 0, 0, 0, 0])
Episode: 422; Score: [-4.916109]; Action: ([0.0, 0.0, 0.02, 0.0, 0.06], [0, 0, 0, 0, 0])
Episode: 423; Score: [-7.7042055]; Action: ([0.15, 0.0, 0.05, 0.1, 0.0], [0, 0, 0, 0, 0])
Episode: 424; Score: [-4.9761057]; Action: ([0.02, 0.0, 0.0, 0.0, 0.0], [0, 0, 0, 0, 0])
Episode: 425; Score: [-4.800984]; Action: ([0.0, 0.0, 0.0, 0.0, 0.2], [0, 0, 0, 0, 0])
Episode: 426; Score: [-4.918265]; Action: ([0.02, 0.0, 0.0, 0.0, 0.06], [0, 0, 0, 0, 0])
Episode: 427; Score: [-4.718806]; Action: ([0.1, 0.0, 0.01, 0.13, 0.04], [0, 0, 0, 0, 0])
Episode: 428; Score: [-0.12184489]; Action: ([0.0, 0.07, 0.0, 0.02, 0.04], [0, 0, 0, 0, 0])
Episode: 429; Score: [-0.13926125]; Action: ([0.04, 0.1, 0.0, 0.0, 0.0], [0, 0, 0, 0, 0])
Episode: 430; Score: [-0.44277424]; Action: ([0.11, 0.13, 0.15, 0.0, 0.04], [0, 0, 0, 0, 0])
Episode: 431; Score: [-7.8909926]; Action: ([0.06, 0.0, 0.03, 0.0, 0.02], [0, 0, 0, 0, 0])
Episode: 432; Score: [-0.10310662]; Action: ([0.02, 0.0, 0.0, 0.0, 0.08], [0, 0, 0, 0, 0])
Episode: 433; Score: [-0.1688757]; Action: ([0.0, 0.06, 0.0, 0.07, 0.04], [0, 0, 0, 0, 0])
Episode: 434; Score: [-8.906501]; Action: ([0.0, 0.03, 0.0, 0.06, 0.0], [0, 0, 0, 0, 0])
Episode: 435; Score: [-0.3007897]; Action: ([0.0, 0.01, 0.1, 0.1, 0.09], [0, 0, 0, 0, 0])
Episode: 436; Score: [-0.14546996]; Action: ([0.0, 0.07, 0.0, 0.07, 0.0], [0, 0, 0, 0, 0])
Episode: 437; Score: [-8.557553]; Action: ([0.2, 0.14, 0.0, 0.03, 0.07], [0, 0, 0, 0, 0])
Episode: 438; Score: [-0.36271954]; Action: ([0.27, 0.0, 0.1, 0.0, 0.0], [0, 0, 0, 0, 0])
Episode: 439; Score: [-7.8574843]; Action: ([0.0, 0.02, 0.11, 0.0, 0.02], [0, 0, 0, 0, 0])
Episode: 440; Score: [-4.7835436]; Action: ([0.1, 0.12, 0.0, 0.0, 0.0], [0, 0, 0, 0, 0])
Episode: 441; Score: [-4.635465]; Action: ([0.03, 0.0, 0.14, 0.0, 0.2], [0, 0, 0, 0, 0])
Episode: 442; Score: [-4.6349516]; Action: ([0.02, 0.11, 0.04, 0.07, 0.13], [0, 0, 0, 0, 0])
Episode: 443; Score: [-7.8644476]; Action: ([0.0, 0.04, 0.1, 0.0, 0.0], [0, 0, 0, 0, 0])
Episode: 444; Score: [-0.09230608]; Action: ([0.0, 0.02, 0.03, 0.0, 0.05], [0, 0, 0, 0, 0])
Episode: 445; Score: [-8.727297]; Action: ([0.0, 0.06, 0.0, 0.11, 0.1], [0, 0, 0, 0, 0])
Episode: 446; Score: [-0.08931553]; Action: ([0.0, 0.09, 0.0, 0.0, 0.0], [0, 0, 0, 0, 0])
Episode: 447; Score: [-0.06232023]; Action: ([0.03, 0.0, 0.0, 0.04, 0.0], [0, 0, 0, 0, 0])
Episode: 448; Score: [-0.28753585]; Action: ([0.11, 0.0, 0.14, 0.04, 0.0], [0, 0, 0, 0, 0])
Episode: 449; Score: [-0.17765468]; Action: ([0.0, 0.0, 0.0, 0.03, 0.14], [0, 0, 0, 0, 0])
Episode: 450; Score: [-7.8516865]; Action: ([0.08, 0.07, 0.0, 0.0, 0.0], [0, 0, 0, 0, 0])
Episode: 451; Score: [-4.6810184]; Action: ([0.15, 0.0, 0.08, 0.0, 0.09], [0, 0, 0, 0, 0])
Episode: 452; Score: [-8.78789]; Action: ([0.0, 0.0, 0.15, 0.0, 0.07], [0, 0, 0, 0, 0])
Episode: 453; Score: [-7.712256]; Action: ([0.13, 0.0, 0.0, 0.15, 0.0], [0, 0, 0, 0, 0])
Episode: 454; Score: [-8.825135]; Action: ([0.0, 0.0, 0.0, 0.12, 0.05], [0, 0, 0, 0, 0])
Episode: 455; Score: [-5.]; Action: ([0.0, 0.0, 0.0, 0.0, 0.0], [0, 0, 0, 0, 0])
Episode: 456; Score: [-8.892936]; Action: ([0.01, 0.1, 0.0, 0.0, 0.0], [0, 0, 0, 0, 0])
Episode: 457; Score: [-8.903997]; Action: ([0.1, 0.0, 0.0, 0.0, 0.0], [0, 0, 0, 0, 0])
Episode: 458; Score: [-7.7297425]; Action: ([0.04, 0.12, 0.0, 0.07, 0.05], [0, 0, 0, 0, 0])
Episode: 459; Score: [-7.9233575]; Action: ([0.0, 0.03, 0.0, 0.0, 0.05], [0, 0, 0, 0, 0])
Episode: 460; Score: [-4.8455935]; Action: ([0.0, 0.15, 0.0, 0.0, 0.0], [0, 0, 0, 0, 0])
Episode: 461; Score: [-4.996455]; Action: ([0.0, 0.0, 0.0, 0.0, 0.0], [0, 0, 0, 0, 0])
Episode: 462; Score: [-0.31725526]; Action: ([0.0, 0.01, 0.16, 0.16, 0.0], [0, 0, 0, 0, 0])
Episode: 463; Score: [-4.765506]; Action: ([0.07, 0.01, 0.02, 0.13, 0.0], [0, 0, 0, 0, 0])
Episode: 464; Score: [-4.9199176]; Action: ([0.04, 0.03, 0.0, 0.01, 0.0], [0, 0, 0, 0, 0])
Episode: 465; Score: [-8.534511]; Action: ([0.15, 0.0, 0.01, 0.26, 0.05], [0, 0, 0, 0, 0])
Episode: 466; Score: [-0.18282843]; Action: ([0.0, 0.16, 0.0, 0.0, 0.03], [0, 0, 0, 0, 0])
Episode: 467; Score: [-0.07975858]; Action: ([0.0, 0.0, 0.02, 0.0, 0.06], [0, 0, 0, 0, 0])
Episode: 468; Score: [-4.9099007]; Action: ([0.0, 0.0, 0.0, 0.0, 0.09], [0, 0, 0, 0, 0])
Episode: 469; Score: [-4.9395485]; Action: ([0.0, 0.0, 0.0, 0.06, 0.0], [0, 0, 0, 0, 0])
Episode: 470; Score: [-7.4391494]; Action: ([0.0, 0.0, 0.2, 0.07, 0.3], [0, 0, 0, 0, 0])
Episode: 471; Score: [-0.21800518]; Action: ([0.0, 0.0, 0.12, 0.04, 0.06], [0, 0, 0, 0, 0])
Episode: 472; Score: [-0.12600029]; Action: ([0.12, 0.0, 0.0, 0.0, 0.0], [0, 0, 0, 0, 0])
Episode: 473; Score: [-8.837486]; Action: ([0.04, 0.07, 0.05, 0.0, 0.0], [0, 0, 0, 0, 0])
Episode: 474; Score: [-7.952017]; Action: ([0.0, 0.0, 0.04, 0.01, 0.0], [0, 0, 0, 0, 0])
Episode: 475; Score: [-0.25977552]; Action: ([0.26, 0.0, 0.0, 0.0, 0.0], [0, 0, 0, 0, 0])
Episode: 476; Score: [-0.0435136]; Action: ([0.0, 0.04, 0.0, 0.0, 0.0], [0, 0, 0, 0, 0])
Episode: 477; Score: [-7.8503237]; Action: ([0.0, 0.06, 0.0, 0.03, 0.06], [0, 0, 0, 0, 0])
Episode: 478; Score: [-4.7738967]; Action: ([0.0, 0.02, 0.06, 0.15, 0.0], [0, 0, 0, 0, 0])
Episode: 479; Score: [-7.723783]; Action: ([0.0, 0.0, 0.01, 0.13, 0.13], [0, 0, 0, 0, 0])
Episode: 480; Score: [-7.746353]; Action: ([0.14, 0.0, 0.0, 0.1, 0.01], [0, 0, 0, 0, 0])
Episode: 481; Score: [-7.631621]; Action: ([0.11, 0.0, 0.21, 0.0, 0.04], [0, 0, 0, 0, 0])
Episode: 482; Score: [-4.8610697]; Action: ([0.13, 0.0, 0.0, 0.01, 0.0], [0, 0, 0, 0, 0])
Episode: 483; Score: [-7.895304]; Action: ([0.01, 0.05, 0.0, 0.04, 0.0], [0, 0, 0, 0, 0])
Episode: 484; Score: [-0.6282335]; Action: ([0.16, 0.22, 0.21, 0.04, 0.0], [0, 0, 0, 0, 0])
Episode: 485; Score: [-0.32074863]; Action: ([0.0, 0.15, 0.07, 0.0, 0.1], [0, 0, 0, 0, 0])
Episode: 486; Score: [-0.08269107]; Action: ([0.0, 0.03, 0.0, 0.0, 0.06], [0, 0, 0, 0, 0])
Episode: 487; Score: [-8.]; Action: ([0.0, 0.0, 0.0, 0.0, 0.0], [0, 0, 0, 0, 0])
Episode: 488; Score: [-7.790207]; Action: ([0.0, 0.04, 0.06, 0.01, 0.09], [0, 0, 0, 0, 0])
Episode: 489; Score: [-0.01244289]; Action: ([0.0, 0.0, 0.0, 0.0, 0.01], [0, 0, 0, 0, 0])
Episode: 490; Score: [-7.769188]; Action: ([0.0, 0.0, 0.0, 0.18, 0.05], [0, 0, 0, 0, 0])
Episode: 491; Score: [-0.10931873]; Action: ([0.0, 0.11, 0.0, 0.0, 0.0], [0, 0, 0, 0, 0])
Episode: 492; Score: [-7.8154206]; Action: ([0.13, 0.0, 0.05, 0.0, 0.0], [0, 0, 0, 0, 0])
Episode: 493; Score: [-4.8615003]; Action: ([0.07, 0.0, 0.07, 0.0, 0.0], [0, 0, 0, 0, 0])
Episode: 494; Score: [-7.8031416]; Action: ([0.0, 0.15, 0.01, 0.0, 0.03], [0, 0, 0, 0, 0])
Episode: 495; Score: [-7.9231334]; Action: ([0.06, 0.0, 0.02, 0.0, 0.0], [0, 0, 0, 0, 0])
Episode: 496; Score: [-8.557498]; Action: ([0.1, 0.09, 0.07, 0.05, 0.14], [0, 0, 0, 0, 0])
Episode: 497; Score: [-7.80713]; Action: ([0.0, 0.0, 0.06, 0.07, 0.07], [0, 0, 0, 0, 0])
Episode: 498; Score: [-4.7550087]; Action: ([0.0, 0.0, 0.08, 0.14, 0.02], [0, 0, 0, 0, 0])
Episode: 499; Score: [-4.797173]; Action: ([0.04, 0.0, 0.16, 0.0, 0.0], [0, 0, 0, 0, 0])
Episode: 500; Score: [-0.14991271]; Action: ([0.0, 0.0, 0.0, 0.02, 0.13], [0, 0, 0, 0, 0])
Episode: 501; Score: [-7.7153964]; Action: ([0.22, 0.07, 0.0, 0.0, 0.0], [0, 0, 0, 0, 0])
Episode: 502; Score: [-7.802495]; Action: ([0.0, 0.17, 0.0, 0.02, 0.0], [0, 0, 0, 0, 0])
Episode: 503; Score: [-8.906357]; Action: ([0.0, 0.09, 0.0, 0.0, 0.0], [0, 0, 0, 0, 0])
Episode: 504; Score: [-4.5558534]; Action: ([0.04, 0.12, 0.05, 0.24, 0.0], [0, 0, 0, 0, 0])
Episode: 505; Score: [-7.785468]; Action: ([0.0, 0.0, 0.06, 0.0, 0.15], [0, 0, 0, 0, 0])
