Episode: 0; Score: -6.244072575122118; Action: ([2.0, 1.18, 0.95, 0.11, 2.0], [2, 1, 1, 0, 2])
Episode: 1; Score: -7.016863912343979; Action: ([1.9, 1.12, 0.0, 2.0, 2.0], [2, 1, 0, 2, 2])
Episode: 2; Score: -6.082377817016095; Action: ([0.99, 0.01, 2.0, 2.0, 1.08], [1, 0, 2, 2, 1])
Episode: 3; Score: -3.1650169864296913; Action: ([0.0, 1.09, 1.21, 0.87, 0.0], [0, 1, 1, 1, 0])
Episode: 4; Score: -5.913490567356348; Action: ([1.92, 1.07, 0.97, 0.0, 1.95], [2, 1, 1, 0, 2])
Episode: 5; Score: -6.917667414993048; Action: ([2.0, 0.97, 0.02, 1.97, 1.96], [2, 1, 0, 2, 2])
Episode: 6; Score: -5.924435559660196; Action: ([1.05, 0.04, 1.86, 2.0, 0.97], [1, 0, 2, 2, 1])
Episode: 7; Score: -3.3814909886568785; Action: ([0.03, 0.97, 1.09, 1.17, 0.12], [0, 1, 1, 1, 0])
Episode: 8; Score: -5.90955002233386; Action: ([2.0, 0.95, 1.03, 0.0, 1.93], [2, 1, 1, 0, 2])
Episode: 9; Score: -6.555109366774559; Action: ([1.95, 0.91, 0.0, 1.91, 1.78], [2, 1, 0, 2, 2])
Episode: 10; Score: -5.910356229171157; Action: ([0.98, 0.0, 1.96, 2.0, 0.97], [1, 0, 2, 2, 1])
Episode: 11; Score: -3.1668545408174396; Action: ([0.05, 1.16, 0.96, 1.0, 0.0], [0, 1, 1, 1, 0])
Episode: 12; Score: -6.126979501917958; Action: ([2.0, 1.22, 0.97, 0.0, 1.94], [2, 1, 1, 0, 2])
Episode: 13; Score: -6.920655742287636; Action: ([2.0, 1.14, 0.0, 1.89, 1.89], [2, 1, 0, 2, 2])
Episode: 14; Score: -5.7780824094079435; Action: ([1.0, 0.0, 1.85, 1.92, 1.01], [1, 0, 2, 2, 1])
Episode: 15; Score: -3.195337414741516; Action: ([0.09, 1.05, 0.88, 1.09, 0.09], [0, 1, 1, 1, 0])
Episode: 16; Score: -5.799637332558632; Action: ([2.0, 0.94, 0.92, 0.0, 1.94], [2, 1, 1, 0, 2])
Episode: 17; Score: -6.7602390348911285; Action: ([1.78, 1.04, 0.0, 1.96, 1.98], [2, 1, 0, 2, 2])
Episode: 18; Score: -5.892538376152515; Action: ([0.96, 0.0, 1.86, 1.95, 1.12], [1, 0, 2, 2, 1])
Episode: 19; Score: -2.969079330243403; Action: ([0.07, 1.0, 1.06, 0.84, 0.0], [0, 1, 1, 1, 0])
Episode: 20; Score: -5.858208641409874; Action: ([1.96, 0.87, 1.08, 0.0, 1.94], [2, 1, 1, 0, 2])
Episode: 21; Score: -6.876116685569286; Action: ([2.0, 0.88, 0.0, 2.0, 2.0], [2, 1, 0, 2, 2])
Episode: 22; Score: -6.102194122504443; Action: ([1.14, 0.0, 2.0, 1.97, 0.99], [1, 0, 2, 2, 1])
Episode: 23; Score: -2.9604736221954226; Action: ([0.01, 1.01, 0.95, 0.92, 0.06], [0, 1, 1, 1, 0])
Episode: 24; Score: -6.1582648903131485; Action: ([2.0, 1.12, 0.92, 0.13, 2.0], [2, 1, 1, 0, 2])
Episode: 25; Score: -6.637329921126366; Action: ([1.91, 0.91, 0.05, 1.91, 1.85], [2, 1, 0, 2, 2])
Episode: 26; Score: -5.851440850645304; Action: ([0.82, 0.0, 2.0, 2.0, 1.03], [1, 0, 2, 2, 1])
Episode: 27; Score: -3.064314402989112; Action: ([0.03, 1.0, 0.98, 1.05, 0.0], [0, 1, 1, 1, 0])
Episode: 28; Score: -6.208273486234248; Action: ([2.0, 1.11, 1.0, 0.09, 2.0], [2, 1, 1, 0, 2])
Episode: 29; Score: -7.012849077582359; Action: ([1.95, 1.13, 0.0, 1.94, 2.0], [2, 1, 0, 2, 2])
Episode: 30; Score: -5.6444740917067975; Action: ([0.91, 0.0, 1.77, 1.97, 1.0], [1, 0, 2, 2, 1])
Episode: 31; Score: -3.2452692920342088; Action: ([0.1, 1.1, 1.02, 0.99, 0.03], [0, 1, 1, 1, 0])
Episode: 32; Score: -6.000871814787388; Action: ([2.0, 1.12, 0.93, 0.0, 1.95], [2, 1, 1, 0, 2])
Episode: 33; Score: -7.1647943668067455; Action: ([1.97, 1.05, 0.14, 2.0, 2.0], [2, 1, 0, 2, 2])
Episode: 34; Score: -6.099124573171139; Action: ([0.91, 0.14, 1.97, 1.97, 1.11], [1, 0, 2, 2, 1])
Episode: 35; Score: -3.038704527541995; Action: ([0.12, 0.88, 0.98, 1.03, 0.03], [0, 1, 1, 1, 0])
Episode: 36; Score: -6.038228251039982; Action: ([2.0, 0.92, 1.12, 0.0, 2.0], [2, 1, 1, 0, 2])
Episode: 37; Score: -6.641185263171792; Action: ([1.91, 1.03, 0.0, 1.76, 1.95], [2, 1, 0, 2, 2])
Episode: 38; Score: -6.257088474929333; Action: ([1.06, 0.02, 2.0, 2.0, 1.18], [1, 0, 2, 2, 1])
Episode: 39; Score: -2.7760665779933333; Action: ([0.0, 0.9, 0.99, 0.89, 0.0], [0, 1, 1, 1, 0])
Episode: 40; Score: -6.000635385513306; Action: ([1.81, 0.95, 1.09, 0.14, 2.0], [2, 1, 1, 0, 2])
Episode: 41; Score: -7.029289409518242; Action: ([2.0, 1.14, 0.1, 2.0, 1.79], [2, 1, 0, 2, 2])
Episode: 42; Score: -5.88200690690428; Action: ([0.89, 0.0, 2.0, 2.0, 0.99], [1, 0, 2, 2, 1])
Episode: 43; Score: -3.0458948761224747; Action: ([0.0, 1.11, 0.81, 1.12, 0.0], [0, 1, 1, 1, 0])
Episode: 44; Score: -6.231763601303101; Action: ([2.0, 1.1, 1.13, 0.0, 2.0], [2, 1, 1, 0, 2])
Episode: 45; Score: -6.751751981675625; Action: ([1.8, 1.03, 0.05, 1.99, 1.89], [2, 1, 0, 2, 2])
Episode: 46; Score: -5.843325756490231; Action: ([1.05, 0.0, 1.79, 1.94, 1.07], [1, 0, 2, 2, 1])
Episode: 47; Score: -2.841658253222704; Action: ([0.0, 0.95, 1.05, 0.84, 0.0], [0, 1, 1, 1, 0])
Episode: 48; Score: -5.993645052425563; Action: ([1.97, 1.0, 1.03, 0.0, 2.0], [2, 1, 1, 0, 2])
Episode: 49; Score: -6.873614933341742; Action: ([1.87, 1.0, 0.0, 2.0, 2.0], [2, 1, 0, 2, 2])
Episode: 50; Score: -6.061661580577493; Action: ([0.98, 0.11, 1.96, 1.89, 1.12], [1, 0, 2, 2, 1])
Episode: 51; Score: -3.3812355250120163; Action: ([0.1, 1.03, 1.21, 1.04, 0.01], [0, 1, 1, 1, 0])
Episode: 52; Score: -6.153191857039928; Action: ([2.0, 1.04, 1.11, 0.0, 2.0], [2, 1, 1, 0, 2])
Episode: 53; Score: -6.901255168020725; Action: ([2.0, 0.95, 0.0, 2.0, 1.95], [2, 1, 0, 2, 2])
Episode: 54; Score: -5.984029285609722; Action: ([0.93, 0.0, 1.94, 2.0, 1.11], [1, 0, 2, 2, 1])
Episode: 55; Score: -3.2597716154996306; Action: ([0.0, 1.05, 1.0, 1.06, 0.14], [0, 1, 1, 1, 0])
Episode: 56; Score: -6.0877063274383545; Action: ([1.95, 1.14, 1.03, 0.11, 1.87], [2, 1, 1, 0, 2])
Episode: 57; Score: -6.992098242044449; Action: ([2.0, 0.86, 0.13, 2.0, 2.0], [2, 1, 0, 2, 2])
Episode: 58; Score: -5.897415068466216; Action: ([0.93, 0.0, 2.0, 1.96, 1.0], [1, 0, 2, 2, 1])
Episode: 59; Score: -2.7472288496792316; Action: ([0.05, 1.05, 0.87, 0.78, 0.0], [0, 1, 1, 1, 0])
Episode: 60; Score: -5.89007992297411; Action: ([2.0, 1.08, 0.84, 0.0, 1.97], [2, 1, 1, 0, 2])
Episode: 61; Score: -6.883457832038403; Action: ([2.0, 0.91, 0.0, 1.97, 2.0], [2, 1, 0, 2, 2])
Episode: 62; Score: -6.02099671959877; Action: ([1.1, 0.0, 2.0, 1.8, 1.12], [1, 0, 2, 2, 1])
Episode: 63; Score: -2.9896805435419083; Action: ([0.0, 1.05, 0.82, 1.11, 0.0], [0, 1, 1, 1, 0])
Episode: 64; Score: -6.0987651236355305; Action: ([2.0, 1.1, 0.99, 0.06, 1.95], [2, 1, 1, 0, 2])
Episode: 65; Score: -7.044923558831215; Action: ([1.97, 1.06, 0.02, 2.0, 2.0], [2, 1, 0, 2, 2])
Episode: 66; Score: -5.917449153959751; Action: ([0.96, 0.01, 1.8, 1.97, 1.17], [1, 0, 2, 2, 1])
Episode: 67; Score: -3.3474005238967948; Action: ([0.1, 1.0, 1.12, 1.14, 0.0], [0, 1, 1, 1, 0])
Episode: 68; Score: -5.689377633854747; Action: ([1.87, 1.03, 0.79, 0.0, 2.0], [2, 1, 1, 0, 2])
Episode: 69; Score: -7.133514329791069; Action: ([2.0, 1.13, 0.0, 2.0, 2.0], [2, 1, 0, 2, 2])
Episode: 70; Score: -6.070590011775494; Action: ([0.8, 0.19, 1.98, 2.0, 1.1], [1, 0, 2, 2, 1])
Episode: 71; Score: -3.7902508974075317; Action: ([0.0, 1.17, 1.2, 1.12, 0.31], [0, 1, 1, 1, 0])
Episode: 72; Score: -5.865830578259192; Action: ([1.94, 1.0, 1.02, 0.0, 1.9], [2, 1, 1, 0, 2])
Episode: 73; Score: -6.920667871832848; Action: ([2.0, 1.12, 0.0, 1.94, 1.86], [2, 1, 0, 2, 2])
Episode: 74; Score: -5.747358027845621; Action: ([0.96, 0.04, 1.87, 1.84, 1.04], [1, 0, 2, 2, 1])
Episode: 75; Score: -3.009866909123957; Action: ([0.0, 0.95, 1.04, 1.01, 0.0], [0, 1, 1, 1, 0])
Episode: 76; Score: -6.205819338560104; Action: ([1.92, 1.06, 1.12, 0.11, 2.0], [2, 1, 1, 0, 2])
Episode: 77; Score: -6.95084722712636; Action: ([1.95, 0.94, 0.06, 2.0, 2.0], [2, 1, 0, 2, 2])
Episode: 78; Score: -5.905798263847828; Action: ([0.97, 0.0, 2.0, 2.0, 0.94], [1, 0, 2, 2, 1])
Episode: 79; Score: -3.230098709464073; Action: ([0.0, 1.1, 1.18, 0.85, 0.1], [0, 1, 1, 1, 0])
Episode: 80; Score: -6.029931401833892; Action: ([2.0, 1.05, 0.98, 0.0, 2.0], [2, 1, 1, 0, 2])
Episode: 81; Score: -6.990869924426079; Action: ([2.0, 1.13, 0.0, 2.0, 1.87], [2, 1, 0, 2, 2])
Episode: 82; Score: -5.9387082234025; Action: ([0.97, 0.09, 1.98, 2.0, 0.9], [1, 0, 2, 2, 1])
Episode: 83; Score: -3.183471631258726; Action: ([0.13, 1.05, 0.97, 1.03, 0.0], [0, 1, 1, 1, 0])
Episode: 84; Score: -5.686379547230899; Action: ([1.99, 1.01, 0.98, 0.01, 1.69], [2, 1, 1, 0, 2])
Episode: 85; Score: -6.879810426384211; Action: ([1.9, 1.02, 0.0, 2.0, 1.96], [2, 1, 0, 2, 2])
Episode: 86; Score: -5.861954547464848; Action: ([0.93, 0.0, 2.0, 1.9, 1.03], [1, 0, 2, 2, 1])
Episode: 87; Score: -3.1588067710399628; Action: ([0.0, 1.05, 1.03, 0.89, 0.19], [0, 1, 1, 1, 0])
Episode: 88; Score: -6.129511845298111; Action: ([2.0, 1.02, 1.12, 0.06, 1.94], [2, 1, 1, 0, 2])
Episode: 89; Score: -7.0491640493273735; Action: ([2.0, 0.93, 0.14, 2.0, 1.97], [2, 1, 0, 2, 2])
Episode: 90; Score: -6.106598645448685; Action: ([0.97, 0.0, 2.0, 2.0, 1.14], [1, 0, 2, 2, 1])
Episode: 91; Score: -3.000574477016926; Action: ([0.17, 0.9, 1.04, 0.88, 0.02], [0, 1, 1, 1, 0])
Episode: 92; Score: -5.5235255509614944; Action: ([2.0, 0.67, 0.83, 0.03, 2.0], [2, 1, 1, 0, 2])
Episode: 93; Score: -7.032999373972416; Action: ([1.94, 1.08, 0.02, 2.0, 2.0], [2, 1, 0, 2, 2])
Episode: 94; Score: -6.051613699644804; Action: ([1.06, 0.23, 2.0, 1.88, 0.88], [1, 0, 2, 2, 1])
Episode: 95; Score: -3.4059149101376534; Action: ([0.0, 1.14, 1.1, 1.16, 0.0], [0, 1, 1, 1, 0])
Episode: 96; Score: -5.58323659747839; Action: ([1.9, 0.81, 0.9, 0.06, 1.91], [2, 1, 1, 0, 2])
Episode: 97; Score: -6.973714552819729; Action: ([1.99, 0.98, 0.0, 2.0, 2.0], [2, 1, 0, 2, 2])
Episode: 98; Score: -6.073438225314021; Action: ([1.03, 0.0, 1.95, 1.98, 1.11], [1, 0, 2, 2, 1])
Episode: 99; Score: -2.9812769051641226; Action: ([0.11, 0.91, 0.98, 0.98, 0.0], [0, 1, 1, 1, 0])
Episode: 100; Score: -5.952513702213764; Action: ([2.0, 0.85, 1.06, 0.04, 2.0], [2, 1, 1, 0, 2])
Episode: 101; Score: -6.940170466899872; Action: ([2.0, 1.13, 0.0, 1.89, 1.92], [2, 1, 0, 2, 2])
Episode: 102; Score: -6.1105248518288136; Action: ([1.03, 0.0, 1.93, 2.0, 1.15], [1, 0, 2, 2, 1])
Episode: 103; Score: -3.1725752267520875; Action: ([0.0, 1.02, 1.05, 1.0, 0.1], [0, 1, 1, 1, 0])
Episode: 104; Score: -5.639514431357384; Action: ([1.85, 0.88, 0.88, 0.12, 1.91], [2, 1, 1, 0, 2])
Episode: 105; Score: -7.152071259915829; Action: ([2.0, 1.06, 0.09, 2.0, 2.0], [2, 1, 0, 2, 2])
Episode: 106; Score: -6.2596714571118355; Action: ([1.17, 0.08, 1.93, 2.0, 1.07], [1, 0, 2, 2, 1])
Episode: 107; Score: -3.2713173567317426; Action: ([0.0, 1.12, 1.05, 1.0, 0.1], [0, 1, 1, 1, 0])
Episode: 108; Score: -6.109153253957629; Action: ([1.93, 1.13, 1.01, 0.03, 2.0], [2, 1, 1, 0, 2])
Episode: 109; Score: -6.92944568162784; Action: ([1.8, 1.0, 0.14, 2.0, 2.0], [2, 1, 0, 2, 2])
Episode: 110; Score: -5.798161425627768; Action: ([0.92, 0.01, 1.98, 1.88, 1.01], [1, 0, 2, 2, 1])
Episode: 111; Score: -2.6544605791568756; Action: ([0.03, 0.88, 0.89, 0.84, 0.02], [0, 1, 1, 1, 0])
Episode: 112; Score: -5.946656154468656; Action: ([1.86, 1.01, 1.02, 0.05, 2.0], [2, 1, 1, 0, 2])
Episode: 113; Score: -6.9451848808676; Action: ([2.0, 1.03, 0.11, 1.97, 1.84], [2, 1, 0, 2, 2])
Episode: 114; Score: -5.9662662371993065; Action: ([0.96, 0.01, 1.95, 1.95, 1.11], [1, 0, 2, 2, 1])
Episode: 115; Score: -3.0112106315791607; Action: ([0.0, 1.09, 0.87, 1.06, 0.0], [0, 1, 1, 1, 0])
Episode: 116; Score: -5.972650928189978; Action: ([1.94, 1.0, 1.03, 0.0, 1.99], [2, 1, 1, 0, 2])
Episode: 117; Score: -6.8342644004151225; Action: ([2.0, 0.99, 0.0, 1.85, 1.99], [2, 1, 0, 2, 2])
Episode: 118; Score: -6.050471127266064; Action: ([1.06, 0.14, 1.89, 1.96, 1.0], [1, 0, 2, 2, 1])
Episode: 119; Score: -2.547591019421816; Action: ([0.0, 0.72, 0.86, 0.97, 0.0], [0, 1, 1, 1, 0])
Episode: 120; Score: -5.673440269427374; Action: ([1.75, 0.95, 1.0, 0.06, 1.92], [2, 1, 1, 0, 2])
Episode: 121; Score: -6.905609576031566; Action: ([2.0, 0.98, 0.0, 2.0, 1.92], [2, 1, 0, 2, 2])
Episode: 122; Score: -6.288070842623711; Action: ([1.12, 0.0, 2.0, 2.0, 1.16], [1, 0, 2, 2, 1])
Episode: 123; Score: -2.8273546993732452; Action: ([0.0, 0.94, 0.92, 0.97, 0.0], [0, 1, 1, 1, 0])
Episode: 124; Score: -5.951785531826317; Action: ([1.98, 0.92, 0.99, 0.06, 2.0], [2, 1, 1, 0, 2])
Episode: 125; Score: -7.180982917547226; Action: ([2.0, 1.07, 0.17, 2.0, 1.95], [2, 1, 0, 2, 2])
Episode: 126; Score: -6.100056474097073; Action: ([1.07, 0.04, 1.97, 2.0, 1.01], [1, 0, 2, 2, 1])
Episode: 127; Score: -3.285761382430792; Action: ([0.1, 1.14, 1.02, 0.97, 0.07], [0, 1, 1, 1, 0])
Episode: 128; Score: -6.06470799446106; Action: ([2.0, 1.11, 0.95, 0.0, 2.0], [2, 1, 1, 0, 2])
Episode: 129; Score: -7.069725714623928; Action: ([2.0, 1.08, 0.0, 1.99, 2.0], [2, 1, 0, 2, 2])
Episode: 130; Score: -6.141629680991173; Action: ([1.15, 0.15, 2.0, 2.0, 0.85], [1, 0, 2, 2, 1])
Episode: 131; Score: -2.6955199390649796; Action: ([0.0, 0.86, 0.86, 0.93, 0.05], [0, 1, 1, 1, 0])
Episode: 132; Score: -5.8958673141896725; Action: ([1.93, 1.1, 0.96, 0.0, 1.91], [2, 1, 1, 0, 2])
Episode: 133; Score: -6.769419863820076; Action: ([1.97, 0.79, 0.01, 2.0, 2.0], [2, 1, 0, 2, 2])
