Episode: 0; Score: -3.136371113359928; Action: ([2.0, 0.91, 1.05, 0.0, 2.0], [2, 1, 1, 0, 2])
Episode: 1; Score: [-4.54949367]; Action: ([1.52, 0.02, 0.84, 1.44, 0.73], [2, 0, 1, 2, 1])
Episode: 2; Score: -4.031835094094276; Action: ([1.99, 1.08, 0.0, 2.0, 1.96], [2, 1, 0, 2, 2])
Episode: 3; Score: [-3.99915126]; Action: ([1.71, 0.24, 0.22, 0.66, 1.18], [2, 0, 0, 0, 1])
Episode: 4; Score: -3.0645965673029423; Action: ([0.95, 0.01, 2.0, 1.96, 0.93], [1, 0, 2, 2, 1])
Episode: 5; Score: [-5.2602328]; Action: ([0.33, 0.61, 1.7, 0.31, 0.78], [0, 0, 2, 0, 1])
Episode: 6; Score: -3.104431450366974; Action: ([0.08, 1.0, 0.95, 1.04, 0.05], [0, 1, 1, 1, 0])
Episode: 7; Score: [-6.65787298]; Action: ([1.5, 1.38, 1.28, 0.88, 1.62], [2, 2, 1, 1, 2])
Episode: 8; Score: -5.921924257650971; Action: ([2.0, 1.01, 0.99, 0.01, 1.91], [2, 1, 1, 0, 2])
Episode: 9; Score: [-5.84096615]; Action: ([0.25, 1.9, 1.91, 0.28, 0.62], [0, 2, 2, 0, 0])
Episode: 10; Score: -3.8937018401920795; Action: ([2.0, 0.98, 0.04, 1.95, 1.97], [2, 1, 0, 2, 2])
Episode: 11; Score: [-3.81008278]; Action: ([1.56, 1.93, 1.74, 1.3, 0.51], [2, 2, 2, 1, 0])
Episode: 12; Score: -4.103154018521309; Action: ([0.89, 0.0, 1.96, 1.97, 0.99], [1, 0, 2, 2, 1])
Episode: 13; Score: [-3.89911864]; Action: ([0.02, 0.25, 0.38, 1.46, 1.78], [0, 0, 0, 2, 2])
Episode: 14; Score: -5.977721242234111; Action: ([0.0, 0.94, 0.97, 1.05, 0.06], [0, 1, 1, 1, 0])
Episode: 15; Score: [-5.20137537]; Action: ([1.36, 1.37, 0.1, 0.77, 0.95], [2, 2, 0, 1, 1])
Episode: 16; Score: -2.9565071971155703; Action: ([1.96, 0.99, 1.02, 0.03, 2.0], [2, 1, 1, 0, 2])
Episode: 17; Score: [-3.11644261]; Action: ([0.64, 0.97, 1.61, 1.44, 1.45], [0, 1, 2, 2, 2])
Episode: 18; Score: -0.9705844190903008; Action: ([1.98, 0.99, 0.05, 2.0, 2.0], [2, 1, 0, 2, 2])
Episode: 19; Score: [-3.15335252]; Action: ([0.45, 0.78, 0.02, 0.4, 1.81], [0, 1, 0, 0, 2])
Episode: 20; Score: -3.063474318012595; Action: ([1.09, 0.02, 1.97, 2.0, 0.98], [1, 0, 2, 2, 1])
Episode: 21; Score: [-2.95897528]; Action: ([1.53, 1.46, 1.79, 0.57, 0.25], [2, 2, 2, 0, 0])
Episode: 22; Score: -2.9307569582015276; Action: ([0.02, 0.97, 0.98, 0.96, 0.0], [0, 1, 1, 1, 0])
Episode: 23; Score: [-2.48905937]; Action: ([1.86, 1.47, 0.87, 1.13, 1.12], [2, 2, 1, 1, 1])
Episode: 24; Score: -6.033937759697437; Action: ([1.97, 1.08, 0.93, 0.06, 2.0], [2, 1, 1, 0, 2])
Episode: 25; Score: [-3.97706223]; Action: ([0.85, 1.92, 0.65, 0.98, 1.47], [1, 2, 0, 1, 2])
Episode: 26; Score: -3.923436569981277; Action: ([2.0, 0.99, 0.09, 2.0, 2.0], [2, 1, 0, 2, 2])
Episode: 27; Score: [-5.46019787]; Action: ([1.21, 0.36, 1.73, 1.16, 0.99], [1, 0, 2, 1, 1])
Episode: 28; Score: -3.0449394593015313; Action: ([1.01, 0.02, 2.0, 2.0, 1.05], [1, 0, 2, 2, 1])
Episode: 29; Score: [-6.48375901]; Action: ([0.86, 0.08, 1.93, 0.25, 0.26], [1, 0, 2, 0, 0])
Episode: 30; Score: -2.123686719685793; Action: ([0.0, 1.04, 0.98, 1.06, 0.0], [0, 1, 1, 1, 0])
Episode: 31; Score: [-5.20360429]; Action: ([2.0, 0.29, 0.52, 1.77, 0.62], [2, 0, 0, 2, 0])
Episode: 32; Score: -6.079842951148748; Action: ([2.0, 1.04, 1.01, 0.05, 1.98], [2, 1, 1, 0, 2])
Episode: 33; Score: [-1.58583608]; Action: ([1.03, 1.16, 1.57, 1.01, 1.8], [1, 1, 2, 1, 2])
Episode: 34; Score: -4.058052495121956; Action: ([2.0, 1.08, 0.0, 1.98, 2.0], [2, 1, 0, 2, 2])
Episode: 35; Score: [-4.57846803]; Action: ([0.26, 0.74, 0.86, 1.51, 0.06], [0, 1, 1, 2, 0])
Episode: 36; Score: -2.976790724787861; Action: ([1.0, 0.02, 1.94, 2.0, 0.95], [1, 0, 2, 2, 1])
Episode: 37; Score: [-3.60207164]; Action: ([1.59, 0.71, 0.8, 0.88, 0.42], [2, 1, 1, 1, 0])
Episode: 38; Score: -5.060992419719696; Action: ([0.0, 0.95, 0.97, 0.97, 0.05], [0, 1, 1, 1, 0])
Episode: 39; Score: [-3.19279332]; Action: ([1.57, 1.61, 0.06, 1.65, 1.14], [2, 2, 0, 2, 1])
Episode: 40; Score: -5.924613054841757; Action: ([1.94, 0.96, 1.02, 0.03, 1.97], [2, 1, 1, 0, 2])
Episode: 41; Score: [-2.55428629]; Action: ([0.54, 0.39, 0.48, 0.87, 0.27], [0, 0, 0, 1, 0])
Episode: 42; Score: -6.803041540086269; Action: ([1.95, 0.93, 0.0, 1.93, 2.0], [2, 1, 0, 2, 2])
Episode: 43; Score: [-3.34993273]; Action: ([0.2, 0.57, 1.57, 0.57, 0.44], [0, 0, 2, 0, 0])
Episode: 44; Score: -4.092876041308045; Action: ([0.99, 0.0, 2.0, 1.92, 1.0], [1, 0, 2, 2, 1])
Episode: 45; Score: [-6.78834193]; Action: ([0.56, 0.41, 0.2, 0.57, 0.46], [0, 0, 0, 0, 0])
Episode: 46; Score: -3.2219527810811996; Action: ([0.0, 1.05, 1.09, 1.06, 0.02], [0, 1, 1, 1, 0])
Episode: 47; Score: [-5.13891015]; Action: ([0.51, 0.36, 1.68, 1.16, 1.42], [0, 0, 2, 1, 2])
Episode: 48; Score: -3.08145035430789; Action: ([2.0, 0.98, 0.94, 0.0, 2.0], [2, 1, 1, 0, 2])
Episode: 49; Score: [-2.57143255]; Action: ([1.13, 0.94, 1.01, 1.79, 0.58], [1, 1, 1, 2, 0])
Episode: 50; Score: -2.0204613003879786; Action: ([2.0, 0.99, 0.0, 2.0, 1.99], [2, 1, 0, 2, 2])
Episode: 51; Score: [-4.60176788]; Action: ([0.74, 1.84, 1.27, 0.97, 1.26], [1, 2, 1, 1, 1])
Episode: 52; Score: -6.014637626707554; Action: ([0.96, 0.04, 2.0, 2.0, 1.02], [1, 0, 2, 2, 1])
Episode: 53; Score: [-3.8580568]; Action: ([1.91, 0.9, 0.54, 0.06, 1.73], [2, 1, 0, 0, 2])
Episode: 54; Score: -4.99772696569562; Action: ([0.0, 1.03, 0.97, 1.07, 0.0], [0, 1, 1, 1, 0])
Episode: 55; Score: [-4.07622758]; Action: ([1.97, 1.42, 1.61, 0.42, 0.57], [2, 2, 2, 0, 0])
Episode: 56; Score: -2.074090759269893; Action: ([1.95, 1.01, 0.99, 0.0, 2.0], [2, 1, 1, 0, 2])
Episode: 57; Score: [-4.16578059]; Action: ([0.83, 1.8, 1.0, 0.34, 1.48], [1, 2, 1, 0, 2])
Episode: 58; Score: -3.9623377230018377; Action: ([2.0, 0.98, 0.0, 1.95, 1.99], [2, 1, 0, 2, 2])
Episode: 59; Score: [-2.15376653]; Action: ([0.25, 1.09, 0.1, 0.5, 0.22], [0, 1, 0, 0, 0])
Episode: 60; Score: -4.028724510222673; Action: ([0.96, 0.0, 1.99, 1.93, 1.07], [1, 0, 2, 2, 1])
Episode: 61; Score: [-6.10476974]; Action: ([1.72, 0.48, 1.91, 1.68, 0.31], [2, 0, 2, 2, 0])
Episode: 62; Score: -3.109951324760914; Action: ([0.09, 0.93, 1.05, 0.96, 0.08], [0, 1, 1, 1, 0])
Episode: 63; Score: [-3.52823892]; Action: ([0.21, 0.51, 1.82, 1.64, 1.29], [0, 0, 2, 2, 1])
Episode: 64; Score: -6.007375428453088; Action: ([1.93, 1.07, 1.02, 0.0, 1.99], [2, 1, 1, 0, 2])
Episode: 65; Score: [-3.72213327]; Action: ([0.6, 0.65, 1.81, 0.81, 1.41], [0, 0, 2, 1, 2])
Episode: 66; Score: -0.9860195424407721; Action: ([2.0, 1.01, 0.04, 2.0, 1.99], [2, 1, 0, 2, 2])
Episode: 67; Score: [-3.65540375]; Action: ([0.19, 1.22, 1.2, 1.45, 1.73], [0, 1, 1, 2, 2])
Episode: 68; Score: -3.001650810241699; Action: ([0.96, 0.0, 1.97, 1.94, 1.04], [1, 0, 2, 2, 1])
Episode: 69; Score: [-2.96859266]; Action: ([1.88, 1.96, 1.47, 0.72, 1.86], [2, 2, 2, 1, 2])
Episode: 70; Score: -5.233776744455099; Action: ([0.02, 0.9, 0.91, 0.94, 0.0], [0, 1, 1, 1, 0])
Episode: 71; Score: [-5.23590551]; Action: ([0.25, 0.58, 0.41, 0.86, 0.67], [0, 0, 0, 1, 1])
Episode: 72; Score: -2.1291173473000526; Action: ([2.0, 0.9, 1.07, 0.04, 2.0], [2, 1, 1, 0, 2])
Episode: 73; Score: [-4.57221031]; Action: ([0.73, 0.08, 0.55, 1.41, 1.8], [1, 0, 0, 2, 2])
Episode: 74; Score: -4.045366033911705; Action: ([2.0, 1.05, 0.0, 2.0, 2.0], [2, 1, 0, 2, 2])
Episode: 75; Score: [-3.64902965]; Action: ([1.83, 1.99, 1.5, 0.73, 1.28], [2, 2, 2, 1, 1])
Episode: 76; Score: -3.997566217556596; Action: ([0.97, 0.0, 1.99, 2.0, 1.03], [1, 0, 2, 2, 1])
Episode: 77; Score: [-3.99289131]; Action: ([1.61, 0.21, 1.04, 1.95, 0.19], [2, 0, 1, 2, 0])
Episode: 78; Score: -3.1040574656799436; Action: ([0.04, 1.0, 1.02, 1.02, 0.02], [0, 1, 1, 1, 0])
Episode: 79; Score: [-3.91019511]; Action: ([1.04, 1.42, 1.51, 0.51, 1.47], [1, 2, 2, 0, 2])
Episode: 80; Score: -5.998211523517966; Action: ([1.99, 0.98, 1.1, 0.02, 1.91], [2, 1, 1, 0, 2])
Episode: 81; Score: [-2.79340911]; Action: ([0.47, 0.12, 1.33, 1.57, 0.51], [0, 0, 1, 2, 0])
Episode: 82; Score: -2.0386161720380187; Action: ([2.0, 0.99, 0.0, 1.97, 2.0], [2, 1, 0, 2, 2])
Episode: 83; Score: [-3.66970314]; Action: ([0.72, 0.8, 1.39, 0.56, 1.65], [1, 1, 2, 0, 2])
Episode: 84; Score: -3.0413748621940613; Action: ([0.96, 0.0, 1.96, 1.95, 1.09], [1, 0, 2, 2, 1])
Episode: 85; Score: [-5.23552786]; Action: ([0.01, 1.56, 1.8, 1.9, 0.21], [0, 2, 2, 2, 0])
Episode: 86; Score: -5.131603442132473; Action: ([0.02, 1.04, 1.02, 0.9, 0.0], [0, 1, 1, 1, 0])
Episode: 87; Score: [-2.50412571]; Action: ([1.11, 0.37, 1.54, 1.42, 0.19], [1, 0, 2, 2, 0])
Episode: 88; Score: -2.138102512806654; Action: ([1.92, 0.99, 1.05, 0.0, 2.0], [2, 1, 1, 0, 2])
Episode: 89; Score: [-4.43416563]; Action: ([0.77, 1.93, 0.9, 1.02, 1.8], [1, 2, 1, 1, 2])
Episode: 90; Score: -1.0866182520985603; Action: ([2.0, 1.02, 0.0, 2.0, 1.94], [2, 1, 0, 2, 2])
Episode: 91; Score: [-6.47979674]; Action: ([0.21, 0.16, 0.48, 0.85, 0.81], [0, 0, 0, 1, 1])
Episode: 92; Score: -4.046857828274369; Action: ([0.92, 0.01, 2.0, 2.0, 1.02], [1, 0, 2, 2, 1])
Episode: 93; Score: [-4.45376668]; Action: ([1.57, 0.27, 0.46, 1.83, 0.32], [2, 0, 0, 2, 0])
Episode: 94; Score: -2.132542410865426; Action: ([0.0, 0.96, 1.03, 0.94, 0.0], [0, 1, 1, 1, 0])
Episode: 95; Score: [-5.53042378]; Action: ([1.03, 0.52, 0.52, 0.74, 0.66], [1, 0, 0, 1, 0])
Episode: 96; Score: -6.007297666277736; Action: ([2.0, 0.99, 1.01, 0.0, 2.0], [2, 1, 1, 0, 2])
Episode: 97; Score: [-4.3224627]; Action: ([1.13, 0.35, 1.03, 0.89, 0.34], [1, 0, 1, 1, 0])
Episode: 98; Score: -1.0641089975833893; Action: ([1.97, 1.03, 0.05, 1.98, 1.96], [2, 1, 0, 2, 2])
Episode: 99; Score: [-5.36706971]; Action: ([1.06, 0.49, 1.62, 0.74, 1.45], [1, 0, 2, 1, 2])
Episode: 100; Score: -3.0186747102998197; Action: ([0.99, 0.0, 2.0, 1.95, 1.06], [1, 0, 2, 2, 1])
Episode: 101; Score: [-6.07944136]; Action: ([0.9, 1.78, 0.94, 1.81, 0.66], [1, 2, 1, 2, 0])
Episode: 102; Score: -3.0645241336897016; Action: ([0.01, 1.09, 0.96, 1.01, 0.0], [0, 1, 1, 1, 0])
Episode: 103; Score: [-4.95568721]; Action: ([0.22, 1.17, 0.99, 0.47, 1.53], [0, 1, 1, 0, 2])
Episode: 104; Score: -2.091078393161297; Action: ([2.0, 1.08, 1.05, 0.04, 2.0], [2, 1, 1, 0, 2])
Episode: 105; Score: [-3.79100406]; Action: ([0.05, 1.05, 0.64, 0.6, 1.46], [0, 1, 0, 0, 2])
Episode: 106; Score: -6.809409199282527; Action: ([1.93, 0.98, 0.03, 2.0, 1.86], [2, 1, 0, 2, 2])
Episode: 107; Score: [-5.25706001]; Action: ([1.5, 0.17, 0.59, 0.36, 1.13], [2, 0, 0, 0, 1])
Episode: 108; Score: -2.9108191691339016; Action: ([1.06, 0.1, 1.98, 1.91, 1.03], [1, 0, 2, 2, 1])
Episode: 109; Score: [-3.38660411]; Action: ([0.58, 0.5, 1.58, 1.06, 1.89], [0, 0, 2, 1, 2])
Episode: 110; Score: -5.025170245207846; Action: ([0.03, 0.91, 1.01, 1.0, 0.04], [0, 1, 1, 1, 0])
Episode: 111; Score: [-3.11053661]; Action: ([1.57, 0.15, 0.69, 0.34, 0.28], [2, 0, 1, 0, 0])
Episode: 112; Score: -2.065469713357743; Action: ([1.99, 1.0, 0.96, 0.0, 1.98], [2, 1, 1, 0, 2])
Episode: 113; Score: [-5.77050852]; Action: ([0.38, 0.39, 0.23, 1.32, 0.91], [0, 0, 0, 1, 1])
Episode: 114; Score: -2.0088416170328856; Action: ([2.0, 0.98, 0.01, 2.0, 2.0], [2, 1, 0, 2, 2])
Episode: 115; Score: [-3.00247896]; Action: ([0.2, 1.02, 0.26, 1.91, 1.53], [0, 1, 0, 2, 2])
Episode: 116; Score: -2.892162963747978; Action: ([0.98, 0.0, 1.86, 2.0, 0.98], [1, 0, 2, 2, 1])
Episode: 117; Score: [-5.01781354]; Action: ([0.36, 0.78, 1.1, 1.1, 1.67], [0, 1, 1, 1, 2])
Episode: 118; Score: -3.121351219713688; Action: ([0.0, 1.1, 1.05, 0.98, 0.0], [0, 1, 1, 1, 0])
Episode: 119; Score: [-2.32320568]; Action: ([1.13, 1.03, 0.0, 0.24, 1.4], [1, 1, 0, 0, 2])
Episode: 120; Score: -6.034854181110859; Action: ([1.99, 1.01, 0.99, 0.08, 1.97], [2, 1, 1, 0, 2])
Episode: 121; Score: [-3.48167782]; Action: ([0.99, 1.31, 1.04, 0.47, 1.41], [1, 1, 1, 0, 2])
Episode: 122; Score: -1.0792664489126764; Action: ([1.93, 1.0, 0.06, 1.99, 1.94], [2, 1, 0, 2, 2])
Episode: 123; Score: [-1.12737695]; Action: ([1.91, 0.92, 0.95, 1.05, 0.95], [2, 1, 1, 1, 1])
Episode: 124; Score: -4.082966223359108; Action: ([0.97, 0.01, 2.0, 2.0, 0.93], [1, 0, 2, 2, 1])
Episode: 125; Score: [-2.7596891]; Action: ([1.12, 1.2, 0.01, 0.43, 0.0], [1, 1, 0, 0, 0])
Episode: 126; Score: -6.000276796519756; Action: ([0.0, 0.9, 1.02, 1.04, 0.03], [0, 1, 1, 1, 0])
Episode: 127; Score: [-4.28771655]; Action: ([0.11, 0.83, 0.95, 0.19, 1.63], [0, 1, 1, 0, 2])
Episode: 128; Score: -5.910950496792793; Action: ([2.0, 0.94, 1.0, 0.0, 1.97], [2, 1, 1, 0, 2])
Episode: 129; Score: [-3.59071294]; Action: ([0.13, 1.35, 0.53, 1.95, 0.05], [0, 2, 0, 2, 0])
Episode: 130; Score: -1.0471523441374302; Action: ([2.0, 1.05, 0.0, 2.0, 2.0], [2, 1, 0, 2, 2])
Episode: 131; Score: [-3.40489281]; Action: ([1.27, 1.05, 1.24, 0.16, 1.97], [1, 1, 1, 0, 2])
Episode: 132; Score: -3.9296092218719423; Action: ([0.99, 0.0, 2.0, 1.98, 1.1], [1, 0, 2, 2, 1])
Episode: 133; Score: [-4.84977372]; Action: ([1.38, 1.48, 2.0, 0.76, 0.49], [2, 2, 2, 1, 0])
Episode: 134; Score: -6.064877758268267; Action: ([0.0, 0.95, 1.0, 0.98, 0.0], [0, 1, 1, 1, 0])
Episode: 135; Score: [-4.01292403]; Action: ([1.19, 1.12, 0.81, 1.65, 0.46], [1, 1, 1, 2, 0])
Episode: 136; Score: -2.9636374032124877; Action: ([2.0, 0.97, 1.01, 0.05, 2.0], [2, 1, 1, 0, 2])
Episode: 137; Score: [-3.83440102]; Action: ([0.8, 1.19, 0.39, 0.55, 0.9], [1, 1, 0, 0, 1])
Episode: 138; Score: -1.0386241804808378; Action: ([1.98, 1.02, 0.0, 2.0, 2.0], [2, 1, 0, 2, 2])
Episode: 139; Score: [-2.68625184]; Action: ([1.06, 0.1, 0.23, 0.86, 0.44], [1, 0, 0, 1, 0])
Episode: 140; Score: -4.151602238416672; Action: ([0.95, 0.05, 2.0, 1.96, 0.88], [1, 0, 2, 2, 1])
Episode: 141; Score: [-0.93602644]; Action: ([0.1, 0.03, 0.23, 0.29, 0.28], [0, 0, 0, 0, 0])
Episode: 142; Score: -5.952003218233585; Action: ([0.09, 0.93, 0.96, 1.07, 0.0], [0, 1, 1, 1, 0])
Episode: 143; Score: [-3.78052041]; Action: ([1.77, 0.61, 1.09, 0.34, 0.59], [2, 0, 1, 0, 0])
Episode: 144; Score: -2.076911970973015; Action: ([2.0, 1.04, 1.04, 0.0, 2.0], [2, 1, 1, 0, 2])
Episode: 145; Score: [-2.94695724]; Action: ([1.72, 0.48, 0.36, 1.9, 0.84], [2, 0, 0, 2, 1])
Episode: 146; Score: -7.064098013564944; Action: ([2.0, 1.02, 0.06, 2.0, 1.98], [2, 1, 0, 2, 2])
Episode: 147; Score: [-3.80695238]; Action: ([0.63, 0.85, 0.57, 1.59, 0.17], [0, 1, 0, 2, 0])
Episode: 148; Score: -6.150425050407648; Action: ([1.03, 0.05, 2.0, 2.0, 1.07], [1, 0, 2, 2, 1])
Episode: 149; Score: [-3.57139017]; Action: ([0.05, 0.83, 0.21, 2.0, 0.33], [0, 1, 0, 2, 0])
Episode: 150; Score: -4.883516192436218; Action: ([0.07, 0.97, 1.04, 1.04, 0.08], [0, 1, 1, 1, 0])
Episode: 151; Score: [-4.18907155]; Action: ([0.9, 0.16, 0.33, 1.04, 1.76], [1, 0, 0, 1, 2])
Episode: 152; Score: -2.991801992058754; Action: ([1.97, 1.03, 1.07, 0.01, 2.0], [2, 1, 1, 0, 2])
Episode: 153; Score: [-4.03695819]; Action: ([0.99, 0.69, 1.88, 0.5, 0.9], [1, 1, 2, 0, 1])
Episode: 154; Score: -1.0285991206765175; Action: ([1.94, 0.93, 0.1, 2.0, 2.0], [2, 1, 0, 2, 2])
Episode: 155; Score: [-2.54095561]; Action: ([0.91, 1.37, 0.68, 2.0, 0.24], [1, 2, 1, 2, 0])
Episode: 156; Score: -2.987577125430107; Action: ([1.1, 0.0, 1.99, 1.98, 0.95], [1, 0, 2, 2, 1])
Episode: 157; Score: [-5.16039098]; Action: ([0.03, 1.67, 0.77, 0.31, 1.41], [0, 2, 1, 0, 2])
Episode: 158; Score: -5.9997024070471525; Action: ([0.0, 1.03, 1.08, 0.93, 0.02], [0, 1, 1, 1, 0])
Episode: 159; Score: [-4.86104171]; Action: ([0.82, 0.54, 1.96, 1.23, 0.31], [1, 0, 2, 1, 0])
Episode: 160; Score: -6.1364182978868484; Action: ([2.0, 1.02, 1.04, 0.08, 2.0], [2, 1, 1, 0, 2])
Episode: 161; Score: [-2.55429987]; Action: ([1.49, 1.32, 0.25, 1.79, 0.79], [2, 1, 0, 2, 1])
Episode: 162; Score: -6.901407480239868; Action: ([1.99, 0.92, 0.0, 1.99, 2.0], [2, 1, 0, 2, 2])
Episode: 163; Score: [-3.71936405]; Action: ([0.54, 1.03, 1.65, 1.22, 1.2], [0, 1, 2, 1, 1])
Episode: 164; Score: -3.101375326514244; Action: ([1.05, 0.0, 2.0, 2.0, 0.95], [1, 0, 2, 2, 1])
Episode: 165; Score: [-1.15096311]; Action: ([1.95, 1.71, 1.23, 1.88, 1.96], [2, 2, 1, 2, 2])
Episode: 166; Score: -5.011133873835206; Action: ([0.06, 0.96, 1.06, 1.02, 0.0], [0, 1, 1, 1, 0])
Episode: 167; Score: [-2.42642622]; Action: ([1.41, 1.59, 1.34, 1.52, 0.43], [2, 2, 2, 2, 0])
Episode: 168; Score: -2.998930237721652; Action: ([1.98, 1.0, 1.03, 0.0, 2.0], [2, 1, 1, 0, 2])
Episode: 169; Score: [-4.47415692]; Action: ([0.37, 0.79, 1.95, 0.11, 1.26], [0, 1, 2, 0, 1])
Episode: 170; Score: -1.0567299239337444; Action: ([2.0, 1.05, 0.08, 1.91, 2.0], [2, 1, 0, 2, 2])
Episode: 171; Score: [-2.88303637]; Action: ([1.11, 1.5, 1.81, 1.51, 1.95], [1, 2, 2, 2, 2])
Episode: 172; Score: -2.893958155065775; Action: ([1.07, 0.0, 2.0, 2.0, 1.04], [1, 0, 2, 2, 1])
Episode: 173; Score: [-2.67410452]; Action: ([1.09, 0.28, 0.29, 0.23, 1.38], [1, 0, 0, 0, 2])
Episode: 174; Score: -2.1043611466884613; Action: ([0.02, 1.06, 0.98, 0.96, 0.0], [0, 1, 1, 1, 0])
Episode: 175; Score: [-1.3498433]; Action: ([1.39, 0.72, 0.81, 0.83, 1.32], [2, 1, 1, 1, 1])
Episode: 176; Score: -3.059761818498373; Action: ([2.0, 1.02, 0.96, 0.0, 2.0], [2, 1, 1, 0, 2])
Episode: 177; Score: [-4.98547523]; Action: ([1.61, 0.93, 1.6, 0.63, 0.21], [2, 1, 2, 0, 0])
Episode: 178; Score: -6.852858662605286; Action: ([2.0, 0.9, 0.0, 1.95, 2.0], [2, 1, 0, 2, 2])
Episode: 179; Score: [-5.46882462]; Action: ([1.39, 0.1, 1.67, 1.93, 0.37], [2, 0, 2, 2, 0])
Episode: 180; Score: -4.022657221183181; Action: ([1.03, 0.0, 1.99, 2.0, 0.94], [1, 0, 2, 2, 1])
Episode: 181; Score: [-4.09302132]; Action: ([1.48, 1.11, 0.89, 1.04, 0.6], [2, 1, 1, 1, 0])
Episode: 182; Score: -5.019703006197233; Action: ([0.05, 1.08, 1.05, 1.0, 0.06], [0, 1, 1, 1, 0])
Episode: 183; Score: [-2.7209262]; Action: ([1.7, 1.74, 1.51, 1.93, 0.88], [2, 2, 2, 2, 1])
Episode: 184; Score: -3.119706179946661; Action: ([1.99, 1.1, 0.97, 0.01, 2.0], [2, 1, 1, 0, 2])
Episode: 185; Score: [-4.73078012]; Action: ([1.13, 1.93, 0.05, 0.14, 1.48], [1, 2, 0, 0, 2])
Episode: 186; Score: -6.9123483039438725; Action: ([1.96, 0.97, 0.02, 1.96, 2.0], [2, 1, 0, 2, 2])
Episode: 187; Score: [-6.79470334]; Action: ([0.54, 1.55, 0.88, 0.0, 0.34], [0, 2, 1, 0, 0])
Episode: 188; Score: -3.0042315162718296; Action: ([1.04, 0.07, 2.0, 2.0, 1.03], [1, 0, 2, 2, 1])
Episode: 189; Score: [-2.98922189]; Action: ([0.12, 1.05, 1.08, 1.02, 2.0], [0, 1, 1, 1, 2])
Episode: 190; Score: -6.084189568646252; Action: ([0.0, 1.04, 0.99, 0.97, 0.0], [0, 1, 1, 1, 0])
Episode: 191; Score: [-4.74620795]; Action: ([0.21, 0.48, 1.18, 1.73, 1.14], [0, 0, 1, 2, 1])
Episode: 192; Score: -3.0154600962996483; Action: ([1.93, 0.94, 1.06, 0.01, 1.97], [2, 1, 1, 0, 2])
Episode: 193; Score: [-5.33712357]; Action: ([1.9, 0.57, 0.67, 1.1, 1.1], [2, 0, 1, 1, 1])
Episode: 194; Score: -1.060668297111988; Action: ([2.0, 0.93, 0.02, 1.99, 2.0], [2, 1, 0, 2, 2])
Episode: 195; Score: [-3.30096272]; Action: ([1.92, 0.25, 1.63, 1.13, 1.88], [2, 0, 2, 1, 2])
Episode: 196; Score: -5.950459185987711; Action: ([1.02, 0.03, 1.94, 2.0, 0.96], [1, 0, 2, 2, 1])
Episode: 197; Score: [-2.90091862]; Action: ([0.07, 1.36, 0.05, 0.9, 0.52], [0, 2, 0, 1, 0])
Episode: 198; Score: -2.957251022569835; Action: ([0.0, 1.02, 0.91, 0.99, 0.04], [0, 1, 1, 1, 0])
Episode: 199; Score: [-4.33439756]; Action: ([0.37, 1.7, 1.01, 0.42, 1.59], [0, 2, 1, 0, 2])
Episode: 200; Score: -6.061870388220996; Action: ([1.94, 1.0, 1.11, 0.01, 2.0], [2, 1, 1, 0, 2])
Episode: 201; Score: [-2.94247001]; Action: ([1.58, 1.81, 1.12, 0.55, 0.02], [2, 2, 1, 0, 0])
Episode: 202; Score: -1.0023598559200764; Action: ([1.94, 1.04, 0.1, 2.0, 2.0], [2, 1, 0, 2, 2])
Episode: 203; Score: [-3.53504178]; Action: ([1.58, 0.25, 0.05, 1.42, 1.84], [2, 0, 0, 2, 2])
Episode: 204; Score: -3.838093962520361; Action: ([1.05, 0.0, 1.91, 1.98, 1.05], [1, 0, 2, 2, 1])
Episode: 205; Score: [-3.97044734]; Action: ([1.06, 1.29, 1.1, 1.22, 0.14], [1, 1, 1, 1, 0])
Episode: 206; Score: -2.023535994812846; Action: ([0.03, 1.02, 1.03, 1.01, 0.0], [0, 1, 1, 1, 0])
Episode: 207; Score: [-4.31743726]; Action: ([0.62, 0.63, 1.81, 0.55, 0.7], [0, 0, 2, 0, 1])
Episode: 208; Score: -2.023381493985653; Action: ([2.0, 1.02, 0.92, 0.07, 2.0], [2, 1, 1, 0, 2])
Episode: 209; Score: [-5.26091773]; Action: ([1.37, 1.97, 1.05, 1.22, 0.07], [2, 2, 1, 1, 0])
Episode: 210; Score: -1.1025069989264011; Action: ([1.93, 0.97, 0.0, 2.0, 2.0], [2, 1, 0, 2, 2])
Episode: 211; Score: [-3.33304981]; Action: ([0.45, 0.1, 1.74, 0.36, 0.69], [0, 0, 2, 0, 1])
Episode: 212; Score: -2.8729265928268433; Action: ([0.98, 0.11, 2.0, 2.0, 1.04], [1, 0, 2, 2, 1])
Episode: 213; Score: [-3.80890906]; Action: ([0.18, 0.87, 1.52, 1.5, 1.15], [0, 1, 2, 2, 1])
Episode: 214; Score: -3.132168471813202; Action: ([0.05, 1.04, 1.06, 0.98, 0.0], [0, 1, 1, 1, 0])
Episode: 215; Score: [-5.16172335]; Action: ([0.27, 0.83, 0.63, 0.56, 1.55], [0, 1, 0, 0, 2])
Episode: 216; Score: -2.2294899155385792; Action: ([1.88, 1.05, 1.01, 0.0, 1.95], [2, 1, 1, 0, 2])
Episode: 217; Score: [-5.15862187]; Action: ([1.5, 0.71, 0.29, 1.08, 0.27], [2, 1, 0, 1, 0])
Episode: 218; Score: -0.9794908054172993; Action: ([1.99, 0.98, 0.05, 2.0, 2.0], [2, 1, 0, 2, 2])
Episode: 219; Score: [-5.44480481]; Action: ([1.74, 1.35, 0.23, 0.43, 1.7], [2, 2, 0, 0, 2])
Episode: 220; Score: -4.057268938980997; Action: ([0.93, 0.03, 1.97, 1.93, 1.01], [1, 0, 2, 2, 1])
Episode: 221; Score: [-4.48509715]; Action: ([1.08, 0.64, 1.45, 0.46, 0.86], [1, 0, 2, 0, 1])
Episode: 222; Score: -5.060704642208293; Action: ([0.01, 0.99, 1.0, 0.95, 0.0], [0, 1, 1, 1, 0])
Episode: 223; Score: [-5.32795578]; Action: ([0.88, 0.32, 0.29, 0.54, 0.64], [1, 0, 0, 0, 0])
Episode: 224; Score: -2.192243665456772; Action: ([1.92, 0.96, 1.08, 0.01, 1.99], [2, 1, 1, 0, 2])
Episode: 225; Score: [-3.95416435]; Action: ([1.11, 0.39, 1.24, 1.78, 0.0], [1, 0, 1, 2, 0])
Episode: 226; Score: -6.979854017496109; Action: ([1.96, 1.06, 0.05, 1.95, 1.97], [2, 1, 0, 2, 2])
Episode: 227; Score: [-4.3180283]; Action: ([0.08, 0.32, 0.22, 1.49, 1.58], [0, 0, 0, 2, 2])
Episode: 228; Score: -3.007438300177455; Action: ([1.0, 0.02, 2.0, 2.0, 1.02], [1, 0, 2, 2, 1])
Episode: 229; Score: [-1.82985214]; Action: ([1.03, 1.81, 0.77, 1.71, 1.05], [1, 2, 1, 2, 1])
Episode: 230; Score: -3.0054474510252476; Action: ([0.05, 1.06, 0.95, 0.93, 0.02], [0, 1, 1, 1, 0])
Episode: 231; Score: [-1.84233559]; Action: ([1.34, 1.95, 0.68, 0.83, 0.93], [2, 2, 1, 1, 1])
Episode: 232; Score: -3.0520917531102896; Action: ([2.0, 0.94, 1.03, 0.01, 1.97], [2, 1, 1, 0, 2])
Episode: 233; Score: [-3.41516966]; Action: ([0.9, 0.17, 0.96, 1.55, 1.0], [1, 0, 1, 2, 1])
Episode: 234; Score: -1.0440686475485563; Action: ([2.0, 1.02, 0.04, 1.94, 1.99], [2, 1, 0, 2, 2])
Episode: 235; Score: [-6.6254187]; Action: ([0.58, 1.46, 1.38, 1.48, 1.73], [0, 2, 2, 2, 2])
Episode: 236; Score: -3.0452772565186024; Action: ([0.97, 0.0, 2.0, 1.94, 1.04], [1, 0, 2, 2, 1])
Episode: 237; Score: [-3.94622287]; Action: ([1.68, 1.7, 0.56, 0.0, 0.0], [2, 2, 0, 0, 0])
Episode: 238; Score: -1.9815972880460322; Action: ([0.0, 1.04, 0.98, 1.01, 0.08], [0, 1, 1, 1, 0])
Episode: 239; Score: [-4.92685151]; Action: ([0.87, 1.67, 0.98, 1.57, 0.32], [1, 2, 1, 2, 0])
Episode: 240; Score: -3.1169415544718504; Action: ([1.92, 1.02, 1.02, 0.02, 1.94], [2, 1, 1, 0, 2])
Episode: 241; Score: [-6.15904945]; Action: ([0.6, 1.61, 0.86, 1.18, 1.9], [0, 2, 1, 1, 2])
Episode: 242; Score: -1.0253019034862518; Action: ([2.0, 1.03, 0.03, 2.0, 1.98], [2, 1, 0, 2, 2])
Episode: 243; Score: [-5.35297101]; Action: ([0.77, 0.77, 0.69, 1.54, 1.58], [1, 1, 1, 2, 2])
Episode: 244; Score: -3.0178639963269234; Action: ([0.99, 0.02, 2.0, 2.0, 0.98], [1, 0, 2, 2, 1])
Episode: 245; Score: [-2.87811624]; Action: ([1.72, 0.82, 1.22, 0.14, 0.09], [2, 1, 1, 0, 0])
Episode: 246; Score: -5.89773550699465; Action: ([0.0, 1.0, 1.02, 1.07, 0.01], [0, 1, 1, 1, 0])
Episode: 247; Score: [-4.29946287]; Action: ([0.31, 1.04, 1.89, 1.26, 0.27], [0, 1, 2, 1, 0])
Episode: 248; Score: -5.923735280288383; Action: ([2.0, 0.94, 1.0, 0.0, 1.99], [2, 1, 1, 0, 2])
Episode: 249; Score: [-3.7386186]; Action: ([0.68, 0.67, 1.11, 1.25, 1.56], [1, 1, 1, 1, 2])
Episode: 250; Score: -3.983077798038721; Action: ([2.0, 0.98, 0.0, 1.97, 2.0], [2, 1, 0, 2, 2])
Episode: 251; Score: [-3.70421842]; Action: ([0.7, 0.54, 1.04, 0.95, 0.47], [1, 0, 1, 1, 0])
Episode: 252; Score: -3.1631544530391693; Action: ([0.89, 0.0, 2.0, 1.94, 1.11], [1, 0, 2, 2, 1])
Episode: 253; Score: [-4.59577129]; Action: ([1.22, 1.39, 0.13, 1.12, 0.73], [1, 2, 0, 1, 1])
Episode: 254; Score: -5.151531409472227; Action: ([0.0, 0.91, 1.02, 0.93, 0.03], [0, 1, 1, 1, 0])
Episode: 255; Score: [-5.23889421]; Action: ([0.23, 1.13, 0.61, 0.97, 0.08], [0, 1, 0, 1, 0])
Episode: 256; Score: -2.9826378943398595; Action: ([2.0, 0.99, 0.98, 0.05, 2.0], [2, 1, 1, 0, 2])
Episode: 257; Score: [-4.37377088]; Action: ([0.39, 0.38, 1.03, 1.79, 0.78], [0, 0, 1, 2, 1])
Episode: 258; Score: -2.0962968729436398; Action: ([1.96, 1.05, 0.0, 2.0, 2.0], [2, 1, 0, 2, 2])
Episode: 259; Score: [-2.16646988]; Action: ([1.81, 1.09, 1.75, 0.86, 2.0], [2, 1, 2, 1, 2])
Episode: 260; Score: -2.892700145021081; Action: ([1.02, 0.05, 2.0, 2.0, 1.04], [1, 0, 2, 2, 1])
Episode: 261; Score: [-4.69699833]; Action: ([1.39, 1.72, 0.4, 0.67, 0.51], [2, 2, 0, 1, 0])
Episode: 262; Score: -5.100504639092833; Action: ([0.0, 0.96, 1.0, 0.91, 0.03], [0, 1, 1, 1, 0])
Episode: 263; Score: [-3.81673904]; Action: ([1.57, 0.34, 0.75, 0.99, 0.54], [2, 0, 1, 1, 0])
Episode: 264; Score: -2.953871433157474; Action: ([1.98, 1.0, 0.98, 0.05, 2.0], [2, 1, 1, 0, 2])
Episode: 265; Score: [-4.10227414]; Action: ([0.25, 1.32, 0.4, 0.73, 1.41], [0, 1, 0, 1, 2])
Episode: 266; Score: -6.980624910444021; Action: ([2.0, 1.01, 0.0, 2.0, 1.98], [2, 1, 0, 2, 2])
Episode: 267; Score: [-7.28608542]; Action: ([1.83, 1.59, 2.0, 1.0, 0.87], [2, 2, 2, 1, 1])
Episode: 268; Score: -6.052717831917107; Action: ([1.0, 0.0, 2.0, 1.95, 1.11], [1, 0, 2, 2, 1])
Episode: 269; Score: [-2.76328463]; Action: ([1.57, 1.28, 1.76, 0.7, 0.15], [2, 1, 2, 1, 0])
Episode: 270; Score: -4.989038862287998; Action: ([0.0, 1.04, 0.99, 1.02, 0.04], [0, 1, 1, 1, 0])
Episode: 271; Score: [-4.08452221]; Action: ([1.98, 0.2, 0.73, 0.89, 0.3], [2, 0, 1, 1, 0])
Episode: 272; Score: -2.0688812267035246; Action: ([2.0, 0.97, 1.04, 0.0, 2.0], [2, 1, 1, 0, 2])
Episode: 273; Score: [-4.04417898]; Action: ([0.98, 0.74, 0.78, 0.28, 1.17], [1, 1, 1, 0, 1])
Episode: 274; Score: -2.0429474022239447; Action: ([2.0, 1.02, 0.0, 2.0, 1.97], [2, 1, 0, 2, 2])
Episode: 275; Score: [-2.7869909]; Action: ([1.68, 1.46, 0.67, 1.75, 0.44], [2, 2, 1, 2, 0])
Episode: 276; Score: -4.09274020511657; Action: ([0.93, 0.0, 1.99, 1.96, 1.01], [1, 0, 2, 2, 1])
Episode: 277; Score: [-4.01778242]; Action: ([0.68, 0.88, 1.24, 0.73, 0.5], [1, 1, 1, 1, 0])
Episode: 278; Score: -1.9794327057898045; Action: ([0.02, 1.03, 1.02, 0.98, 0.07], [0, 1, 1, 1, 0])
Episode: 279; Score: [-2.09727303]; Action: ([1.73, 1.17, 1.71, 1.38, 1.11], [2, 1, 2, 2, 1])
Episode: 280; Score: -3.023621315136552; Action: ([2.0, 1.08, 0.98, 0.02, 1.94], [2, 1, 1, 0, 2])
Episode: 281; Score: [-3.06348134]; Action: ([0.0, 1.64, 1.28, 1.72, 0.57], [0, 2, 1, 2, 0])
Episode: 282; Score: -1.042065354064107; Action: ([2.0, 0.98, 0.0, 1.97, 2.0], [2, 1, 0, 2, 2])
Episode: 283; Score: [-3.62127296]; Action: ([0.21, 0.78, 1.1, 0.93, 1.56], [0, 1, 1, 1, 2])
Episode: 284; Score: -3.012825282290578; Action: ([1.06, 0.03, 1.96, 1.97, 0.98], [1, 0, 2, 2, 1])
Episode: 285; Score: [-2.01381014]; Action: ([0.7, 1.28, 1.01, 0.2, 0.38], [1, 1, 1, 0, 0])
Episode: 286; Score: -2.123577069491148; Action: ([0.0, 1.03, 1.03, 0.94, 0.0], [0, 1, 1, 1, 0])
Episode: 287; Score: [-5.16637451]; Action: ([0.51, 1.14, 1.5, 1.76, 0.25], [0, 1, 2, 2, 0])
Episode: 288; Score: -3.070923186838627; Action: ([2.0, 0.93, 1.07, 0.04, 1.98], [2, 1, 1, 0, 2])
Episode: 289; Score: [-7.66080835]; Action: ([1.3, 1.42, 1.53, 1.74, 1.67], [1, 2, 2, 2, 2])
Episode: 290; Score: -4.086963050067425; Action: ([2.0, 0.89, 0.0, 1.98, 2.0], [2, 1, 0, 2, 2])
Episode: 291; Score: [-5.76905502]; Action: ([0.64, 0.0, 1.26, 0.98, 0.35], [0, 0, 1, 1, 0])
Episode: 292; Score: -3.0413987869396806; Action: ([1.01, 0.0, 2.0, 2.0, 0.97], [1, 0, 2, 2, 1])
Episode: 293; Score: [-1.67730465]; Action: ([0.42, 1.14, 1.01, 0.72, 1.66], [0, 1, 1, 1, 2])
Episode: 294; Score: -5.000914305448532; Action: ([0.0, 0.97, 0.98, 0.96, 0.1], [0, 1, 1, 1, 0])
Episode: 295; Score: [-2.02968488]; Action: ([1.08, 0.06, 1.01, 1.87, 1.13], [1, 0, 1, 2, 1])
Episode: 296; Score: -2.906133458018303; Action: ([1.95, 1.09, 0.96, 0.0, 1.82], [2, 1, 1, 0, 2])
Episode: 297; Score: [-2.43078322]; Action: ([1.6, 1.0, 1.81, 1.69, 1.09], [2, 1, 2, 2, 1])
Episode: 298; Score: -3.9512352272868156; Action: ([1.95, 1.01, 0.01, 2.0, 2.0], [2, 1, 0, 2, 2])
Episode: 299; Score: [-3.03479441]; Action: ([0.05, 0.97, 0.43, 0.12, 0.39], [0, 1, 0, 0, 0])
Episode: 300; Score: -5.889560250332579; Action: ([1.0, 0.02, 2.0, 1.94, 0.93], [1, 0, 2, 2, 1])
Episode: 301; Score: [-4.90407788]; Action: ([0.98, 1.86, 1.03, 0.05, 0.95], [1, 2, 1, 0, 1])
Episode: 302; Score: -6.109671978279948; Action: ([0.0, 1.1, 0.94, 1.02, 0.03], [0, 1, 1, 1, 0])
Episode: 303; Score: [-5.08325885]; Action: ([1.21, 0.71, 0.05, 0.12, 0.82], [1, 1, 0, 0, 1])
Episode: 304; Score: -6.010194664238952; Action: ([2.0, 1.0, 1.0, 0.01, 2.0], [2, 1, 1, 0, 2])
Episode: 305; Score: [-2.57922079]; Action: ([1.69, 1.61, 0.03, 0.76, 0.93], [2, 2, 0, 1, 1])
Episode: 306; Score: -3.9079839549958706; Action: ([2.0, 0.97, 0.01, 1.97, 1.92], [2, 1, 0, 2, 2])
Episode: 307; Score: [-7.26407125]; Action: ([0.06, 1.99, 0.06, 0.9, 0.71], [0, 2, 0, 1, 1])
Episode: 308; Score: -2.890446674078703; Action: ([1.1, 0.0, 2.0, 1.95, 1.06], [1, 0, 2, 2, 1])
Episode: 309; Score: [-2.69087553]; Action: ([0.21, 1.27, 0.62, 1.64, 1.6], [0, 1, 0, 2, 2])
Episode: 310; Score: -6.038042318075895; Action: ([0.0, 1.06, 0.98, 0.98, 0.06], [0, 1, 1, 1, 0])
Episode: 311; Score: [-6.17784314]; Action: ([1.71, 1.9, 0.48, 0.76, 1.32], [2, 2, 0, 1, 1])
Episode: 312; Score: -2.9824901204556227; Action: ([1.96, 0.93, 0.98, 0.07, 2.0], [2, 1, 1, 0, 2])
Episode: 313; Score: [-4.41289257]; Action: ([1.09, 0.5, 0.78, 0.94, 0.27], [1, 0, 1, 1, 0])
Episode: 314; Score: -1.036214753985405; Action: ([2.0, 1.07, 0.06, 1.98, 1.99], [2, 1, 0, 2, 2])
Episode: 315; Score: [-4.94070187]; Action: ([0.46, 1.24, 0.94, 2.0, 0.3], [0, 1, 1, 2, 0])
Episode: 316; Score: -5.924950836226344; Action: ([0.98, 0.0, 1.98, 1.99, 0.98], [1, 0, 2, 2, 1])
Episode: 317; Score: [-3.13739499]; Action: ([0.56, 1.19, 1.05, 1.66, 1.79], [0, 1, 1, 2, 2])
Episode: 318; Score: -6.017561372369528; Action: ([0.0, 0.91, 1.04, 0.97, 0.06], [0, 1, 1, 1, 0])
Episode: 319; Score: [-3.44348603]; Action: ([0.13, 1.65, 1.55, 1.42, 0.03], [0, 2, 2, 2, 0])
Episode: 320; Score: -2.1525219436734915; Action: ([1.93, 1.05, 1.01, 0.0, 1.98], [2, 1, 1, 0, 2])
Episode: 321; Score: [-4.87758575]; Action: ([0.62, 0.36, 0.4, 1.79, 0.95], [0, 0, 0, 2, 1])
Episode: 322; Score: -3.8980547641403973; Action: ([1.99, 0.99, 0.08, 1.98, 2.0], [2, 1, 0, 2, 2])
Episode: 323; Score: [-2.93129068]; Action: ([1.29, 0.14, 1.52, 1.5, 1.76], [1, 0, 2, 2, 2])
Episode: 324; Score: -3.958669990301132; Action: ([1.03, 0.0, 1.98, 1.93, 1.05], [1, 0, 2, 2, 1])
Episode: 325; Score: [-2.99041452]; Action: ([1.3, 0.84, 1.26, 1.29, 0.84], [1, 1, 1, 1, 1])
Episode: 326; Score: -2.130317977629602; Action: ([0.0, 1.1, 1.02, 1.01, 0.0], [0, 1, 1, 1, 0])
Episode: 327; Score: [-4.3084098]; Action: ([1.44, 0.07, 1.8, 0.03, 1.35], [2, 0, 2, 0, 2])
Episode: 328; Score: -3.04586676415056; Action: ([2.0, 1.07, 0.99, 0.0, 1.96], [2, 1, 1, 0, 2])
Episode: 329; Score: [-5.42620235]; Action: ([0.2, 0.27, 0.88, 0.76, 0.46], [0, 0, 1, 1, 0])
Episode: 330; Score: -6.908059794455767; Action: ([2.0, 0.95, 0.0, 1.96, 2.0], [2, 1, 0, 2, 2])
Episode: 331; Score: [-5.06016187]; Action: ([0.65, 1.91, 1.05, 0.44, 1.02], [0, 2, 1, 0, 1])
Episode: 332; Score: -3.954755949554965; Action: ([1.0, 0.05, 2.0, 1.99, 1.0], [1, 0, 2, 2, 1])
Episode: 333; Score: [-5.65550893]; Action: ([1.33, 1.84, 0.55, 1.83, 0.1], [2, 2, 0, 2, 0])
Episode: 334; Score: -5.011565950000659; Action: ([0.07, 0.88, 1.0, 0.97, 0.06], [0, 1, 1, 1, 0])
Episode: 335; Score: [-2.53587837]; Action: ([1.79, 0.04, 0.76, 1.53, 1.35], [2, 0, 1, 2, 2])
Episode: 336; Score: -2.9713107782881707; Action: ([1.93, 1.06, 1.0, 0.0, 1.98], [2, 1, 1, 0, 2])
Episode: 337; Score: [-1.08290971]; Action: ([1.78, 1.08, 1.14, 1.7, 1.66], [2, 1, 1, 2, 2])
Episode: 338; Score: -6.957297059707344; Action: ([1.97, 1.02, 0.0, 2.0, 1.97], [2, 1, 0, 2, 2])
Episode: 339; Score: [-5.12801107]; Action: ([1.15, 0.12, 0.61, 0.46, 1.53], [1, 0, 0, 0, 2])
Episode: 340; Score: -6.1041630282998085; Action: ([1.05, 0.01, 2.0, 2.0, 1.04], [1, 0, 2, 2, 1])
Episode: 341; Score: [-5.07936016]; Action: ([1.47, 1.66, 0.9, 0.06, 0.15], [2, 2, 1, 0, 0])
Episode: 342; Score: -5.127811722457409; Action: ([0.0, 1.08, 1.08, 1.02, 0.01], [0, 1, 1, 1, 0])
Episode: 343; Score: [-2.06403348]; Action: ([0.63, 0.88, 1.76, 1.37, 1.44], [0, 1, 2, 2, 2])
Episode: 344; Score: -2.802746932953596; Action: ([1.94, 1.01, 1.01, 0.02, 1.86], [2, 1, 1, 0, 2])
Episode: 345; Score: [-2.59711451]; Action: ([1.72, 1.1, 1.02, 0.16, 0.08], [2, 1, 1, 0, 0])
Episode: 346; Score: -1.047597698867321; Action: ([2.0, 0.95, 0.0, 2.0, 2.0], [2, 1, 0, 2, 2])
Episode: 347; Score: [-2.59554245]; Action: ([0.19, 0.99, 0.37, 1.21, 0.06], [0, 1, 0, 1, 0])
Episode: 348; Score: -2.9722947587724775; Action: ([1.07, 0.02, 1.98, 1.95, 1.0], [1, 0, 2, 2, 1])
Episode: 349; Score: [-3.90658318]; Action: ([0.03, 0.04, 0.99, 1.87, 1.16], [0, 0, 1, 2, 1])
Episode: 350; Score: -3.0111366361379623; Action: ([0.0, 1.02, 1.04, 0.94, 0.01], [0, 1, 1, 1, 0])
Episode: 351; Score: [-5.83071848]; Action: ([0.03, 1.06, 0.41, 1.04, 0.74], [0, 1, 0, 1, 1])
Episode: 352; Score: -3.063278052955866; Action: ([2.0, 0.98, 0.98, 0.0, 1.97], [2, 1, 1, 0, 2])
Episode: 353; Score: [-5.54959999]; Action: ([0.51, 1.1, 1.24, 0.77, 1.92], [0, 1, 1, 1, 2])
Episode: 354; Score: -7.0319701954722404; Action: ([2.0, 0.95, 0.08, 2.0, 2.0], [2, 1, 0, 2, 2])
Episode: 355; Score: [-2.70191354]; Action: ([1.13, 0.0, 1.64, 1.06, 1.87], [1, 0, 2, 1, 2])
Episode: 356; Score: -3.0728629250079393; Action: ([0.97, 0.03, 2.0, 2.0, 0.93], [1, 0, 2, 2, 1])
Episode: 357; Score: [-6.79974379]; Action: ([1.72, 1.45, 1.42, 1.3, 0.91], [2, 2, 2, 1, 1])
Episode: 358; Score: -2.063835436478257; Action: ([0.0, 0.98, 1.04, 0.99, 0.0], [0, 1, 1, 1, 0])
Episode: 359; Score: [-3.38497021]; Action: ([0.57, 0.27, 1.72, 0.42, 0.08], [0, 0, 2, 0, 0])
Episode: 360; Score: -2.979802906513214; Action: ([2.0, 1.01, 1.0, 0.04, 2.0], [2, 1, 1, 0, 2])
Episode: 361; Score: [-4.47334003]; Action: ([1.27, 1.46, 0.17, 1.64, 0.92], [1, 2, 0, 2, 1])
Episode: 362; Score: -6.83080243319273; Action: ([1.97, 0.96, 0.0, 1.9, 2.0], [2, 1, 0, 2, 2])
Episode: 363; Score: [-4.48594662]; Action: ([1.32, 1.65, 1.71, 0.26, 0.86], [1, 2, 2, 0, 1])
Episode: 364; Score: -2.922440716996789; Action: ([0.98, 0.17, 2.0, 2.0, 1.08], [1, 0, 2, 2, 1])
Episode: 365; Score: [-2.79375349]; Action: ([0.51, 0.93, 0.28, 0.17, 0.31], [0, 1, 0, 0, 0])
Episode: 366; Score: -5.13145791226998; Action: ([0.0, 0.95, 1.08, 0.99, 0.0], [0, 1, 1, 1, 0])
Episode: 367; Score: [-3.13150554]; Action: ([1.47, 0.13, 0.89, 1.88, 1.49], [2, 0, 1, 2, 2])
Episode: 368; Score: -3.0860656378790736; Action: ([2.0, 0.99, 0.98, 0.01, 1.93], [2, 1, 1, 0, 2])
Episode: 369; Score: [-2.92314722]; Action: ([1.42, 0.78, 1.79, 1.29, 0.8], [2, 1, 2, 1, 1])
Episode: 370; Score: -6.898098638281226; Action: ([2.0, 0.98, 0.0, 1.96, 1.96], [2, 1, 0, 2, 2])
Episode: 371; Score: [-4.51471715]; Action: ([1.45, 1.56, 0.32, 0.65, 1.63], [2, 2, 0, 0, 2])
Episode: 372; Score: -3.7705331221222878; Action: ([1.09, 0.02, 1.92, 2.0, 1.04], [1, 0, 2, 2, 1])
Episode: 373; Score: [-5.75910273]; Action: ([0.12, 0.7, 1.6, 0.53, 0.5], [0, 1, 2, 0, 0])
Episode: 374; Score: -5.993663564324379; Action: ([0.0, 1.07, 1.09, 0.91, 0.07], [0, 1, 1, 1, 0])
Episode: 375; Score: [-2.88504123]; Action: ([1.75, 1.06, 0.21, 1.69, 0.53], [2, 1, 0, 2, 0])
Episode: 376; Score: -5.877013847231865; Action: ([1.89, 0.91, 0.99, 0.11, 1.97], [2, 1, 1, 0, 2])
Episode: 377; Score: [-4.15611001]; Action: ([1.69, 0.04, 0.93, 0.35, 0.83], [2, 0, 1, 0, 1])
Episode: 378; Score: -6.987941801548004; Action: ([1.99, 1.04, 0.0, 2.0, 1.96], [2, 1, 0, 2, 2])
Episode: 379; Score: [-6.12785448]; Action: ([0.63, 0.3, 1.73, 0.58, 0.09], [0, 0, 2, 0, 0])
Episode: 380; Score: -4.082749822176993; Action: ([0.99, 0.0, 2.0, 1.94, 0.99], [1, 0, 2, 2, 1])
Episode: 381; Score: [-4.67052204]; Action: ([0.0, 1.76, 1.2, 1.1, 1.79], [0, 2, 1, 1, 2])
Episode: 382; Score: -3.061229000799358; Action: ([0.02, 0.96, 1.01, 1.07, 0.0], [0, 1, 1, 1, 0])
Episode: 383; Score: [-3.22082399]; Action: ([0.71, 0.17, 1.67, 2.0, 1.22], [1, 0, 2, 2, 1])
Episode: 384; Score: -2.044976582750678; Action: ([2.0, 0.98, 0.97, 0.0, 2.0], [2, 1, 1, 0, 2])
Episode: 385; Score: [-3.56077631]; Action: ([1.93, 0.19, 1.81, 0.38, 1.75], [2, 0, 2, 0, 2])
Episode: 386; Score: -2.1282020695507526; Action: ([1.98, 1.05, 0.0, 1.95, 2.0], [2, 1, 0, 2, 2])
Episode: 387; Score: [-2.32691312]; Action: ([1.19, 0.93, 1.37, 1.65, 1.28], [1, 1, 2, 2, 1])
Episode: 388; Score: -5.918811522424221; Action: ([0.95, 0.0, 1.94, 2.0, 1.03], [1, 0, 2, 2, 1])
Episode: 389; Score: [-2.70863468]; Action: ([1.9, 0.06, 1.67, 0.78, 1.88], [2, 0, 2, 1, 2])
Episode: 390; Score: -6.084240918047726; Action: ([0.03, 0.97, 0.93, 0.99, 0.0], [0, 1, 1, 1, 0])
Episode: 391; Score: [-3.48854791]; Action: ([1.94, 0.57, 1.42, 0.95, 0.47], [2, 0, 2, 1, 0])
Episode: 392; Score: -3.0352008678019047; Action: ([2.0, 0.96, 1.03, 0.03, 1.95], [2, 1, 1, 0, 2])
Episode: 393; Score: [-1.97542299]; Action: ([1.22, 1.28, 0.25, 1.1, 0.38], [1, 1, 0, 1, 0])
Episode: 394; Score: -0.9164689723402262; Action: ([2.0, 0.98, 0.11, 1.99, 2.0], [2, 1, 0, 2, 2])
Episode: 395; Score: [-6.60255328]; Action: ([0.11, 0.49, 0.41, 1.37, 0.03], [0, 0, 0, 2, 0])
Episode: 396; Score: -2.965448884293437; Action: ([0.98, 0.0, 2.0, 2.0, 1.05], [1, 0, 2, 2, 1])
Episode: 397; Score: [-6.48516343]; Action: ([0.69, 0.35, 0.96, 0.27, 0.25], [1, 0, 1, 0, 0])
Episode: 398; Score: -2.0920624136924744; Action: ([0.0, 0.97, 1.05, 0.98, 0.0], [0, 1, 1, 1, 0])
Episode: 399; Score: [-5.51345581]; Action: ([0.09, 1.59, 0.67, 1.26, 1.05], [0, 2, 1, 1, 1])
Episode: 400; Score: -5.872844142606482; Action: ([1.96, 0.97, 1.0, 0.0, 1.95], [2, 1, 1, 0, 2])
Episode: 401; Score: [-5.93502077]; Action: ([1.62, 1.01, 1.49, 0.93, 0.88], [2, 1, 2, 1, 1])
Episode: 402; Score: -2.0917678270488977; Action: ([1.94, 0.97, 0.0, 2.0, 2.0], [2, 1, 0, 2, 2])
Episode: 403; Score: [-6.30236142]; Action: ([1.62, 1.71, 1.08, 1.12, 0.77], [2, 2, 1, 1, 1])
Episode: 404; Score: -5.9363314543734305; Action: ([0.99, 0.09, 1.88, 1.97, 1.0], [1, 0, 2, 2, 1])
Episode: 405; Score: [-6.97090114]; Action: ([0.49, 0.07, 0.61, 0.65, 0.21], [0, 0, 0, 0, 0])
Episode: 406; Score: -2.9614038220606744; Action: ([0.0, 1.0, 0.96, 0.99, 0.0], [0, 1, 1, 1, 0])
Episode: 407; Score: [-5.38875816]; Action: ([0.41, 0.98, 1.04, 0.28, 0.91], [0, 1, 1, 0, 1])
Episode: 408; Score: -2.170134250074625; Action: ([2.0, 1.02, 1.09, 0.0, 1.95], [2, 1, 1, 0, 2])
Episode: 409; Score: [-2.24385892]; Action: ([0.32, 0.34, 1.01, 1.17, 1.72], [0, 0, 1, 1, 2])
Episode: 410; Score: -1.0998817682266235; Action: ([2.0, 1.13, 0.03, 1.99, 2.0], [2, 1, 0, 2, 2])
Episode: 411; Score: [-4.36098072]; Action: ([1.88, 0.12, 0.68, 0.45, 1.22], [2, 0, 1, 0, 1])
Episode: 412; Score: -6.166841926053166; Action: ([1.02, 0.11, 2.0, 1.98, 1.06], [1, 0, 2, 2, 1])
Episode: 413; Score: [-4.82266188]; Action: ([1.36, 1.94, 0.3, 1.07, 1.38], [2, 2, 0, 1, 2])
Episode: 414; Score: -4.886311537120491; Action: ([0.0, 1.02, 1.0, 1.09, 0.05], [0, 1, 1, 1, 0])
Episode: 415; Score: [-4.32450406]; Action: ([1.01, 1.24, 0.54, 0.92, 0.45], [1, 1, 0, 1, 0])
Episode: 416; Score: -5.961506508290768; Action: ([1.98, 0.93, 1.07, 0.0, 1.99], [2, 1, 1, 0, 2])
Episode: 417; Score: [-1.20448131]; Action: ([0.84, 1.1, 0.77, 0.91, 1.62], [1, 1, 1, 1, 2])
Episode: 418; Score: -1.1122054904699326; Action: ([2.0, 0.94, 0.02, 1.96, 1.97], [2, 1, 0, 2, 2])
Episode: 419; Score: [-3.15702696]; Action: ([1.83, 1.65, 0.4, 1.73, 0.53], [2, 2, 0, 2, 0])
Episode: 420; Score: -3.8879839219152927; Action: ([1.04, 0.03, 1.95, 2.0, 0.99], [1, 0, 2, 2, 1])
Episode: 421; Score: [-2.52447274]; Action: ([0.15, 1.59, 1.38, 1.07, 0.37], [0, 2, 2, 1, 0])
Episode: 422; Score: -3.2214543148875237; Action: ([0.0, 1.05, 1.0, 1.05, 0.12], [0, 1, 1, 1, 0])
Episode: 423; Score: [-4.82486702]; Action: ([0.8, 1.05, 0.45, 1.46, 0.5], [1, 1, 0, 2, 0])
Episode: 424; Score: -2.9444405008107424; Action: ([2.0, 1.03, 0.98, 0.11, 2.0], [2, 1, 1, 0, 2])
Episode: 425; Score: [-6.23693476]; Action: ([0.07, 1.84, 1.29, 1.25, 1.79], [0, 2, 1, 1, 2])
Episode: 426; Score: -4.040058076381683; Action: ([1.97, 1.09, 0.01, 2.0, 1.99], [2, 1, 0, 2, 2])
Episode: 427; Score: [-2.2863311]; Action: ([1.23, 2.0, 1.93, 0.98, 0.9], [1, 2, 2, 1, 1])
Episode: 428; Score: -3.9280605372041464; Action: ([0.99, 0.0, 1.98, 2.0, 1.06], [1, 0, 2, 2, 1])
Episode: 429; Score: [-1.93838642]; Action: ([0.38, 1.89, 1.18, 1.07, 0.81], [0, 2, 1, 1, 1])
Episode: 430; Score: -5.949132665991783; Action: ([0.03, 1.05, 1.01, 1.05, 0.0], [0, 1, 1, 1, 0])
Episode: 431; Score: [-2.07844585]; Action: ([0.8, 0.9, 0.46, 1.98, 0.74], [1, 1, 0, 2, 1])
Episode: 432; Score: -5.901486008428037; Action: ([1.97, 0.99, 0.97, 0.0, 1.98], [2, 1, 1, 0, 2])
Episode: 433; Score: [-5.20908678]; Action: ([1.8, 1.94, 0.34, 0.88, 0.71], [2, 2, 0, 1, 1])
Episode: 434; Score: -6.96209860406816; Action: ([1.96, 1.01, 0.01, 1.98, 2.0], [2, 1, 0, 2, 2])
Episode: 435; Score: [-2.91548155]; Action: ([1.65, 1.99, 1.67, 0.73, 1.33], [2, 2, 2, 1, 1])
Episode: 436; Score: -3.915713934460655; Action: ([1.0, 0.06, 1.94, 2.0, 0.96], [1, 0, 2, 2, 1])
Episode: 437; Score: [-2.58220016]; Action: ([0.83, 1.09, 1.29, 1.7, 1.27], [1, 1, 1, 2, 1])
Episode: 438; Score: -2.9117186525836587; Action: ([0.02, 0.99, 0.95, 0.95, 0.0], [0, 1, 1, 1, 0])
Episode: 439; Score: [-4.84282886]; Action: ([0.35, 1.45, 1.68, 1.02, 0.34], [0, 2, 2, 1, 0])
Episode: 440; Score: -6.0159119591116905; Action: ([2.0, 1.01, 1.02, 0.02, 1.96], [2, 1, 1, 0, 2])
Episode: 441; Score: [-2.27097621]; Action: ([1.12, 0.34, 0.73, 0.11, 0.67], [1, 0, 1, 0, 1])
Episode: 442; Score: -3.975879091769457; Action: ([1.99, 0.95, 0.03, 2.0, 1.97], [2, 1, 0, 2, 2])
Episode: 443; Score: [-3.8170634]; Action: ([1.6, 1.57, 1.35, 0.11, 1.7], [2, 2, 2, 0, 2])
Episode: 444; Score: -3.0379690565168858; Action: ([1.02, 0.0, 2.0, 1.98, 0.96], [1, 0, 2, 2, 1])
Episode: 445; Score: [-1.90675807]; Action: ([0.62, 1.34, 1.09, 1.42, 0.33], [0, 2, 1, 2, 0])
Episode: 446; Score: -2.1574470922350883; Action: ([0.0, 0.96, 0.97, 1.09, 0.01], [0, 1, 1, 1, 0])
Episode: 447; Score: [-5.15109227]; Action: ([0.15, 1.7, 1.11, 1.02, 1.17], [0, 2, 1, 1, 1])
Episode: 448; Score: -3.130209855735302; Action: ([1.98, 0.93, 0.96, 0.0, 2.0], [2, 1, 1, 0, 2])
Episode: 449; Score: [-2.46532979]; Action: ([1.62, 1.27, 1.94, 1.75, 1.37], [2, 1, 2, 2, 2])
Episode: 450; Score: -1.0930578708648682; Action: ([2.0, 0.93, 0.0, 2.0, 1.98], [2, 1, 0, 2, 2])
Episode: 451; Score: [-3.02539687]; Action: ([1.76, 1.79, 1.65, 0.24, 0.93], [2, 2, 2, 0, 1])
Episode: 452; Score: -5.889070701785386; Action: ([1.01, 0.0, 1.9, 2.0, 0.98], [1, 0, 2, 2, 1])
Episode: 453; Score: [-3.40935759]; Action: ([0.65, 0.94, 1.63, 0.86, 1.5], [0, 1, 2, 1, 2])
Episode: 454; Score: -4.973642308264971; Action: ([0.12, 0.96, 1.12, 1.06, 0.0], [0, 1, 1, 1, 0])
Episode: 455; Score: [-1.16876621]; Action: ([0.6, 1.31, 0.94, 1.38, 0.99], [0, 1, 1, 2, 1])
Episode: 456; Score: -2.0395682863891125; Action: ([2.0, 0.95, 0.96, 0.05, 2.0], [2, 1, 1, 0, 2])
Episode: 457; Score: [-2.87348168]; Action: ([0.44, 1.01, 0.55, 0.07, 0.08], [0, 1, 0, 0, 0])
Episode: 458; Score: -3.984128348529339; Action: ([2.0, 1.08, 0.03, 1.93, 2.0], [2, 1, 0, 2, 2])
Episode: 459; Score: [-4.28902516]; Action: ([0.37, 1.4, 1.51, 0.59, 1.65], [0, 2, 2, 0, 2])
Episode: 460; Score: -4.0113993235863745; Action: ([0.99, 0.07, 2.0, 1.91, 1.02], [1, 0, 2, 2, 1])
Episode: 461; Score: [-2.26980922]; Action: ([1.17, 0.23, 1.64, 0.88, 0.43], [1, 0, 2, 1, 0])
Episode: 462; Score: -5.906267987564206; Action: ([0.01, 1.02, 1.03, 1.08, 0.0], [0, 1, 1, 1, 0])
Episode: 463; Score: [-3.76647058]; Action: ([0.52, 1.24, 1.98, 1.15, 1.78], [0, 1, 2, 1, 2])
Episode: 464; Score: -2.081849730340764; Action: ([1.97, 1.0, 1.06, 0.01, 2.0], [2, 1, 1, 0, 2])
Episode: 465; Score: [-4.58544554]; Action: ([1.9, 1.21, 0.29, 0.3, 0.12], [2, 1, 0, 0, 0])
Episode: 466; Score: -3.9353169351816177; Action: ([1.97, 1.05, 0.09, 2.0, 2.0], [2, 1, 0, 2, 2])
Episode: 467; Score: [-4.59241479]; Action: ([1.61, 0.49, 0.39, 1.64, 0.27], [2, 0, 0, 2, 0])
Episode: 468; Score: -2.9327775202691555; Action: ([0.98, 0.01, 2.0, 2.0, 1.07], [1, 0, 2, 2, 1])
Episode: 469; Score: [-5.2860091]; Action: ([1.15, 1.07, 0.37, 1.44, 1.26], [1, 1, 0, 2, 1])
Episode: 470; Score: -6.154913604259491; Action: ([0.0, 1.03, 0.95, 0.93, 0.0], [0, 1, 1, 1, 0])
Episode: 471; Score: [-4.50083259]; Action: ([0.47, 1.7, 0.6, 1.64, 0.49], [0, 2, 0, 2, 0])
Episode: 472; Score: -3.009267555549741; Action: ([2.0, 0.98, 0.91, 0.0, 1.9], [2, 1, 1, 0, 2])
Episode: 473; Score: [-1.71246839]; Action: ([1.6, 1.06, 0.65, 1.21, 1.9], [2, 1, 0, 1, 2])
Episode: 474; Score: -2.0168892964720726; Action: ([2.0, 0.98, 0.0, 2.0, 2.0], [2, 1, 0, 2, 2])
Episode: 475; Score: [-3.05441945]; Action: ([1.5, 0.13, 1.88, 1.73, 0.92], [2, 0, 2, 2, 1])
Episode: 476; Score: -6.054831689223647; Action: ([1.05, 0.0, 2.0, 2.0, 1.01], [1, 0, 2, 2, 1])
Episode: 477; Score: [-2.57917189]; Action: ([1.56, 1.35, 1.54, 1.24, 1.9], [2, 2, 2, 1, 2])
Episode: 478; Score: -5.8939612582325935; Action: ([0.05, 1.04, 1.03, 1.04, 0.01], [0, 1, 1, 1, 0])
Episode: 479; Score: [-5.80636521]; Action: ([0.77, 1.2, 1.63, 0.46, 1.74], [1, 1, 2, 0, 2])
Episode: 480; Score: -2.998292976990342; Action: ([2.0, 0.99, 1.02, 0.0, 2.0], [2, 1, 1, 0, 2])
Episode: 481; Score: [-2.64540111]; Action: ([1.78, 0.94, 1.03, 1.13, 1.47], [2, 1, 1, 1, 2])
Episode: 482; Score: -2.006489643128589; Action: ([2.0, 1.0, 0.03, 1.97, 2.0], [2, 1, 0, 2, 2])
Episode: 483; Score: [-5.22447455]; Action: ([0.65, 1.1, 1.71, 0.62, 0.32], [0, 1, 2, 0, 0])
Episode: 484; Score: -3.937388692749664; Action: ([1.02, 0.0, 1.96, 2.0, 1.0], [1, 0, 2, 2, 1])
Episode: 485; Score: [-5.30871806]; Action: ([1.63, 1.15, 0.22, 0.79, 1.52], [2, 1, 0, 1, 2])
Episode: 486; Score: -2.164885959820822; Action: ([0.0, 1.11, 0.92, 1.0, 0.03], [0, 1, 1, 1, 0])
Episode: 487; Score: [-5.07866622]; Action: ([0.09, 0.43, 0.6, 1.81, 0.0], [0, 0, 0, 2, 0])
Episode: 488; Score: -3.0439903223887086; Action: ([2.0, 1.04, 0.99, 0.0, 2.0], [2, 1, 1, 0, 2])
Episode: 489; Score: [-3.68835352]; Action: ([0.49, 0.32, 0.12, 0.92, 1.83], [0, 0, 0, 1, 2])
Episode: 490; Score: -1.1132883001118898; Action: ([1.97, 1.02, 0.02, 1.97, 1.95], [2, 1, 0, 2, 2])
Episode: 491; Score: [-3.3169318]; Action: ([1.78, 0.33, 1.03, 0.97, 0.63], [2, 0, 1, 1, 0])
Episode: 492; Score: -5.825630888342857; Action: ([0.95, 0.0, 1.9, 2.0, 0.97], [1, 0, 2, 2, 1])
Episode: 493; Score: [-4.39002617]; Action: ([1.01, 0.8, 1.37, 0.06, 1.37], [1, 1, 2, 0, 2])
Episode: 494; Score: -5.123099150136113; Action: ([0.11, 1.1, 1.11, 0.97, 0.01], [0, 1, 1, 1, 0])
Episode: 495; Score: [-1.05159267]; Action: ([1.04, 1.11, 1.4, 0.62, 0.88], [1, 1, 2, 0, 1])
Episode: 496; Score: -2.057035413570702; Action: ([2.0, 1.01, 1.03, 0.0, 1.99], [2, 1, 1, 0, 2])
Episode: 497; Score: [-4.58655055]; Action: ([0.6, 1.55, 0.42, 1.27, 0.66], [0, 2, 0, 1, 0])
Episode: 498; Score: -6.853099757805467; Action: ([1.95, 0.98, 0.01, 1.95, 1.95], [2, 1, 0, 2, 2])
Episode: 499; Score: [-5.05695813]; Action: ([0.59, 0.79, 1.13, 0.72, 0.71], [0, 1, 1, 1, 1])
Episode: 500; Score: -5.9629127979278564; Action: ([0.93, 0.0, 2.0, 1.98, 1.05], [1, 0, 2, 2, 1])
Episode: 501; Score: [-3.81167208]; Action: ([1.28, 1.9, 1.59, 0.63, 1.59], [1, 2, 2, 0, 2])
Episode: 502; Score: -4.978750606998801; Action: ([0.08, 0.9, 0.97, 0.99, 0.09], [0, 1, 1, 1, 0])
Episode: 503; Score: [-4.30871818]; Action: ([1.27, 0.31, 1.52, 1.56, 0.03], [1, 0, 2, 2, 0])
Episode: 504; Score: -3.0324571788369212; Action: ([2.0, 1.0, 1.03, 0.0, 2.0], [2, 1, 1, 0, 2])
Episode: 505; Score: [-5.02173915]; Action: ([0.56, 0.8, 0.36, 1.85, 1.46], [0, 1, 0, 2, 2])
Episode: 506; Score: -3.9942077174782753; Action: ([2.0, 1.06, 0.0, 1.96, 1.98], [2, 1, 0, 2, 2])
Episode: 507; Score: [-4.74013325]; Action: ([1.58, 0.72, 0.14, 1.01, 1.3], [2, 1, 0, 1, 1])
Episode: 508; Score: -4.119693327695131; Action: ([0.96, 0.04, 1.96, 1.88, 0.96], [1, 0, 2, 2, 1])
Episode: 509; Score: [-4.68537357]; Action: ([0.38, 1.35, 0.32, 1.44, 1.2], [0, 2, 0, 2, 1])
Episode: 510; Score: -6.002843912225217; Action: ([0.0, 0.96, 1.04, 1.0, 0.0], [0, 1, 1, 1, 0])
Episode: 511; Score: [-1.94403496]; Action: ([0.6, 0.0, 1.01, 0.48, 0.99], [0, 0, 1, 0, 1])
Episode: 512; Score: -2.068724298849702; Action: ([1.98, 1.01, 0.96, 0.0, 2.0], [2, 1, 1, 0, 2])
Episode: 513; Score: [-4.29856623]; Action: ([0.46, 1.92, 0.35, 1.06, 0.5], [0, 2, 0, 1, 0])
Episode: 514; Score: -0.998272355645895; Action: ([2.0, 1.06, 0.06, 2.0, 2.0], [2, 1, 0, 2, 2])
Episode: 515; Score: [-5.46443263]; Action: ([0.19, 1.86, 1.22, 1.87, 0.11], [0, 2, 1, 2, 0])
Episode: 516; Score: -3.91494233161211; Action: ([0.96, 0.0, 2.0, 2.0, 1.12], [1, 0, 2, 2, 1])
Episode: 517; Score: [-3.65410426]; Action: ([1.29, 0.76, 1.72, 1.31, 0.27], [1, 1, 2, 1, 0])
Episode: 518; Score: -3.0884023709222674; Action: ([0.03, 1.01, 1.04, 1.01, 0.0], [0, 1, 1, 1, 0])
Episode: 519; Score: [-3.7887474]; Action: ([1.99, 0.79, 1.91, 1.94, 1.74], [2, 1, 2, 2, 2])
Episode: 520; Score: -2.9507540254853666; Action: ([1.95, 0.99, 1.04, 0.04, 2.0], [2, 1, 1, 0, 2])
Episode: 521; Score: [-1.61721542]; Action: ([1.53, 0.63, 0.68, 1.16, 1.23], [2, 0, 1, 1, 1])
Episode: 522; Score: -7.076071109622717; Action: ([2.0, 1.06, 0.05, 1.98, 1.99], [2, 1, 0, 2, 2])
Episode: 523; Score: [-3.11019355]; Action: ([1.62, 1.15, 1.36, 0.48, 1.58], [2, 1, 2, 0, 2])
Episode: 524; Score: -3.103351019322872; Action: ([0.92, 0.05, 1.99, 2.0, 1.08], [1, 0, 2, 2, 1])
Episode: 525; Score: [-4.30560686]; Action: ([0.82, 0.63, 0.7, 1.32, 0.21], [1, 0, 1, 1, 0])
Episode: 526; Score: -4.990937918424606; Action: ([0.03, 0.98, 1.06, 1.06, 0.0], [0, 1, 1, 1, 0])
Episode: 527; Score: [-2.59540332]; Action: ([0.42, 0.22, 1.24, 0.42, 0.29], [0, 0, 1, 0, 0])
Episode: 528; Score: -2.937989342957735; Action: ([2.0, 0.96, 1.03, 0.07, 2.0], [2, 1, 1, 0, 2])
Episode: 529; Score: [-6.19195018]; Action: ([1.58, 1.23, 0.23, 1.41, 1.74], [2, 1, 0, 2, 2])
Episode: 530; Score: -6.898483660072088; Action: ([1.96, 0.95, 0.0, 1.98, 2.0], [2, 1, 0, 2, 2])
Episode: 531; Score: [-1.17239961]; Action: ([1.65, 1.0, 0.84, 1.29, 0.93], [2, 1, 1, 1, 1])
Episode: 532; Score: -3.045093236491084; Action: ([1.02, 0.0, 2.0, 2.0, 0.97], [1, 0, 2, 2, 1])
Episode: 533; Score: [-4.12460501]; Action: ([0.85, 0.21, 1.76, 1.21, 1.37], [1, 0, 2, 1, 2])
Episode: 534; Score: -3.0820430479943752; Action: ([0.0, 0.95, 0.98, 1.05, 0.09], [0, 1, 1, 1, 0])
Episode: 535; Score: [-5.24465622]; Action: ([1.37, 0.17, 0.71, 1.24, 0.27], [2, 0, 1, 1, 0])
Episode: 536; Score: -5.920053154230118; Action: ([2.0, 0.98, 0.96, 0.0, 1.99], [2, 1, 1, 0, 2])
Episode: 537; Score: [-5.50183103]; Action: ([0.22, 0.51, 0.61, 0.02, 1.13], [0, 0, 0, 0, 1])
Episode: 538; Score: -7.035383779555559; Action: ([2.0, 1.04, 0.02, 1.97, 2.0], [2, 1, 0, 2, 2])
Episode: 539; Score: [-4.924208]; Action: ([1.81, 0.53, 1.38, 1.19, 0.01], [2, 0, 2, 1, 0])
Episode: 540; Score: -2.9751394148916006; Action: ([0.98, 0.0, 2.0, 2.0, 1.05], [1, 0, 2, 2, 1])
Episode: 541; Score: [-5.4828473]; Action: ([0.16, 1.56, 1.45, 0.89, 0.57], [0, 2, 2, 1, 0])
Episode: 542; Score: -4.9446939174085855; Action: ([0.1, 0.97, 0.99, 0.98, 0.01], [0, 1, 1, 1, 0])
Episode: 543; Score: [-3.53761748]; Action: ([1.6, 1.92, 1.87, 1.32, 0.17], [2, 2, 2, 1, 0])
Episode: 544; Score: -3.0044238809496164; Action: ([1.91, 1.02, 1.08, 0.03, 2.0], [2, 1, 1, 0, 2])
Episode: 545; Score: [-4.52215539]; Action: ([0.77, 0.41, 0.31, 1.01, 1.97], [1, 0, 0, 1, 2])
Episode: 546; Score: -1.1869614776223898; Action: ([1.92, 1.03, 0.0, 1.93, 2.0], [2, 1, 0, 2, 2])
Episode: 547; Score: [-5.46800028]; Action: ([1.26, 0.83, 1.0, 0.29, 0.16], [1, 1, 1, 0, 0])
Episode: 548; Score: -6.001195385120809; Action: ([1.01, 0.03, 2.0, 2.0, 0.97], [1, 0, 2, 2, 1])
Episode: 549; Score: [-2.98667015]; Action: ([1.62, 0.92, 1.4, 1.68, 0.19], [2, 1, 2, 2, 0])
Episode: 550; Score: -2.9684448037296534; Action: ([0.04, 0.98, 0.92, 1.03, 0.0], [0, 1, 1, 1, 0])
Episode: 551; Score: [-1.93517328]; Action: ([1.27, 1.1, 1.92, 1.42, 1.23], [1, 1, 2, 2, 1])
Episode: 552; Score: -5.905852284282446; Action: ([2.0, 0.98, 0.93, 0.01, 1.99], [2, 1, 1, 0, 2])
Episode: 553; Score: [-3.73106491]; Action: ([1.89, 1.84, 1.63, 0.06, 0.56], [2, 2, 2, 0, 0])
Episode: 554; Score: -6.9268006924539804; Action: ([2.0, 1.0, 0.0, 1.93, 2.0], [2, 1, 0, 2, 2])
Episode: 555; Score: [-5.38124402]; Action: ([1.37, 1.76, 0.48, 0.27, 0.26], [2, 2, 0, 0, 0])
Episode: 556; Score: -4.084967017173767; Action: ([0.9, 0.0, 2.0, 1.98, 1.04], [1, 0, 2, 2, 1])
Episode: 557; Score: [-4.73669891]; Action: ([0.25, 1.34, 1.58, 0.74, 1.2], [0, 2, 2, 1, 1])
Episode: 558; Score: -2.1052708039060235; Action: ([0.0, 1.04, 0.95, 1.01, 0.0], [0, 1, 1, 1, 0])
Episode: 559; Score: [-5.38676923]; Action: ([1.91, 0.81, 0.6, 1.96, 0.1], [2, 1, 0, 2, 0])
Episode: 560; Score: -3.135212792083621; Action: ([1.96, 1.02, 0.88, 0.05, 2.0], [2, 1, 1, 0, 2])
Episode: 561; Score: [-5.12891996]; Action: ([0.11, 1.32, 0.12, 1.91, 0.05], [0, 1, 0, 2, 0])
Episode: 562; Score: -6.970218885689974; Action: ([1.96, 1.06, 0.0, 2.0, 1.95], [2, 1, 0, 2, 2])
Episode: 563; Score: [-4.62044899]; Action: ([0.24, 1.02, 1.13, 1.38, 0.65], [0, 1, 1, 2, 0])
Episode: 564; Score: -4.015098906122148; Action: ([0.98, 0.0, 1.97, 2.0, 0.98], [1, 0, 2, 2, 1])
Episode: 565; Score: [-1.9896156]; Action: ([0.86, 0.8, 0.52, 0.82, 2.0], [1, 1, 0, 1, 2])
Episode: 566; Score: -3.185898747295141; Action: ([0.0, 1.04, 1.07, 1.07, 0.0], [0, 1, 1, 1, 0])
Episode: 567; Score: [-4.79211518]; Action: ([0.89, 1.3, 0.98, 0.56, 1.06], [1, 1, 1, 0, 1])
Episode: 568; Score: -5.997650827630423; Action: ([2.0, 1.0, 1.01, 0.04, 1.94], [2, 1, 1, 0, 2])
Episode: 569; Score: [-1.53340077]; Action: ([1.56, 1.07, 1.38, 0.88, 0.6], [2, 1, 2, 1, 0])
Episode: 570; Score: -1.110475741326809; Action: ([1.94, 0.99, 0.0, 1.96, 2.0], [2, 1, 0, 2, 2])
Episode: 571; Score: [-3.23622182]; Action: ([0.2, 0.65, 0.55, 1.5, 1.86], [0, 0, 0, 2, 2])
Episode: 572; Score: -3.197757013142109; Action: ([1.05, 0.0, 2.0, 2.0, 0.85], [1, 0, 2, 2, 1])
Episode: 573; Score: [-1.62726276]; Action: ([1.49, 1.46, 0.98, 1.9, 1.46], [2, 2, 1, 2, 2])
Episode: 574; Score: -3.1378082442097366; Action: ([0.02, 0.99, 1.06, 0.95, 0.11], [0, 1, 1, 1, 0])
Episode: 575; Score: [-4.29175237]; Action: ([0.24, 0.32, 1.78, 1.1, 1.82], [0, 0, 2, 1, 2])
Episode: 576; Score: -2.0526004396378994; Action: ([2.0, 1.04, 0.99, 0.0, 2.0], [2, 1, 1, 0, 2])
Episode: 577; Score: [-3.10351319]; Action: ([1.7, 0.47, 0.61, 1.72, 0.23], [2, 0, 0, 2, 0])
Episode: 578; Score: -4.00383198261261; Action: ([2.0, 1.03, 0.0, 2.0, 1.97], [2, 1, 0, 2, 2])
Episode: 579; Score: [-3.40134049]; Action: ([1.11, 1.13, 0.15, 1.05, 1.42], [1, 1, 0, 1, 2])
Episode: 580; Score: -3.030060324817896; Action: ([1.0, 0.0, 2.0, 1.98, 1.04], [1, 0, 2, 2, 1])
Episode: 581; Score: [-2.41446405]; Action: ([1.19, 0.84, 1.74, 1.94, 0.61], [1, 1, 2, 2, 0])
Episode: 582; Score: -2.028686713427305; Action: ([0.03, 1.01, 1.02, 0.96, 0.0], [0, 1, 1, 1, 0])
Episode: 583; Score: [-3.48576698]; Action: ([1.83, 1.81, 1.3, 1.86, 1.68], [2, 2, 1, 2, 2])
Episode: 584; Score: -5.889842794276774; Action: ([2.0, 0.98, 1.0, 0.0, 1.91], [2, 1, 1, 0, 2])
Episode: 585; Score: [-4.55505795]; Action: ([0.48, 0.49, 1.14, 0.75, 1.7], [0, 0, 1, 1, 2])
Episode: 586; Score: -3.9521308443509042; Action: ([2.0, 1.0, 0.05, 2.0, 2.0], [2, 1, 0, 2, 2])
Episode: 587; Score: [-2.74325443]; Action: ([0.98, 0.1, 0.31, 1.33, 0.02], [1, 0, 0, 1, 0])
Episode: 588; Score: -4.083579879719764; Action: ([0.98, 0.0, 2.0, 1.93, 1.01], [1, 0, 2, 2, 1])
Episode: 589; Score: [-2.70554289]; Action: ([1.68, 0.73, 0.19, 1.22, 1.72], [2, 1, 0, 1, 2])
Episode: 590; Score: -2.1197120659053326; Action: ([0.0, 0.92, 0.99, 0.98, 0.0], [0, 1, 1, 1, 0])
Episode: 591; Score: [-4.98046536]; Action: ([0.61, 1.68, 0.2, 1.85, 0.64], [0, 2, 0, 2, 0])
Episode: 592; Score: -6.105078913853504; Action: ([2.0, 1.01, 1.0, 0.09, 2.0], [2, 1, 1, 0, 2])
Episode: 593; Score: [-4.17054731]; Action: ([1.63, 0.96, 0.49, 0.61, 0.14], [2, 1, 0, 0, 0])
Episode: 594; Score: -2.038847020128742; Action: ([1.97, 1.0, 0.02, 1.99, 1.98], [2, 1, 0, 2, 2])
Episode: 595; Score: [-2.75013243]; Action: ([0.6, 0.14, 0.09, 1.05, 0.87], [0, 0, 0, 1, 1])
Episode: 596; Score: -5.945859441533685; Action: ([0.95, 0.05, 1.92, 2.0, 1.03], [1, 0, 2, 2, 1])
Episode: 597; Score: [-4.77571968]; Action: ([1.39, 0.55, 1.5, 0.13, 1.2], [2, 0, 2, 0, 1])
Episode: 598; Score: -3.0165687426924706; Action: ([0.01, 1.02, 1.04, 0.91, 0.03], [0, 1, 1, 1, 0])
Episode: 599; Score: [-5.82021956]; Action: ([0.08, 0.12, 0.09, 1.5, 1.39], [0, 0, 0, 2, 2])
Episode: 600; Score: -2.283864252269268; Action: ([1.98, 0.92, 1.09, 0.0, 1.91], [2, 1, 1, 0, 2])
Episode: 601; Score: [-5.38861825]; Action: ([0.33, 1.78, 0.93, 1.95, 0.17], [0, 2, 1, 2, 0])
Episode: 602; Score: -1.035649525001645; Action: ([2.0, 0.99, 0.0, 1.98, 2.0], [2, 1, 0, 2, 2])
Episode: 603; Score: [-3.36440228]; Action: ([1.72, 0.73, 1.73, 0.41, 1.04], [2, 1, 2, 0, 1])
Episode: 604; Score: -6.117672212421894; Action: ([1.04, 0.06, 2.0, 1.99, 1.03], [1, 0, 2, 2, 1])
Episode: 605; Score: [-5.30916327]; Action: ([1.41, 0.86, 1.07, 0.34, 0.01], [2, 1, 1, 0, 0])
Episode: 606; Score: -3.017244154587388; Action: ([0.0, 0.98, 0.98, 1.01, 0.04], [0, 1, 1, 1, 0])
Episode: 607; Score: [-2.54562063]; Action: ([0.53, 0.37, 0.2, 1.13, 0.31], [0, 0, 0, 1, 0])
Episode: 608; Score: -2.148352161049843; Action: ([1.97, 1.04, 1.06, 0.0, 1.98], [2, 1, 1, 0, 2])
Episode: 609; Score: [-6.90783433]; Action: ([1.57, 1.52, 1.38, 1.42, 1.02], [2, 2, 2, 2, 1])
Episode: 610; Score: -3.9087242260575294; Action: ([2.0, 1.04, 0.05, 1.95, 1.96], [2, 1, 0, 2, 2])
Episode: 611; Score: [-3.97942908]; Action: ([0.2, 1.34, 0.25, 0.79, 1.4], [0, 2, 0, 1, 2])
Episode: 612; Score: -3.9089451394975185; Action: ([1.02, 0.0, 1.97, 1.97, 1.08], [1, 0, 2, 2, 1])
Episode: 613; Score: [-2.19140033]; Action: ([1.66, 1.26, 1.48, 0.49, 1.28], [2, 1, 2, 0, 1])
Episode: 614; Score: -3.050128466449678; Action: ([0.05, 1.02, 1.01, 0.93, 0.03], [0, 1, 1, 1, 0])
Episode: 615; Score: [-2.02331123]; Action: ([0.86, 0.89, 0.83, 1.96, 1.44], [1, 1, 1, 2, 2])
Episode: 616; Score: -2.1133828819729388; Action: ([1.91, 1.01, 0.94, 0.09, 1.96], [2, 1, 1, 0, 2])
Episode: 617; Score: [-3.14307524]; Action: ([1.79, 0.53, 1.91, 1.95, 1.03], [2, 0, 2, 2, 1])
Episode: 618; Score: -7.00840400531888; Action: ([2.0, 1.01, 0.0, 2.0, 2.0], [2, 1, 0, 2, 2])
Episode: 619; Score: [-5.40512491]; Action: ([0.72, 0.28, 0.54, 0.29, 1.77], [1, 0, 0, 0, 2])
Episode: 620; Score: -6.059820467373356; Action: ([1.06, 0.0, 2.0, 2.0, 1.0], [1, 0, 2, 2, 1])
Episode: 621; Score: [-3.06793692]; Action: ([0.44, 1.64, 1.28, 1.92, 1.92], [0, 2, 1, 2, 2])
Episode: 622; Score: -6.01109645050019; Action: ([0.02, 1.04, 0.99, 1.02, 0.0], [0, 1, 1, 1, 0])
Episode: 623; Score: [-4.44372872]; Action: ([0.51, 1.82, 1.82, 1.41, 1.27], [0, 2, 2, 2, 1])
Episode: 624; Score: -3.0735036032274365; Action: ([2.0, 1.06, 0.99, 0.0, 2.0], [2, 1, 1, 0, 2])
Episode: 625; Score: [-4.80279481]; Action: ([1.11, 0.48, 1.39, 0.28, 0.72], [1, 0, 2, 0, 1])
Episode: 626; Score: -2.1502738147974014; Action: ([1.97, 0.93, 0.0, 2.0, 1.94], [2, 1, 0, 2, 2])
Episode: 627; Score: [-2.55096559]; Action: ([0.49, 0.34, 1.98, 1.68, 1.97], [0, 0, 2, 2, 2])
Episode: 628; Score: -3.9551329743117094; Action: ([1.02, 0.0, 2.0, 2.0, 1.03], [1, 0, 2, 2, 1])
Episode: 629; Score: [-2.07751144]; Action: ([2.0, 1.33, 1.11, 1.04, 1.32], [2, 1, 1, 1, 1])
Episode: 630; Score: -4.988116225227714; Action: ([0.0, 0.98, 0.95, 1.05, 0.03], [0, 1, 1, 1, 0])
Episode: 631; Score: [-3.28685234]; Action: ([0.04, 0.93, 0.16, 1.35, 0.81], [0, 1, 0, 2, 1])
Episode: 632; Score: -6.0681546945124865; Action: ([2.0, 1.05, 1.02, 0.0, 2.0], [2, 1, 1, 0, 2])
Episode: 633; Score: [-4.45255756]; Action: ([0.36, 0.69, 0.79, 0.7, 1.91], [0, 1, 1, 1, 2])
Episode: 634; Score: -3.829846161417663; Action: ([2.0, 0.99, 0.11, 2.0, 1.93], [2, 1, 0, 2, 2])
Episode: 635; Score: [-3.04178399]; Action: ([0.45, 1.08, 0.98, 0.15, 0.38], [0, 1, 1, 0, 0])
Episode: 636; Score: -5.873035488650203; Action: ([0.94, 0.02, 1.92, 2.0, 0.98], [1, 0, 2, 2, 1])
Episode: 637; Score: [-4.10916563]; Action: ([1.87, 0.68, 0.5, 0.66, 0.19], [2, 1, 0, 0, 0])
Episode: 638; Score: -2.1151983020827174; Action: ([0.05, 1.01, 1.06, 0.91, 0.0], [0, 1, 1, 1, 0])
Episode: 639; Score: [-6.10830912]; Action: ([0.96, 1.27, 0.45, 0.05, 0.7], [1, 1, 0, 0, 1])
Episode: 640; Score: -5.9646904692053795; Action: ([2.0, 1.06, 0.91, 0.0, 1.99], [2, 1, 1, 0, 2])
Episode: 641; Score: [-2.48087518]; Action: ([0.78, 0.35, 0.8, 0.07, 0.52], [1, 0, 1, 0, 0])
Episode: 642; Score: -2.1520106829702854; Action: ([1.91, 1.04, 0.04, 2.0, 1.93], [2, 1, 0, 2, 2])
Episode: 643; Score: [-5.39695117]; Action: ([0.61, 1.92, 1.94, 0.0, 0.93], [0, 2, 2, 0, 1])
Episode: 644; Score: -4.1736416425555944; Action: ([0.9, 0.0, 2.0, 1.93, 0.99], [1, 0, 2, 2, 1])
Episode: 645; Score: [-5.18599806]; Action: ([0.48, 0.09, 1.89, 0.29, 1.07], [0, 0, 2, 0, 1])
Episode: 646; Score: -3.111328262835741; Action: ([0.0, 1.08, 0.98, 0.95, 0.1], [0, 1, 1, 1, 0])
Episode: 647; Score: [-2.95384783]; Action: ([1.54, 1.14, 1.76, 0.13, 0.35], [2, 1, 2, 0, 0])
Episode: 648; Score: -2.1259274687618017; Action: ([1.96, 1.06, 1.02, 0.01, 1.99], [2, 1, 1, 0, 2])
Episode: 649; Score: [-3.6792541]; Action: ([0.65, 1.67, 1.87, 1.9, 1.32], [0, 2, 2, 2, 1])
Episode: 650; Score: -1.0566674193250947; Action: ([2.0, 1.0, 0.0, 1.98, 1.97], [2, 1, 0, 2, 2])
Episode: 651; Score: [-2.1920075]; Action: ([0.8, 0.66, 1.15, 0.44, 1.94], [1, 0, 1, 0, 2])
Episode: 652; Score: -3.8787942603230476; Action: ([0.97, 0.03, 1.9, 2.0, 1.02], [1, 0, 2, 2, 1])
Episode: 653; Score: [-5.05245851]; Action: ([0.89, 2.0, 0.29, 0.2, 1.66], [1, 2, 0, 0, 2])
Episode: 654; Score: -5.1283301673829556; Action: ([0.05, 0.92, 0.95, 0.95, 0.0], [0, 1, 1, 1, 0])
Episode: 655; Score: [-3.49692016]; Action: ([0.23, 0.5, 0.44, 1.76, 1.57], [0, 0, 0, 2, 2])
Episode: 656; Score: -2.10825960082002; Action: ([2.0, 1.04, 1.0, 0.0, 1.94], [2, 1, 1, 0, 2])
Episode: 657; Score: [-2.58073987]; Action: ([1.48, 0.27, 1.62, 0.36, 1.11], [2, 0, 2, 0, 1])
Episode: 658; Score: -1.0806739423424006; Action: ([1.95, 1.02, 0.0, 1.99, 2.0], [2, 1, 0, 2, 2])
Episode: 659; Score: [-2.63482107]; Action: ([1.75, 0.95, 1.85, 0.09, 1.08], [2, 1, 2, 0, 1])
Episode: 660; Score: -4.007979903370142; Action: ([0.97, 0.0, 2.0, 2.0, 1.02], [1, 0, 2, 2, 1])
Episode: 661; Score: [-3.4119354]; Action: ([1.51, 1.82, 1.39, 1.58, 0.71], [2, 2, 2, 2, 1])
Episode: 662; Score: -2.044323954731226; Action: ([0.0, 0.98, 1.04, 1.01, 0.03], [0, 1, 1, 1, 0])
Episode: 663; Score: [-6.21806551]; Action: ([0.72, 0.91, 0.11, 0.82, 0.23], [1, 1, 0, 1, 0])
Episode: 664; Score: -3.0498127564787865; Action: ([2.0, 0.99, 0.99, 0.0, 1.97], [2, 1, 1, 0, 2])
Episode: 665; Score: [-3.21097236]; Action: ([1.3, 0.23, 1.19, 0.68, 1.77], [1, 0, 1, 1, 2])
Episode: 666; Score: -7.02239029482007; Action: ([1.98, 1.04, 0.0, 2.0, 2.0], [2, 1, 0, 2, 2])
Episode: 667; Score: [-4.11841632]; Action: ([0.63, 0.5, 0.35, 1.49, 0.9], [0, 0, 0, 2, 1])
Episode: 668; Score: -5.900849431753159; Action: ([0.96, 0.03, 1.96, 1.96, 0.99], [1, 0, 2, 2, 1])
Episode: 669; Score: [-2.8601829]; Action: ([1.79, 1.67, 2.0, 0.78, 1.24], [2, 2, 2, 1, 1])
Episode: 670; Score: -6.153248682618141; Action: ([0.0, 0.89, 0.99, 0.91, 0.05], [0, 1, 1, 1, 0])
Episode: 671; Score: [-2.28793695]; Action: ([1.32, 1.03, 0.76, 0.02, 0.29], [1, 1, 1, 0, 0])
Episode: 672; Score: -3.08601629268378; Action: ([1.99, 0.93, 1.02, 0.02, 1.97], [2, 1, 1, 0, 2])
Episode: 673; Score: [-5.32476101]; Action: ([0.14, 1.71, 0.62, 0.74, 1.88], [0, 2, 0, 1, 2])
Episode: 674; Score: -2.1231096386909485; Action: ([2.0, 0.95, 0.0, 2.0, 1.93], [2, 1, 0, 2, 2])
Episode: 675; Score: [-2.0618244]; Action: ([1.75, 1.57, 0.69, 1.0, 1.42], [2, 2, 1, 1, 2])
Episode: 676; Score: -5.978045240975916; Action: ([0.99, 0.0, 2.0, 2.0, 0.99], [1, 0, 2, 2, 1])
Episode: 677; Score: [-2.49360699]; Action: ([1.55, 1.86, 0.9, 1.95, 0.96], [2, 2, 1, 2, 1])
Episode: 678; Score: -5.848067899234593; Action: ([0.01, 1.03, 0.99, 1.15, 0.04], [0, 1, 1, 1, 0])
Episode: 679; Score: [-4.10215706]; Action: ([1.52, 0.19, 1.09, 1.72, 0.38], [2, 0, 1, 2, 0])
Episode: 680; Score: -3.186138439923525; Action: ([1.93, 0.95, 1.02, 0.0, 1.91], [2, 1, 1, 0, 2])
Episode: 681; Score: [-6.58709853]; Action: ([0.57, 1.14, 1.78, 1.66, 1.43], [0, 1, 2, 2, 2])
Episode: 682; Score: -3.9669339023530483; Action: ([2.0, 1.05, 0.0, 1.93, 1.99], [2, 1, 0, 2, 2])
Episode: 683; Score: [-3.3091341]; Action: ([1.4, 0.59, 0.09, 2.0, 1.59], [2, 0, 0, 2, 2])
Episode: 684; Score: -2.889644078910351; Action: ([1.01, 0.09, 1.95, 1.99, 0.97], [1, 0, 2, 2, 1])
Episode: 685; Score: [-1.82687972]; Action: ([0.23, 1.13, 0.52, 0.88, 0.68], [0, 1, 0, 1, 1])
Episode: 686; Score: -5.125947130843997; Action: ([0.02, 1.06, 1.06, 0.97, 0.01], [0, 1, 1, 1, 0])
Episode: 687; Score: [-4.1162205]; Action: ([0.25, 0.61, 1.31, 0.18, 1.76], [0, 0, 1, 0, 2])
Episode: 688; Score: -5.933831062400714; Action: ([1.91, 1.04, 1.0, 0.0, 1.98], [2, 1, 1, 0, 2])
Episode: 689; Score: [-4.91480685]; Action: ([1.36, 1.96, 1.95, 0.71, 0.02], [2, 2, 2, 1, 0])
Episode: 690; Score: -6.900008726865053; Action: ([1.9, 0.96, 0.05, 2.0, 2.0], [2, 1, 0, 2, 2])
Episode: 691; Score: [-5.61773309]; Action: ([1.99, 0.36, 0.07, 0.35, 0.6], [2, 0, 0, 0, 0])
Episode: 692; Score: -3.053751267492771; Action: ([1.05, 0.03, 1.9, 2.0, 0.97], [1, 0, 2, 2, 1])
Episode: 693; Score: [-3.9690566]; Action: ([1.13, 0.46, 1.72, 1.48, 0.67], [1, 0, 2, 2, 1])
Episode: 694; Score: -4.809270674362779; Action: ([0.08, 1.01, 1.02, 1.04, 0.1], [0, 1, 1, 1, 0])
Episode: 695; Score: [-4.14120199]; Action: ([0.96, 1.47, 0.62, 0.65, 1.09], [1, 2, 0, 0, 1])
Episode: 696; Score: -5.981300368905067; Action: ([1.97, 0.97, 1.04, 0.0, 2.0], [2, 1, 1, 0, 2])
Episode: 697; Score: [-4.54651257]; Action: ([1.5, 1.36, 0.33, 1.45, 0.54], [2, 2, 0, 2, 0])
Episode: 698; Score: -6.852871674112976; Action: ([2.0, 1.01, 0.0, 1.96, 1.88], [2, 1, 0, 2, 2])
Episode: 699; Score: [-4.36840452]; Action: ([1.03, 0.43, 1.84, 0.52, 0.82], [1, 0, 2, 0, 1])
Episode: 700; Score: -3.8586549013853073; Action: ([0.93, 0.02, 1.88, 2.0, 1.07], [1, 0, 2, 2, 1])
Episode: 701; Score: [-2.98914871]; Action: ([0.58, 0.5, 1.56, 1.72, 0.21], [0, 0, 2, 2, 0])
Episode: 702; Score: -2.167936112731695; Action: ([0.0, 1.06, 0.98, 1.09, 0.0], [0, 1, 1, 1, 0])
Episode: 703; Score: [-6.12921282]; Action: ([0.14, 0.81, 0.37, 1.03, 0.53], [0, 1, 0, 1, 0])
Episode: 704; Score: -2.9772611437365413; Action: ([1.92, 0.99, 1.08, 0.03, 2.0], [2, 1, 1, 0, 2])
Episode: 705; Score: [-1.38493145]; Action: ([1.16, 1.51, 1.25, 0.84, 1.31], [1, 2, 1, 1, 1])
Episode: 706; Score: -1.1229064017534256; Action: ([2.0, 1.12, 0.0, 2.0, 2.0], [2, 1, 0, 2, 2])
Episode: 707; Score: [-2.0493046]; Action: ([0.48, 0.15, 0.4, 0.37, 0.65], [0, 0, 0, 0, 0])
Episode: 708; Score: -4.09531631693244; Action: ([0.96, 0.0, 2.0, 1.99, 0.96], [1, 0, 2, 2, 1])
Episode: 709; Score: [-2.26782452]; Action: ([0.27, 1.03, 1.49, 0.17, 1.19], [0, 1, 2, 0, 1])
Episode: 710; Score: -5.936808094382286; Action: ([0.06, 1.05, 0.97, 1.08, 0.0], [0, 1, 1, 1, 0])
Episode: 711; Score: [-5.0105734]; Action: ([0.15, 0.32, 0.89, 0.57, 1.05], [0, 0, 1, 0, 1])
Episode: 712; Score: -2.920311564579606; Action: ([2.0, 0.98, 0.97, 0.13, 2.0], [2, 1, 1, 0, 2])
Episode: 713; Score: [-3.58350236]; Action: ([1.42, 0.12, 1.69, 0.23, 0.18], [2, 0, 2, 0, 0])
Episode: 714; Score: -6.898146232590079; Action: ([1.96, 0.98, 0.0, 1.96, 1.99], [2, 1, 0, 2, 2])
Episode: 715; Score: [-4.85513642]; Action: ([0.19, 0.67, 1.41, 0.86, 1.72], [0, 1, 2, 1, 2])
Episode: 716; Score: -5.994625239633024; Action: ([0.98, 0.05, 2.0, 1.98, 0.99], [1, 0, 2, 2, 1])
Episode: 717; Score: [-4.8582965]; Action: ([0.74, 1.85, 1.26, 0.45, 0.56], [1, 2, 1, 0, 0])
Episode: 718; Score: -5.0674196146428585; Action: ([0.0, 1.05, 0.9, 1.08, 0.0], [0, 1, 1, 1, 0])
Episode: 719; Score: [-5.72972025]; Action: ([1.58, 0.63, 1.9, 1.28, 0.35], [2, 0, 2, 1, 0])
Episode: 720; Score: -2.227655403316021; Action: ([2.0, 1.06, 0.94, 0.05, 1.85], [2, 1, 1, 0, 2])
Episode: 721; Score: [-3.6436372]; Action: ([0.63, 0.72, 1.99, 1.84, 1.15], [0, 1, 2, 2, 1])
Episode: 722; Score: -7.051270917057991; Action: ([2.0, 1.09, 0.05, 2.0, 1.91], [2, 1, 0, 2, 2])
Episode: 723; Score: [-6.77044743]; Action: ([0.4, 2.0, 0.96, 0.64, 0.23], [0, 2, 1, 0, 0])
Episode: 724; Score: -3.819264128804207; Action: ([1.05, 0.04, 1.93, 2.0, 1.03], [1, 0, 2, 2, 1])
Episode: 725; Score: [-2.35192611]; Action: ([0.07, 0.57, 1.06, 0.94, 1.86], [0, 0, 1, 1, 2])
Episode: 726; Score: -3.0417164124082774; Action: ([0.0, 1.09, 0.95, 1.0, 0.0], [0, 1, 1, 1, 0])
Episode: 727; Score: [-5.43411318]; Action: ([0.15, 0.14, 1.39, 0.27, 1.4], [0, 0, 2, 0, 2])
Episode: 728; Score: -2.1535151936113834; Action: ([1.99, 0.97, 1.11, 0.0, 2.0], [2, 1, 1, 0, 2])
Episode: 729; Score: [-2.12897935]; Action: ([1.65, 0.46, 1.16, 0.58, 1.37], [2, 0, 1, 0, 2])
Episode: 730; Score: -6.962594620883465; Action: ([2.0, 0.96, 0.0, 2.0, 2.0], [2, 1, 0, 2, 2])
Episode: 731; Score: [-5.67696022]; Action: ([1.03, 1.52, 0.32, 0.32, 1.17], [1, 2, 0, 0, 1])
Episode: 732; Score: -4.048688136041164; Action: ([0.98, 0.01, 2.0, 2.0, 0.97], [1, 0, 2, 2, 1])
Episode: 733; Score: [-3.62373173]; Action: ([0.23, 0.09, 1.86, 0.61, 1.7], [0, 0, 2, 0, 2])
Episode: 734; Score: -5.908647067844868; Action: ([0.04, 1.01, 1.04, 1.02, 0.0], [0, 1, 1, 1, 0])
Episode: 735; Score: [-3.13083595]; Action: ([0.95, 1.4, 0.6, 1.18, 1.53], [1, 2, 0, 1, 2])
Episode: 736; Score: -2.091178897768259; Action: ([2.0, 0.95, 0.98, 0.0, 1.98], [2, 1, 1, 0, 2])
Episode: 737; Score: [-2.7519638]; Action: ([1.56, 0.07, 0.57, 0.91, 0.25], [2, 0, 0, 1, 0])
Episode: 738; Score: -0.9896355085074902; Action: ([2.0, 1.04, 0.06, 1.99, 2.0], [2, 1, 0, 2, 2])
Episode: 739; Score: [-3.3515966]; Action: ([0.95, 0.23, 0.37, 0.36, 1.45], [1, 0, 0, 0, 2])
Episode: 740; Score: -3.0196204110980034; Action: ([1.03, 0.0, 2.0, 2.0, 0.95], [1, 0, 2, 2, 1])
Episode: 741; Score: [-3.67516822]; Action: ([0.92, 1.43, 1.34, 1.91, 0.27], [1, 2, 2, 2, 0])
Episode: 742; Score: -3.02622991183307; Action: ([0.0, 0.99, 1.0, 1.03, 0.0], [0, 1, 1, 1, 0])
Episode: 743; Score: [-4.05766141]; Action: ([0.78, 0.61, 1.3, 1.33, 0.04], [1, 0, 1, 1, 0])
Episode: 744; Score: -5.964895595796406; Action: ([2.0, 0.98, 1.01, 0.02, 1.95], [2, 1, 1, 0, 2])
Episode: 745; Score: [-5.22520154]; Action: ([0.12, 0.69, 1.22, 0.84, 0.35], [0, 1, 1, 1, 0])
Episode: 746; Score: -2.0215582996606827; Action: ([2.0, 1.04, 0.03, 2.0, 2.0], [2, 1, 0, 2, 2])
Episode: 747; Score: [-4.26789027]; Action: ([0.08, 1.7, 1.02, 1.87, 1.46], [0, 2, 1, 2, 2])
Episode: 748; Score: -3.020682848058641; Action: ([1.0, 0.0, 1.98, 2.0, 0.96], [1, 0, 2, 2, 1])
Episode: 749; Score: [-3.92812876]; Action: ([1.64, 0.53, 0.26, 1.96, 0.68], [2, 0, 0, 2, 1])
Episode: 750; Score: -3.1847720239311457; Action: ([0.09, 1.02, 1.04, 1.04, 0.0], [0, 1, 1, 1, 0])
Episode: 751; Score: [-4.93152208]; Action: ([0.17, 1.16, 1.79, 0.59, 1.22], [0, 1, 2, 0, 1])
Episode: 752; Score: -6.036528549157083; Action: ([1.97, 1.06, 1.01, 0.0, 2.0], [2, 1, 1, 0, 2])
Episode: 753; Score: [-4.68194983]; Action: ([0.87, 0.91, 1.33, 1.19, 0.37], [1, 1, 2, 1, 0])
Episode: 754; Score: -1.0634252205491066; Action: ([2.0, 0.95, 0.0, 1.98, 2.0], [2, 1, 0, 2, 2])
Episode: 755; Score: [-3.46936923]; Action: ([1.65, 1.74, 1.39, 1.72, 0.29], [2, 2, 2, 2, 0])
Episode: 756; Score: -3.1862800014205277; Action: ([1.01, 0.03, 1.9, 1.93, 0.95], [1, 0, 2, 2, 1])
Episode: 757; Score: [-4.99080579]; Action: ([1.18, 1.26, 1.45, 0.64, 0.46], [1, 1, 2, 0, 0])
Episode: 758; Score: -3.0018232511356473; Action: ([0.02, 1.01, 0.94, 1.0, 0.03], [0, 1, 1, 1, 0])
Episode: 759; Score: [-6.07922938]; Action: ([1.06, 1.84, 0.35, 1.16, 0.19], [1, 2, 0, 1, 0])
Episode: 760; Score: -3.0857953373342752; Action: ([1.98, 0.92, 1.02, 0.0, 2.0], [2, 1, 1, 0, 2])
Episode: 761; Score: [-4.2023389]; Action: ([0.19, 0.08, 0.25, 1.85, 1.83], [0, 0, 0, 2, 2])
Episode: 762; Score: -7.093248965218663; Action: ([2.0, 1.02, 0.08, 1.99, 2.0], [2, 1, 0, 2, 2])
Episode: 763; Score: [-3.40490757]; Action: ([1.65, 1.44, 1.69, 0.05, 0.32], [2, 2, 2, 0, 0])
Episode: 764; Score: -3.963450565934181; Action: ([1.01, 0.0, 1.93, 2.0, 0.96], [1, 0, 2, 2, 1])
Episode: 765; Score: [-3.21303271]; Action: ([1.78, 1.37, 0.23, 0.76, 1.39], [2, 2, 0, 1, 2])
Episode: 766; Score: -2.1720186322927475; Action: ([0.0, 0.91, 1.07, 0.93, 0.06], [0, 1, 1, 1, 0])
Episode: 767; Score: [-4.66805632]; Action: ([0.12, 0.64, 0.48, 1.4, 0.69], [0, 0, 0, 2, 1])
Episode: 768; Score: -5.993275759741664; Action: ([1.98, 1.01, 0.99, 0.01, 2.0], [2, 1, 1, 0, 2])
Episode: 769; Score: [-2.8514119]; Action: ([0.85, 1.52, 1.85, 1.48, 1.49], [1, 2, 2, 2, 2])
Episode: 770; Score: -6.963296102359891; Action: ([2.0, 0.97, 0.04, 1.97, 1.98], [2, 1, 0, 2, 2])
Episode: 771; Score: [-3.76238123]; Action: ([1.3, 1.13, 1.09, 0.02, 0.22], [1, 1, 1, 0, 0])
Episode: 772; Score: -3.0141826602630317; Action: ([1.0, 0.0, 2.0, 1.97, 1.01], [1, 0, 2, 2, 1])
Episode: 773; Score: [-4.06063052]; Action: ([1.05, 0.85, 0.71, 0.47, 0.86], [1, 1, 1, 0, 1])
Episode: 774; Score: -2.0445241713896394; Action: ([0.01, 0.93, 1.05, 1.0, 0.07], [0, 1, 1, 1, 0])
Episode: 775; Score: [-5.38730195]; Action: ([0.94, 0.72, 0.32, 0.18, 0.47], [1, 1, 0, 0, 0])
Episode: 776; Score: -2.047732485923916; Action: ([1.96, 1.0, 0.99, 0.0, 2.0], [2, 1, 1, 0, 2])
Episode: 777; Score: [-2.99905654]; Action: ([0.65, 0.01, 0.56, 0.99, 0.79], [0, 0, 0, 1, 1])
Episode: 778; Score: -2.079893384128809; Action: ([2.0, 1.04, 0.0, 1.97, 1.99], [2, 1, 0, 2, 2])
Episode: 779; Score: [-2.87811976]; Action: ([1.23, 1.63, 1.41, 1.73, 1.21], [1, 2, 2, 2, 1])
Episode: 780; Score: -3.0631408938206732; Action: ([1.07, 0.0, 1.99, 2.0, 1.01], [1, 0, 2, 2, 1])
Episode: 781; Score: [-1.67212435]; Action: ([0.99, 1.4, 1.05, 1.77, 1.44], [1, 2, 1, 2, 2])
Episode: 782; Score: -2.0568119324743748; Action: ([0.0, 1.02, 1.02, 1.02, 0.0], [0, 1, 1, 1, 0])
Episode: 783; Score: [-4.00013621]; Action: ([0.36, 1.71, 1.8, 0.79, 1.77], [0, 2, 2, 1, 2])
Episode: 784; Score: -2.047685978934169; Action: ([2.0, 1.04, 0.98, 0.01, 2.0], [2, 1, 1, 0, 2])
Episode: 785; Score: [-5.34614635]; Action: ([0.68, 0.06, 1.95, 1.12, 1.53], [1, 0, 2, 1, 2])
Episode: 786; Score: -6.935050991363823; Action: ([1.96, 1.0, 0.02, 1.95, 2.0], [2, 1, 0, 2, 2])
Episode: 787; Score: [-4.15039818]; Action: ([1.21, 0.56, 1.6, 1.22, 0.25], [1, 0, 2, 1, 0])
Episode: 788; Score: -4.05635217577219; Action: ([0.96, 0.03, 2.0, 2.0, 0.95], [1, 0, 2, 2, 1])
Episode: 789; Score: [-5.59075831]; Action: ([0.56, 1.3, 0.18, 1.86, 1.69], [0, 1, 0, 2, 2])
Episode: 790; Score: -2.07584585249424; Action: ([0.0, 1.03, 1.06, 1.06, 0.07], [0, 1, 1, 1, 0])
Episode: 791; Score: [-8.1220944]; Action: ([0.62, 2.0, 0.08, 0.02, 0.16], [0, 2, 0, 0, 0])
Episode: 792; Score: -2.067252062726766; Action: ([2.0, 0.99, 1.05, 0.0, 1.99], [2, 1, 1, 0, 2])
Episode: 793; Score: [-1.52683608]; Action: ([1.22, 1.4, 0.66, 1.36, 1.21], [1, 2, 0, 2, 1])
Episode: 794; Score: -1.1810100972652435; Action: ([2.0, 0.87, 0.0, 1.98, 1.98], [2, 1, 0, 2, 2])
Episode: 795; Score: [-2.63861235]; Action: ([1.59, 0.18, 0.79, 0.1, 0.89], [2, 0, 1, 0, 1])
Episode: 796; Score: -2.9561052962671965; Action: ([1.0, 0.06, 1.97, 1.98, 0.93], [1, 0, 2, 2, 1])
Episode: 797; Score: [-3.69613038]; Action: ([1.49, 1.22, 1.91, 0.1, 1.84], [2, 1, 2, 0, 2])
Episode: 798; Score: -2.1155701652169228; Action: ([0.05, 0.91, 0.97, 0.9, 0.06], [0, 1, 1, 1, 0])
Episode: 799; Score: [-6.18276164]; Action: ([1.57, 1.59, 1.03, 1.59, 0.4], [2, 2, 1, 2, 0])
Episode: 800; Score: -2.1233715061098337; Action: ([1.93, 0.96, 1.03, 0.01, 2.0], [2, 1, 1, 0, 2])
Episode: 801; Score: [-3.43974837]; Action: ([0.09, 1.56, 1.11, 1.95, 1.97], [0, 2, 1, 2, 2])
Episode: 802; Score: -3.9329306930303574; Action: ([1.99, 0.97, 0.09, 2.0, 1.99], [2, 1, 0, 2, 2])
Episode: 803; Score: [-4.86772534]; Action: ([0.84, 1.6, 0.69, 0.39, 1.35], [1, 2, 1, 0, 2])
Episode: 804; Score: -3.87288725329563; Action: ([1.0, 0.02, 1.95, 2.0, 1.06], [1, 0, 2, 2, 1])
Episode: 805; Score: [-3.09943126]; Action: ([1.58, 0.07, 0.4, 0.8, 1.79], [2, 0, 0, 1, 2])
Episode: 806; Score: -1.9294108506292105; Action: ([0.17, 0.98, 1.06, 0.96, 0.02], [0, 1, 1, 1, 0])
Episode: 807; Score: [-4.77584584]; Action: ([0.92, 0.05, 1.73, 1.72, 0.36], [1, 0, 2, 2, 0])
Episode: 808; Score: -2.239425353705883; Action: ([1.9, 0.94, 0.94, 0.0, 1.98], [2, 1, 1, 0, 2])
Episode: 809; Score: [-5.61099415]; Action: ([1.61, 1.85, 0.11, 0.51, 0.01], [2, 2, 0, 0, 0])
