Episode: 0; Score: -7.992281556129456; Action: ([0.0, 0.0, 0.0, 0.01, 0.0], [0, 0, 0, 0, 0])
Episode: 1; Score: [-3.23729842]; Action: ([1.23, 0.09, 1.5, 0.31, 1.9], [1, 0, 2, 0, 2])
Episode: 2; Score: -0.04007452726364136; Action: ([0.0, 0.0, 0.02, 0.02, 0.0], [0, 0, 0, 0, 0])
Episode: 3; Score: [-3.63678433]; Action: ([1.6, 1.43, 0.0, 0.45, 0.16], [2, 2, 0, 0, 0])
Episode: 4; Score: -8.83468359708786; Action: ([0.01, 0.12, 0.02, 0.02, 0.0], [0, 0, 0, 0, 0])
Episode: 5; Score: [-3.68224956]; Action: ([0.0, 0.92, 1.46, 1.78, 1.08], [0, 1, 2, 2, 1])
Episode: 6; Score: -7.895964324474335; Action: ([0.0, 0.05, 0.05, 0.0, 0.0], [0, 0, 0, 0, 0])
Episode: 7; Score: [-3.71778371]; Action: ([1.29, 1.47, 1.33, 1.7, 0.09], [1, 2, 1, 2, 0])
Episode: 8; Score: -7.995354354381561; Action: ([0.0, 0.0, 0.0, 0.0, 0.0], [0, 0, 0, 0, 0])
Episode: 9; Score: [-5.42229181]; Action: ([2.0, 1.75, 0.89, 0.04, 0.74], [2, 2, 1, 0, 1])
Episode: 10; Score: -8.82761150598526; Action: ([0.0, 0.01, 0.08, 0.05, 0.03], [0, 0, 0, 0, 0])
Episode: 11; Score: [-4.85075948]; Action: ([0.84, 0.54, 0.55, 0.88, 1.34], [1, 0, 0, 1, 2])
Episode: 12; Score: -7.982229232788086; Action: ([0.0, 0.0, 0.0, 0.02, 0.0], [0, 0, 0, 0, 0])
Episode: 13; Score: [-1.91126583]; Action: ([0.99, 1.56, 1.3, 1.67, 1.37], [1, 2, 1, 2, 2])
Episode: 14; Score: -4.854483962059021; Action: ([0.05, 0.0, 0.05, 0.0, 0.04], [0, 0, 0, 0, 0])
Episode: 15; Score: [-5.81318917]; Action: ([0.3, 0.12, 0.73, 0.39, 1.65], [0, 0, 1, 0, 2])
Episode: 16; Score: -4.936225533485413; Action: ([0.0, 0.0, 0.06, 0.0, 0.0], [0, 0, 0, 0, 0])
Episode: 17; Score: [-5.06352789]; Action: ([0.45, 1.81, 0.04, 1.63, 1.13], [0, 2, 0, 2, 1])
Episode: 18; Score: -7.916227102279663; Action: ([0.0, 0.04, 0.0, 0.03, 0.02], [0, 0, 0, 0, 0])
Episode: 19; Score: [-5.75202865]; Action: ([0.35, 0.47, 0.85, 0.07, 0.52], [0, 0, 1, 0, 0])
Episode: 20; Score: -8.805065393447876; Action: ([0.08, 0.0, 0.07, 0.0, 0.05], [0, 0, 0, 0, 0])
Episode: 21; Score: [-3.16735789]; Action: ([0.0, 1.35, 1.56, 1.73, 0.47], [0, 2, 2, 2, 0])
Episode: 22; Score: -4.969541549682617; Action: ([0.0, 0.0, 0.03, 0.0, 0.0], [0, 0, 0, 0, 0])
Episode: 23; Score: [-4.13111793]; Action: ([0.23, 0.08, 1.34, 1.18, 1.73], [0, 0, 2, 1, 2])
Episode: 24; Score: -4.780008137226105; Action: ([0.03, 0.0, 0.11, 0.06, 0.02], [0, 0, 0, 0, 0])
Episode: 25; Score: [-5.34694298]; Action: ([0.19, 0.96, 2.0, 0.25, 1.25], [0, 1, 2, 0, 1])
Episode: 26; Score: -7.870818674564362; Action: ([0.07, 0.04, 0.0, 0.0, 0.02], [0, 0, 0, 0, 0])
Episode: 27; Score: [-3.04046773]; Action: ([1.88, 0.61, 0.19, 0.82, 0.23], [2, 0, 0, 1, 0])
Episode: 28; Score: -0.01589357852935791; Action: ([0.0, 0.02, 0.0, 0.0, 0.0], [0, 0, 0, 0, 0])
Episode: 29; Score: [-1.89176551]; Action: ([1.85, 0.98, 1.27, 1.06, 1.48], [2, 1, 1, 1, 2])
Episode: 30; Score: -7.911803603172302; Action: ([0.0, 0.08, 0.0, 0.0, 0.0], [0, 0, 0, 0, 0])
Episode: 31; Score: [-2.59420863]; Action: ([0.52, 0.19, 0.45, 0.19, 1.24], [0, 0, 0, 0, 1])
Episode: 32; Score: -7.985425889492035; Action: ([0.01, 0.0, 0.0, 0.01, 0.0], [0, 0, 0, 0, 0])
Episode: 33; Score: [-3.07225168]; Action: ([1.74, 1.28, 1.51, 0.0, 0.46], [2, 1, 2, 0, 0])
Episode: 34; Score: -0.13507169485092163; Action: ([0.06, 0.07, 0.0, 0.0, 0.0], [0, 0, 0, 0, 0])
Episode: 35; Score: [-4.97534134]; Action: ([0.16, 0.81, 1.88, 1.12, 0.81], [0, 1, 2, 1, 1])
Episode: 36; Score: -7.966517269611359; Action: ([0.0, 0.03, 0.0, 0.0, 0.0], [0, 0, 0, 0, 0])
Episode: 37; Score: [-5.85706098]; Action: ([1.42, 0.59, 0.28, 0.21, 0.64], [2, 0, 0, 0, 0])
Episode: 38; Score: -8.927203595638275; Action: ([0.0, 0.07, 0.0, 0.0, 0.0], [0, 0, 0, 0, 0])
Episode: 39; Score: [-1.32710114]; Action: ([0.96, 1.2, 1.26, 1.6, 0.78], [1, 1, 1, 2, 1])
Episode: 40; Score: -7.942794442176819; Action: ([0.06, 0.0, 0.0, 0.0, 0.0], [0, 0, 0, 0, 0])
Episode: 41; Score: [-4.45274613]; Action: ([1.27, 1.36, 0.81, 0.83, 0.0], [1, 2, 1, 1, 0])
Episode: 42; Score: -4.867490768432617; Action: ([0.04, 0.09, 0.0, 0.0, 0.0], [0, 0, 0, 0, 0])
Episode: 43; Score: [-2.37365819]; Action: ([1.82, 1.92, 0.98, 0.56, 0.82], [2, 2, 1, 0, 1])
Episode: 44; Score: 0.0; Action: ([0.0, 0.0, 0.0, 0.0, 0.0], [0, 0, 0, 0, 0])
Episode: 45; Score: [-6.84855639]; Action: ([1.48, 1.83, 1.38, 1.18, 0.98], [2, 2, 2, 1, 1])
Episode: 46; Score: -7.98006409406662; Action: ([0.02, 0.0, 0.0, 0.0, 0.0], [0, 0, 0, 0, 0])
Episode: 47; Score: [-6.24211631]; Action: ([0.32, 1.93, 0.63, 1.63, 0.11], [0, 2, 0, 2, 0])
Episode: 48; Score: -8.971307814121246; Action: ([0.0, 0.0, 0.0, 0.02, 0.01], [0, 0, 0, 0, 0])
Episode: 49; Score: [-4.35906132]; Action: ([1.88, 1.55, 1.0, 1.06, 0.25], [2, 2, 1, 1, 0])
Episode: 50; Score: -7.771241724491119; Action: ([0.06, 0.07, 0.06, 0.0, 0.04], [0, 0, 0, 0, 0])
Episode: 51; Score: [-1.57599432]; Action: ([1.18, 1.05, 1.11, 0.41, 1.65], [1, 1, 1, 0, 2])
Episode: 52; Score: -9.0; Action: ([0.0, 0.0, 0.0, 0.0, 0.0], [0, 0, 0, 0, 0])
Episode: 53; Score: [-3.40555679]; Action: ([1.29, 0.34, 0.52, 0.2, 1.06], [1, 0, 0, 0, 1])
Episode: 54; Score: -4.862862825393677; Action: ([0.1, 0.01, 0.03, 0.0, 0.0], [0, 0, 0, 0, 0])
Episode: 55; Score: [-2.31574031]; Action: ([0.39, 0.65, 1.6, 0.79, 1.54], [0, 0, 2, 1, 2])
Episode: 56; Score: -0.11245280504226685; Action: ([0.02, 0.0, 0.03, 0.06, 0.0], [0, 0, 0, 0, 0])
Episode: 57; Score: [-3.10233854]; Action: ([1.78, 1.92, 0.98, 1.79, 0.27], [2, 2, 1, 2, 0])
Episode: 58; Score: -8.892617225646973; Action: ([0.01, 0.03, 0.03, 0.03, 0.0], [0, 0, 0, 0, 0])
Episode: 59; Score: [-6.17287043]; Action: ([0.49, 1.08, 0.13, 0.02, 0.27], [0, 1, 0, 0, 0])
Episode: 60; Score: -0.04616028070449829; Action: ([0.0, 0.0, 0.05, 0.0, 0.0], [0, 0, 0, 0, 0])
Episode: 61; Score: [-4.46972538]; Action: ([0.97, 0.61, 0.97, 1.61, 0.37], [1, 0, 1, 2, 0])
Episode: 62; Score: -7.9233368039131165; Action: ([0.03, 0.02, 0.0, 0.02, 0.02], [0, 0, 0, 0, 0])
Episode: 63; Score: [-4.81387685]; Action: ([0.36, 0.15, 0.75, 0.51, 1.43], [0, 0, 1, 0, 2])
Episode: 64; Score: -4.897977530956268; Action: ([0.03, 0.0, 0.06, 0.01, 0.0], [0, 0, 0, 0, 0])
Episode: 65; Score: [-4.51536165]; Action: ([1.31, 0.34, 1.58, 0.41, 0.88], [1, 0, 2, 0, 1])
Episode: 66; Score: -7.852716326713562; Action: ([0.0, 0.06, 0.05, 0.0, 0.04], [0, 0, 0, 0, 0])
Episode: 67; Score: [-3.53351758]; Action: ([1.86, 1.25, 1.84, 1.48, 0.21], [2, 1, 2, 2, 0])
Episode: 68; Score: -7.938428521156311; Action: ([0.06, 0.0, 0.0, 0.0, 0.0], [0, 0, 0, 0, 0])
Episode: 69; Score: [-4.50514386]; Action: ([1.33, 0.44, 1.3, 0.95, 0.48], [1, 0, 1, 1, 0])
Episode: 70; Score: -8.796736538410187; Action: ([0.0, 0.0, 0.01, 0.05, 0.14], [0, 0, 0, 0, 0])
Episode: 71; Score: [-3.68867936]; Action: ([1.85, 1.24, 0.64, 0.42, 1.64], [2, 1, 0, 0, 2])
Episode: 72; Score: -7.880200266838074; Action: ([0.0, 0.01, 0.01, 0.11, 0.0], [0, 0, 0, 0, 0])
Episode: 73; Score: [-5.09589682]; Action: ([0.45, 1.02, 1.04, 1.92, 0.67], [0, 1, 1, 2, 1])
Episode: 74; Score: -8.862339794635773; Action: ([0.05, 0.0, 0.03, 0.0, 0.06], [0, 0, 0, 0, 0])
Episode: 75; Score: [-2.82311359]; Action: ([0.85, 1.79, 0.14, 1.2, 0.17], [1, 2, 0, 1, 0])
Episode: 76; Score: -8.98506361246109; Action: ([0.0, 0.0, 0.01, 0.0, 0.0], [0, 0, 0, 0, 0])
Episode: 77; Score: [-4.89545554]; Action: ([0.39, 1.59, 0.96, 0.39, 1.96], [0, 2, 1, 0, 2])
Episode: 78; Score: -8.924048483371735; Action: ([0.0, 0.0, 0.01, 0.07, 0.0], [0, 0, 0, 0, 0])
Episode: 79; Score: [-4.0635321]; Action: ([0.86, 0.64, 1.56, 1.71, 0.3], [1, 0, 2, 2, 0])
Episode: 80; Score: -4.877419054508209; Action: ([0.0, 0.0, 0.0, 0.04, 0.08], [0, 0, 0, 0, 0])
Episode: 81; Score: [-5.31043193]; Action: ([1.31, 0.79, 0.15, 1.8, 1.27], [1, 1, 0, 2, 1])
Episode: 82; Score: -0.1719478964805603; Action: ([0.05, 0.0, 0.06, 0.07, 0.0], [0, 0, 0, 0, 0])
Episode: 83; Score: [-2.09965155]; Action: ([1.1, 0.16, 0.82, 1.78, 0.81], [1, 0, 1, 2, 1])
Episode: 84; Score: -4.90509307384491; Action: ([0.03, 0.04, 0.0, 0.02, 0.0], [0, 0, 0, 0, 0])
Episode: 85; Score: [-6.10696647]; Action: ([0.17, 1.57, 0.89, 0.39, 0.02], [0, 2, 1, 0, 0])
Episode: 86; Score: -4.846161127090454; Action: ([0.01, 0.0, 0.04, 0.05, 0.06], [0, 0, 0, 0, 0])
Episode: 87; Score: [-4.74755956]; Action: ([0.37, 1.96, 0.32, 0.95, 1.56], [0, 2, 0, 1, 2])
Episode: 88; Score: -0.03881949186325073; Action: ([0.04, 0.0, 0.0, 0.0, 0.0], [0, 0, 0, 0, 0])
Episode: 89; Score: [-6.23011081]; Action: ([1.09, 1.38, 0.77, 1.8, 1.18], [1, 2, 1, 2, 1])
Episode: 90; Score: -4.900273025035858; Action: ([0.02, 0.05, 0.0, 0.02, 0.0], [0, 0, 0, 0, 0])
Episode: 91; Score: [-3.20263381]; Action: ([1.74, 0.55, 1.49, 0.0, 2.0], [2, 0, 2, 0, 2])
Episode: 92; Score: -0.34448134899139404; Action: ([0.13, 0.07, 0.05, 0.04, 0.05], [0, 0, 0, 0, 0])
Episode: 93; Score: [-2.72268667]; Action: ([1.6, 0.24, 1.14, 1.41, 1.17], [2, 0, 1, 2, 1])
Episode: 94; Score: -4.953424572944641; Action: ([0.0, 0.0, 0.05, 0.0, 0.0], [0, 0, 0, 0, 0])
Episode: 95; Score: [-4.71631308]; Action: ([1.16, 0.22, 1.84, 1.02, 0.72], [1, 0, 2, 1, 1])
Episode: 96; Score: -0.09440380334854126; Action: ([0.02, 0.02, 0.01, 0.04, 0.0], [0, 0, 0, 0, 0])
Episode: 97; Score: [-4.52091574]; Action: ([0.04, 0.6, 1.15, 1.1, 0.88], [0, 0, 1, 1, 1])
Episode: 98; Score: -4.919012606143951; Action: ([0.08, 0.0, 0.0, 0.0, 0.0], [0, 0, 0, 0, 0])
Episode: 99; Score: [-3.62922325]; Action: ([0.8, 0.4, 0.97, 1.74, 0.47], [1, 0, 1, 2, 0])
Episode: 100; Score: -7.896355152130127; Action: ([0.0, 0.07, 0.03, 0.01, 0.0], [0, 0, 0, 0, 0])
Episode: 101; Score: [-2.53497839]; Action: ([1.41, 0.49, 1.55, 0.1, 1.15], [2, 0, 2, 0, 1])
Episode: 102; Score: -0.051736414432525635; Action: ([0.01, 0.0, 0.0, 0.01, 0.03], [0, 0, 0, 0, 0])
Episode: 103; Score: [-5.99713659]; Action: ([0.0, 0.02, 0.46, 1.42, 0.11], [0, 0, 0, 2, 0])
Episode: 104; Score: -7.907603859901428; Action: ([0.0, 0.03, 0.05, 0.02, 0.0], [0, 0, 0, 0, 0])
Episode: 105; Score: [-4.6498573]; Action: ([0.44, 1.29, 1.77, 0.77, 0.38], [0, 1, 2, 1, 0])
Episode: 106; Score: -7.945431470870972; Action: ([0.0, 0.0, 0.05, 0.0, 0.0], [0, 0, 0, 0, 0])
Episode: 107; Score: [-4.73835816]; Action: ([0.55, 0.35, 0.35, 1.69, 1.79], [0, 0, 0, 2, 2])
Episode: 108; Score: -7.871322333812714; Action: ([0.08, 0.02, 0.02, 0.0, 0.0], [0, 0, 0, 0, 0])
Episode: 109; Score: [-4.41980697]; Action: ([0.04, 0.85, 1.31, 1.12, 1.09], [0, 1, 1, 1, 1])
Episode: 110; Score: -8.835412442684174; Action: ([0.0, 0.07, 0.01, 0.05, 0.03], [0, 0, 0, 0, 0])
Episode: 111; Score: [-3.61839079]; Action: ([1.17, 1.89, 0.09, 1.39, 1.62], [1, 2, 0, 2, 2])
Episode: 112; Score: -7.861714482307434; Action: ([0.11, 0.0, 0.02, 0.0, 0.0], [0, 0, 0, 0, 0])
Episode: 113; Score: [-2.33950042]; Action: ([0.44, 1.27, 0.76, 1.38, 0.11], [0, 1, 1, 2, 0])
Episode: 114; Score: -7.945636987686157; Action: ([0.0, 0.05, 0.0, 0.0, 0.0], [0, 0, 0, 0, 0])
Episode: 115; Score: [-5.83248483]; Action: ([0.55, 0.06, 1.85, 1.84, 1.52], [0, 0, 2, 2, 2])
Episode: 116; Score: -4.760532200336456; Action: ([0.09, 0.0, 0.06, 0.09, 0.0], [0, 0, 0, 0, 0])
Episode: 117; Score: [-4.56103235]; Action: ([1.2, 0.41, 1.3, 0.0, 1.12], [1, 0, 1, 0, 1])
Episode: 118; Score: -4.93786484003067; Action: ([0.0, 0.01, 0.05, 0.0, 0.0], [0, 0, 0, 0, 0])
Episode: 119; Score: [-2.62952291]; Action: ([0.98, 0.23, 0.09, 0.29, 1.21], [1, 0, 0, 0, 1])
Episode: 120; Score: -4.82513427734375; Action: ([0.05, 0.04, 0.0, 0.08, 0.0], [0, 0, 0, 0, 0])
Episode: 121; Score: [-7.01539613]; Action: ([0.51, 1.78, 0.66, 0.36, 0.23], [0, 2, 0, 0, 0])
Episode: 122; Score: -7.914361536502838; Action: ([0.0, 0.03, 0.0, 0.03, 0.02], [0, 0, 0, 0, 0])
Episode: 123; Score: [-4.24785985]; Action: ([1.05, 0.21, 0.81, 1.91, 0.27], [1, 0, 1, 2, 0])
Episode: 124; Score: -4.991612017154694; Action: ([0.0, 0.0, 0.01, 0.0, 0.0], [0, 0, 0, 0, 0])
Episode: 125; Score: [-5.49653229]; Action: ([1.01, 0.52, 1.08, 0.93, 1.95], [1, 0, 1, 1, 2])
Episode: 126; Score: -4.895493924617767; Action: ([0.0, 0.0, 0.0, 0.1, 0.0], [0, 0, 0, 0, 0])
Episode: 127; Score: [-4.53169333]; Action: ([1.06, 0.15, 1.31, 0.26, 1.74], [1, 0, 1, 0, 2])
Episode: 128; Score: -4.936034858226776; Action: ([0.0, 0.0, 0.0, 0.0, 0.06], [0, 0, 0, 0, 0])
Episode: 129; Score: [-2.81382249]; Action: ([0.21, 1.46, 1.43, 1.93, 1.93], [0, 2, 2, 2, 2])
Episode: 130; Score: -7.960993409156799; Action: ([0.03, 0.0, 0.01, 0.0, 0.0], [0, 0, 0, 0, 0])
Episode: 131; Score: [-4.7025569]; Action: ([0.35, 1.37, 0.66, 1.85, 0.82], [0, 2, 0, 2, 1])
Episode: 132; Score: -4.761368751525879; Action: ([0.13, 0.0, 0.03, 0.07, 0.0], [0, 0, 0, 0, 0])
Episode: 133; Score: [-3.31453729]; Action: ([0.17, 2.0, 1.97, 1.0, 1.51], [0, 2, 2, 1, 2])
Episode: 134; Score: -7.9369587898254395; Action: ([0.0, 0.04, 0.0, 0.02, 0.0], [0, 0, 0, 0, 0])
Episode: 135; Score: [-4.47045454]; Action: ([0.72, 0.0, 1.84, 1.38, 1.27], [1, 0, 2, 2, 1])
Episode: 136; Score: -4.916379153728485; Action: ([0.01, 0.0, 0.03, 0.04, 0.0], [0, 0, 0, 0, 0])
Episode: 137; Score: [-4.20626094]; Action: ([0.56, 1.44, 1.76, 1.9, 0.54], [0, 2, 2, 2, 0])
Episode: 138; Score: -8.916472733020782; Action: ([0.06, 0.0, 0.01, 0.02, 0.0], [0, 0, 0, 0, 0])
Episode: 139; Score: [-5.74199029]; Action: ([0.85, 1.71, 1.74, 0.34, 0.04], [1, 2, 2, 0, 0])
Episode: 140; Score: -7.912369072437286; Action: ([0.0, 0.0, 0.03, 0.05, 0.0], [0, 0, 0, 0, 0])
Episode: 141; Score: [-5.01709931]; Action: ([0.81, 1.59, 0.99, 0.24, 0.53], [1, 2, 1, 0, 0])
Episode: 142; Score: -4.981701076030731; Action: ([0.0, 0.0, 0.02, 0.0, 0.0], [0, 0, 0, 0, 0])
Episode: 143; Score: [-2.90977268]; Action: ([1.3, 0.82, 1.24, 1.21, 1.01], [1, 1, 1, 1, 1])
Episode: 144; Score: -0.10907047986984253; Action: ([0.0, 0.0, 0.04, 0.0, 0.07], [0, 0, 0, 0, 0])
Episode: 145; Score: [-2.05825932]; Action: ([1.0, 0.42, 0.74, 0.03, 1.25], [1, 0, 1, 0, 1])
Episode: 146; Score: -0.2086806297302246; Action: ([0.04, 0.0, 0.12, 0.0, 0.04], [0, 0, 0, 0, 0])
Episode: 147; Score: [-2.551841]; Action: ([1.55, 0.74, 1.63, 0.18, 0.71], [2, 1, 2, 0, 1])
Episode: 148; Score: -7.893519878387451; Action: ([0.08, 0.0, 0.01, 0.0, 0.02], [0, 0, 0, 0, 0])
Episode: 149; Score: [-6.03753857]; Action: ([1.24, 1.04, 0.61, 0.11, 0.05], [1, 1, 0, 0, 0])
Episode: 150; Score: -7.9575499296188354; Action: ([0.0, 0.0, 0.0, 0.01, 0.04], [0, 0, 0, 0, 0])
Episode: 151; Score: [-4.77967909]; Action: ([1.07, 1.45, 1.23, 0.31, 0.72], [1, 2, 1, 0, 1])
Episode: 152; Score: -7.866358458995819; Action: ([0.0, 0.07, 0.01, 0.05, 0.0], [0, 0, 0, 0, 0])
Episode: 153; Score: [-4.70661955]; Action: ([0.49, 0.31, 0.59, 0.01, 1.89], [0, 0, 0, 0, 2])
Episode: 154; Score: -0.15856868028640747; Action: ([0.0, 0.12, 0.02, 0.02, 0.0], [0, 0, 0, 0, 0])
Episode: 155; Score: [-2.51257147]; Action: ([1.84, 1.7, 0.84, 1.72, 0.79], [2, 2, 1, 2, 1])
Episode: 156; Score: -8.950392663478851; Action: ([0.0, 0.0, 0.0, 0.05, 0.0], [0, 0, 0, 0, 0])
Episode: 157; Score: [-7.34483575]; Action: ([0.83, 0.32, 0.0, 0.0, 0.5], [1, 0, 0, 0, 0])
Episode: 158; Score: -0.10157102346420288; Action: ([0.0, 0.02, 0.0, 0.07, 0.02], [0, 0, 0, 0, 0])
Episode: 159; Score: [-4.76925961]; Action: ([1.37, 0.56, 0.34, 1.37, 1.12], [2, 0, 0, 2, 1])
Episode: 160; Score: -8.881694257259369; Action: ([0.05, 0.02, 0.01, 0.0, 0.04], [0, 0, 0, 0, 0])
Episode: 161; Score: [-4.4274713]; Action: ([1.32, 1.08, 1.45, 0.22, 0.67], [1, 1, 2, 0, 1])
Episode: 162; Score: -0.01767832040786743; Action: ([0.0, 0.0, 0.0, 0.0, 0.02], [0, 0, 0, 0, 0])
Episode: 163; Score: [-3.97537506]; Action: ([1.3, 0.13, 1.44, 1.2, 0.95], [1, 0, 2, 1, 1])
Episode: 164; Score: -0.1920643448829651; Action: ([0.04, 0.0, 0.09, 0.03, 0.03], [0, 0, 0, 0, 0])
Episode: 165; Score: [-3.69590029]; Action: ([0.13, 0.33, 1.66, 0.27, 1.77], [0, 0, 2, 0, 2])
Episode: 166; Score: -4.896458983421326; Action: ([0.06, 0.0, 0.01, 0.03, 0.0], [0, 0, 0, 0, 0])
Episode: 167; Score: [-4.00087545]; Action: ([1.24, 0.29, 0.5, 1.0, 0.97], [1, 0, 0, 1, 1])
Episode: 168; Score: -4.947325944900513; Action: ([0.0, 0.0, 0.05, 0.0, 0.0], [0, 0, 0, 0, 0])
Episode: 169; Score: [-1.25510271]; Action: ([0.39, 0.6, 0.0, 0.0, 0.27], [0, 0, 0, 0, 0])
Episode: 170; Score: -0.050499022006988525; Action: ([0.0, 0.0, 0.01, 0.0, 0.04], [0, 0, 0, 0, 0])
Episode: 171; Score: [-3.45731398]; Action: ([0.25, 1.09, 1.62, 1.23, 1.77], [0, 1, 2, 1, 2])
Episode: 172; Score: -7.820703744888306; Action: ([0.0, 0.04, 0.08, 0.04, 0.02], [0, 0, 0, 0, 0])
Episode: 173; Score: [-3.34128659]; Action: ([1.84, 1.48, 0.43, 1.45, 2.0], [2, 2, 0, 2, 2])
Episode: 174; Score: -8.906453251838684; Action: ([0.0, 0.0, 0.0, 0.0, 0.09], [0, 0, 0, 0, 0])
Episode: 175; Score: [-4.3341423]; Action: ([0.16, 0.71, 1.23, 0.59, 1.43], [0, 1, 1, 0, 2])
Episode: 176; Score: -7.906264543533325; Action: ([0.0, 0.0, 0.0, 0.09, 0.0], [0, 0, 0, 0, 0])
Episode: 177; Score: [-1.4465854]; Action: ([0.57, 0.84, 1.12, 0.89, 1.63], [0, 1, 1, 1, 2])
Episode: 178; Score: -5.0; Action: ([0.0, 0.0, 0.0, 0.0, 0.0], [0, 0, 0, 0, 0])
Episode: 179; Score: [-4.70598515]; Action: ([0.75, 1.63, 0.47, 1.51, 0.34], [1, 2, 0, 2, 0])
Episode: 180; Score: -8.748345017433167; Action: ([0.04, 0.03, 0.14, 0.03, 0.02], [0, 0, 0, 0, 0])
Episode: 181; Score: [-4.30219877]; Action: ([1.44, 0.89, 0.47, 0.15, 1.35], [2, 1, 0, 0, 2])
Episode: 182; Score: -0.18298763036727905; Action: ([0.11, 0.02, 0.03, 0.02, 0.01], [0, 0, 0, 0, 0])
Episode: 183; Score: [-2.6974143]; Action: ([1.66, 0.07, 0.81, 0.04, 0.12], [2, 0, 1, 0, 0])
Episode: 184; Score: -7.951359152793884; Action: ([0.0, 0.02, 0.0, 0.02, 0.0], [0, 0, 0, 0, 0])
Episode: 185; Score: [-3.07471002]; Action: ([0.59, 0.04, 1.56, 0.71, 0.16], [0, 0, 2, 1, 0])
Episode: 186; Score: -7.976838529109955; Action: ([0.0, 0.0, 0.0, 0.0, 0.02], [0, 0, 0, 0, 0])
Episode: 187; Score: [-4.14426952]; Action: ([0.45, 0.81, 1.93, 0.81, 0.14], [0, 1, 2, 1, 0])
Episode: 188; Score: -7.916303515434265; Action: ([0.0, 0.06, 0.03, 0.0, 0.0], [0, 0, 0, 0, 0])
Episode: 189; Score: [-2.50919457]; Action: ([0.13, 0.94, 1.66, 0.94, 1.87], [0, 1, 2, 1, 2])
Episode: 190; Score: -4.98596328496933; Action: ([0.0, 0.0, 0.0, 0.0, 0.01], [0, 0, 0, 0, 0])
Episode: 191; Score: [-4.82241242]; Action: ([0.35, 1.13, 1.6, 1.09, 0.27], [0, 1, 2, 1, 0])
Episode: 192; Score: -7.810919225215912; Action: ([0.0, 0.0, 0.0, 0.07, 0.12], [0, 0, 0, 0, 0])
Episode: 193; Score: [-3.16486094]; Action: ([1.04, 0.33, 0.02, 0.09, 0.43], [1, 0, 0, 0, 0])
Episode: 194; Score: -4.868229150772095; Action: ([0.0, 0.0, 0.0, 0.07, 0.07], [0, 0, 0, 0, 0])
Episode: 195; Score: [-5.5831044]; Action: ([1.4, 1.96, 0.39, 1.25, 0.59], [2, 2, 0, 1, 0])
Episode: 196; Score: -8.847622990608215; Action: ([0.0, 0.03, 0.12, 0.0, 0.0], [0, 0, 0, 0, 0])
Episode: 197; Score: [-4.92575079]; Action: ([0.24, 1.32, 1.44, 1.14, 0.46], [0, 1, 2, 1, 0])
Episode: 198; Score: -7.887443423271179; Action: ([0.0, 0.04, 0.0, 0.07, 0.0], [0, 0, 0, 0, 0])
Episode: 199; Score: [-5.66249507]; Action: ([1.33, 0.74, 1.82, 0.08, 1.69], [1, 1, 2, 0, 2])
Episode: 200; Score: -4.863495707511902; Action: ([0.0, 0.08, 0.06, 0.0, 0.0], [0, 0, 0, 0, 0])
Episode: 201; Score: [-6.07003992]; Action: ([0.32, 1.76, 1.49, 0.53, 1.98], [0, 2, 2, 0, 2])
Episode: 202; Score: -8.929847061634064; Action: ([0.0, 0.0, 0.0, 0.07, 0.0], [0, 0, 0, 0, 0])
Episode: 203; Score: [-5.82059878]; Action: ([0.69, 0.67, 0.35, 1.07, 0.4], [1, 1, 0, 1, 0])
Episode: 204; Score: -4.836956560611725; Action: ([0.02, 0.04, 0.1, 0.0, 0.0], [0, 0, 0, 0, 0])
Episode: 205; Score: [-5.77506295]; Action: ([0.0, 1.58, 1.42, 0.04, 1.34], [0, 2, 2, 0, 2])
Episode: 206; Score: -8.964860141277313; Action: ([0.03, 0.0, 0.0, 0.0, 0.0], [0, 0, 0, 0, 0])
Episode: 207; Score: [-5.11336461]; Action: ([0.2, 0.7, 0.2, 0.35, 1.44], [0, 1, 0, 0, 2])
Episode: 208; Score: -8.978948712348938; Action: ([0.02, 0.0, 0.0, 0.0, 0.0], [0, 0, 0, 0, 0])
Episode: 209; Score: [-1.81005552]; Action: ([0.95, 1.81, 1.28, 0.67, 0.67], [1, 2, 1, 1, 1])
Episode: 210; Score: -0.013911604881286621; Action: ([0.0, 0.0, 0.01, 0.0, 0.0], [0, 0, 0, 0, 0])
Episode: 211; Score: [-5.27890953]; Action: ([0.41, 0.35, 1.75, 0.85, 0.85], [0, 0, 2, 1, 1])
Episode: 212; Score: -4.977322340011597; Action: ([0.0, 0.0, 0.0, 0.0, 0.02], [0, 0, 0, 0, 0])
Episode: 213; Score: [-4.69411223]; Action: ([1.21, 1.62, 1.38, 0.47, 0.87], [1, 2, 2, 0, 1])
Episode: 214; Score: -8.949358642101288; Action: ([0.0, 0.0, 0.0, 0.0, 0.05], [0, 0, 0, 0, 0])
Episode: 215; Score: [-4.87916455]; Action: ([1.4, 1.86, 1.86, 1.2, 0.25], [2, 2, 2, 1, 0])
Episode: 216; Score: -0.13175100088119507; Action: ([0.0, 0.08, 0.0, 0.0, 0.06], [0, 0, 0, 0, 0])
Episode: 217; Score: [-1.68530126]; Action: ([0.61, 0.86, 0.79, 0.18, 0.88], [0, 1, 1, 0, 1])
Episode: 218; Score: -7.931830286979675; Action: ([0.05, 0.0, 0.02, 0.0, 0.0], [0, 0, 0, 0, 0])
Episode: 219; Score: [-2.61186215]; Action: ([1.47, 0.95, 0.26, 1.53, 1.82], [2, 1, 0, 2, 2])
Episode: 220; Score: -0.04174011945724487; Action: ([0.0, 0.0, 0.0, 0.04, 0.0], [0, 0, 0, 0, 0])
Episode: 221; Score: [-5.39391059]; Action: ([1.14, 0.3, 0.67, 1.23, 0.26], [1, 0, 1, 1, 0])
Episode: 222; Score: -4.883710741996765; Action: ([0.0, 0.02, 0.07, 0.0, 0.03], [0, 0, 0, 0, 0])
Episode: 223; Score: [-4.15443931]; Action: ([0.21, 0.27, 0.61, 1.05, 1.7], [0, 0, 0, 1, 2])
Episode: 224; Score: -7.957829177379608; Action: ([0.0, 0.0, 0.02, 0.0, 0.02], [0, 0, 0, 0, 0])
Episode: 225; Score: [-2.30680045]; Action: ([1.0, 0.94, 2.0, 1.32, 0.08], [1, 1, 2, 1, 0])
Episode: 226; Score: -9.0; Action: ([0.0, 0.0, 0.0, 0.0, 0.0], [0, 0, 0, 0, 0])
Episode: 227; Score: [-1.93060515]; Action: ([1.39, 1.17, 0.91, 0.02, 1.3], [2, 1, 1, 0, 1])
Episode: 228; Score: -0.08625555038452148; Action: ([0.06, 0.0, 0.0, 0.03, 0.0], [0, 0, 0, 0, 0])
Episode: 229; Score: [-4.26941079]; Action: ([0.96, 1.9, 0.22, 1.15, 1.31], [1, 2, 0, 1, 1])
Episode: 230; Score: -7.964679539203644; Action: ([0.03, 0.0, 0.0, 0.01, 0.0], [0, 0, 0, 0, 0])
Episode: 231; Score: [-2.71201738]; Action: ([1.9, 0.4, 0.5, 0.89, 1.61], [2, 0, 0, 1, 2])
Episode: 232; Score: -7.809557676315308; Action: ([0.05, 0.05, 0.0, 0.07, 0.01], [0, 0, 0, 0, 0])
Episode: 233; Score: [-5.49420598]; Action: ([1.19, 0.84, 0.05, 1.35, 0.08], [1, 1, 0, 2, 0])
Episode: 234; Score: -4.956201016902924; Action: ([0.02, 0.0, 0.01, 0.0, 0.0], [0, 0, 0, 0, 0])
Episode: 235; Score: [-3.17610379]; Action: ([1.45, 1.05, 0.59, 1.8, 1.03], [2, 1, 0, 2, 1])
Episode: 236; Score: -7.8827537298202515; Action: ([0.01, 0.06, 0.0, 0.0, 0.05], [0, 0, 0, 0, 0])
Episode: 237; Score: [-4.537504]; Action: ([0.11, 1.69, 1.37, 1.94, 0.74], [0, 2, 2, 2, 1])
Episode: 238; Score: -7.9263070821762085; Action: ([0.0, 0.0, 0.05, 0.02, 0.0], [0, 0, 0, 0, 0])
Episode: 239; Score: [-2.53519056]; Action: ([0.72, 1.05, 1.02, 1.94, 1.82], [1, 1, 1, 2, 2])
Episode: 240; Score: -4.943708956241608; Action: ([0.02, 0.0, 0.04, 0.0, 0.0], [0, 0, 0, 0, 0])
Episode: 241; Score: [-5.35002557]; Action: ([1.4, 1.43, 1.21, 0.39, 0.93], [2, 2, 1, 0, 1])
Episode: 242; Score: -4.828503727912903; Action: ([0.0, 0.07, 0.03, 0.04, 0.03], [0, 0, 0, 0, 0])
Episode: 243; Score: [-3.63356075]; Action: ([1.23, 1.42, 0.27, 0.55, 1.74], [1, 2, 0, 0, 2])
Episode: 244; Score: -0.08764398097991943; Action: ([0.05, 0.01, 0.0, 0.03, 0.0], [0, 0, 0, 0, 0])
Episode: 245; Score: [-3.65838282]; Action: ([1.83, 1.89, 0.74, 1.89, 1.79], [2, 2, 1, 2, 2])
Episode: 246; Score: -4.965750157833099; Action: ([0.0, 0.0, 0.03, 0.0, 0.0], [0, 0, 0, 0, 0])
Episode: 247; Score: [-5.38394167]; Action: ([0.48, 1.75, 0.4, 1.79, 0.96], [0, 2, 0, 2, 1])
Episode: 248; Score: -0.0424007773399353; Action: ([0.0, 0.0, 0.04, 0.0, 0.0], [0, 0, 0, 0, 0])
Episode: 249; Score: [-2.05542148]; Action: ([0.43, 1.6, 0.78, 1.11, 1.56], [0, 2, 1, 1, 2])
Episode: 250; Score: -4.939180970191956; Action: ([0.01, 0.0, 0.04, 0.0, 0.01], [0, 0, 0, 0, 0])
Episode: 251; Score: [-4.24867561]; Action: ([1.86, 0.55, 1.98, 0.0, 1.33], [2, 0, 2, 0, 1])
Episode: 252; Score: -8.827844977378845; Action: ([0.0, 0.05, 0.06, 0.06, 0.0], [0, 0, 0, 0, 0])
Episode: 253; Score: [-3.96359134]; Action: ([0.48, 1.72, 0.54, 0.93, 1.81], [0, 2, 0, 1, 2])
Episode: 254; Score: -7.87441098690033; Action: ([0.02, 0.05, 0.0, 0.0, 0.06], [0, 0, 0, 0, 0])
Episode: 255; Score: [-1.67490281]; Action: ([1.16, 1.16, 1.61, 0.58, 1.33], [1, 1, 2, 0, 1])
Episode: 256; Score: -8.805551588535309; Action: ([0.0, 0.09, 0.08, 0.03, 0.0], [0, 0, 0, 0, 0])
Episode: 257; Score: [-5.78050866]; Action: ([0.37, 1.54, 0.8, 0.43, 0.16], [0, 2, 1, 0, 0])
Episode: 258; Score: -0.22983580827713013; Action: ([0.0, 0.02, 0.12, 0.02, 0.08], [0, 0, 0, 0, 0])
Episode: 259; Score: [-2.83334997]; Action: ([0.66, 0.7, 1.34, 1.85, 2.0], [0, 1, 2, 2, 2])
Episode: 260; Score: -7.914297699928284; Action: ([0.0, 0.03, 0.0, 0.04, 0.02], [0, 0, 0, 0, 0])
Episode: 261; Score: [-6.2844201]; Action: ([1.52, 1.14, 0.79, 1.32, 1.51], [2, 1, 1, 1, 2])
Episode: 262; Score: -0.021679341793060303; Action: ([0.0, 0.02, 0.0, 0.0, 0.0], [0, 0, 0, 0, 0])
Episode: 263; Score: [-6.32341709]; Action: ([0.94, 0.01, 0.66, 0.26, 0.81], [1, 0, 0, 0, 1])
Episode: 264; Score: -4.871217906475067; Action: ([0.06, 0.01, 0.0, 0.02, 0.04], [0, 0, 0, 0, 0])
Episode: 265; Score: [-6.37553563]; Action: ([0.1, 0.05, 0.54, 0.21, 1.72], [0, 0, 0, 0, 2])
Episode: 266; Score: -7.916123270988464; Action: ([0.0, 0.02, 0.03, 0.0, 0.03], [0, 0, 0, 0, 0])
Episode: 267; Score: [-2.08411349]; Action: ([0.93, 1.08, 1.12, 0.06, 0.13], [1, 1, 1, 0, 0])
Episode: 268; Score: -8.938646793365479; Action: ([0.0, 0.0, 0.0, 0.04, 0.02], [0, 0, 0, 0, 0])
Episode: 269; Score: [-4.79146686]; Action: ([0.11, 0.25, 0.84, 1.02, 0.98], [0, 0, 1, 1, 1])
Episode: 270; Score: -0.06316781044006348; Action: ([0.0, 0.0, 0.0, 0.02, 0.05], [0, 0, 0, 0, 0])
Episode: 271; Score: [-3.60900971]; Action: ([1.36, 0.68, 1.23, 1.39, 0.19], [2, 1, 1, 2, 0])
Episode: 272; Score: -8.818356335163116; Action: ([0.07, 0.0, 0.05, 0.03, 0.03], [0, 0, 0, 0, 0])
Episode: 273; Score: [-4.0175571]; Action: ([1.03, 0.24, 1.74, 0.22, 0.8], [1, 0, 2, 0, 1])
Episode: 274; Score: -0.07889986038208008; Action: ([0.07, 0.0, 0.01, 0.0, 0.0], [0, 0, 0, 0, 0])
Episode: 275; Score: [-5.10536747]; Action: ([0.46, 1.49, 1.94, 0.94, 0.04], [0, 2, 2, 1, 0])
Episode: 276; Score: -7.916803240776062; Action: ([0.08, 0.0, 0.0, 0.0, 0.0], [0, 0, 0, 0, 0])
Episode: 277; Score: [-2.66177406]; Action: ([0.98, 1.1, 1.97, 0.7, 1.79], [1, 1, 2, 1, 2])
Episode: 278; Score: 0.0; Action: ([0.0, 0.0, 0.0, 0.0, 0.0], [0, 0, 0, 0, 0])
Episode: 279; Score: [-1.5353771]; Action: ([0.53, 1.42, 1.28, 1.19, 1.18], [0, 2, 1, 1, 1])
Episode: 280; Score: -7.945196449756622; Action: ([0.0, 0.0, 0.0, 0.05, 0.0], [0, 0, 0, 0, 0])
Episode: 281; Score: [-4.31593519]; Action: ([1.28, 1.77, 1.39, 1.23, 0.34], [1, 2, 2, 1, 0])
Episode: 282; Score: -0.06357860565185547; Action: ([0.05, 0.0, 0.01, 0.0, 0.0], [0, 0, 0, 0, 0])
Episode: 283; Score: [-2.54778325]; Action: ([0.79, 1.58, 0.3, 1.49, 1.57], [1, 2, 0, 2, 2])
Episode: 284; Score: -8.922792136669159; Action: ([0.0, 0.02, 0.0, 0.0, 0.05], [0, 0, 0, 0, 0])
Episode: 285; Score: [-7.13384712]; Action: ([1.5, 1.13, 0.71, 1.94, 1.86], [2, 1, 1, 2, 2])
Episode: 286; Score: -7.923242032527924; Action: ([0.03, 0.0, 0.0, 0.04, 0.0], [0, 0, 0, 0, 0])
Episode: 287; Score: [-5.34230225]; Action: ([0.58, 0.0, 0.17, 1.07, 1.84], [0, 0, 0, 1, 2])
Episode: 288; Score: -8.90276724100113; Action: ([0.01, 0.0, 0.0, 0.08, 0.01], [0, 0, 0, 0, 0])
Episode: 289; Score: [-2.74563358]; Action: ([1.73, 1.58, 1.02, 1.04, 1.09], [2, 2, 1, 1, 1])
Episode: 290; Score: -8.943049311637878; Action: ([0.05, 0.0, 0.0, 0.01, 0.0], [0, 0, 0, 0, 0])
Episode: 291; Score: [-5.2588721]; Action: ([1.41, 2.0, 0.84, 0.21, 1.27], [2, 2, 1, 0, 1])
Episode: 292; Score: -0.05096602439880371; Action: ([0.0, 0.0, 0.02, 0.03, 0.0], [0, 0, 0, 0, 0])
Episode: 293; Score: [-6.0990216]; Action: ([1.4, 1.0, 1.74, 1.61, 0.35], [2, 1, 2, 2, 0])
Episode: 294; Score: -8.971571683883667; Action: ([0.0, 0.01, 0.02, 0.0, 0.0], [0, 0, 0, 0, 0])
Episode: 295; Score: [-1.80771056]; Action: ([0.94, 1.53, 1.53, 0.84, 0.48], [1, 2, 2, 1, 0])
Episode: 296; Score: -7.81538599729538; Action: ([0.08, 0.11, 0.0, 0.0, 0.0], [0, 0, 0, 0, 0])
Episode: 297; Score: [-3.07895862]; Action: ([0.27, 1.6, 0.38, 0.55, 0.27], [0, 2, 0, 0, 0])
Episode: 298; Score: -8.838238298892975; Action: ([0.0, 0.05, 0.0, 0.06, 0.06], [0, 0, 0, 0, 0])
Episode: 299; Score: [-5.45894]; Action: ([0.94, 1.69, 1.13, 0.39, 1.31], [1, 2, 1, 0, 1])
Episode: 300; Score: -0.06104147434234619; Action: ([0.04, 0.0, 0.02, 0.0, 0.0], [0, 0, 0, 0, 0])
Episode: 301; Score: [-3.16338966]; Action: ([1.35, 1.13, 0.23, 1.44, 0.96], [2, 1, 0, 2, 1])
Episode: 302; Score: -0.1840534210205078; Action: ([0.05, 0.04, 0.04, 0.03, 0.02], [0, 0, 0, 0, 0])
Episode: 303; Score: [-5.2582771]; Action: ([0.95, 1.54, 0.39, 1.51, 0.87], [1, 2, 0, 2, 1])
Episode: 304; Score: -7.829469680786133; Action: ([0.11, 0.0, 0.0, 0.0, 0.06], [0, 0, 0, 0, 0])
Episode: 305; Score: [-4.88995134]; Action: ([0.94, 1.53, 1.9, 1.58, 0.02], [1, 2, 2, 2, 0])
Episode: 306; Score: -0.06452959775924683; Action: ([0.0, 0.0, 0.04, 0.03, 0.0], [0, 0, 0, 0, 0])
Episode: 307; Score: [-1.677597]; Action: ([1.04, 1.03, 0.48, 1.64, 0.55], [1, 1, 0, 2, 0])
Episode: 308; Score: -7.797203302383423; Action: ([0.07, 0.0, 0.0, 0.03, 0.11], [0, 0, 0, 0, 0])
Episode: 309; Score: [-3.47986323]; Action: ([1.42, 0.72, 0.38, 1.1, 1.9], [2, 1, 0, 1, 2])
Episode: 310; Score: -8.93436998128891; Action: ([0.03, 0.0, 0.0, 0.02, 0.01], [0, 0, 0, 0, 0])
Episode: 311; Score: [-4.70653793]; Action: ([0.24, 0.14, 0.76, 0.5, 1.65], [0, 0, 1, 0, 2])
Episode: 312; Score: -4.887338042259216; Action: ([0.02, 0.07, 0.0, 0.0, 0.03], [0, 0, 0, 0, 0])
Episode: 313; Score: [-3.5741034]; Action: ([0.76, 0.61, 0.59, 0.52, 1.95], [1, 0, 0, 0, 2])
Episode: 314; Score: -7.902467906475067; Action: ([0.0, 0.05, 0.0, 0.0, 0.04], [0, 0, 0, 0, 0])
Episode: 315; Score: [-6.92523029]; Action: ([1.61, 0.66, 1.56, 1.2, 1.9], [2, 0, 2, 1, 2])
Episode: 316; Score: -0.25227242708206177; Action: ([0.03, 0.0, 0.11, 0.0, 0.11], [0, 0, 0, 0, 0])
Episode: 317; Score: [-3.95204496]; Action: ([0.95, 1.42, 0.71, 0.23, 1.58], [1, 2, 1, 0, 2])
Episode: 318; Score: -8.923034727573395; Action: ([0.0, 0.0, 0.02, 0.06, 0.0], [0, 0, 0, 0, 0])
Episode: 319; Score: [-4.03201659]; Action: ([0.65, 1.28, 1.08, 0.29, 1.38], [0, 1, 1, 0, 2])
Episode: 320; Score: -7.965652167797089; Action: ([0.0, 0.03, 0.0, 0.0, 0.0], [0, 0, 0, 0, 0])
Episode: 321; Score: [-2.58030064]; Action: ([1.52, 0.95, 0.76, 1.83, 0.36], [2, 1, 1, 2, 0])
Episode: 322; Score: -0.23193669319152832; Action: ([0.0, 0.05, 0.1, 0.03, 0.05], [0, 0, 0, 0, 0])
Episode: 323; Score: [-4.44377396]; Action: ([0.96, 1.17, 1.21, 0.0, 1.56], [1, 1, 1, 0, 2])
Episode: 324; Score: -4.915411949157715; Action: ([0.03, 0.0, 0.0, 0.06, 0.0], [0, 0, 0, 0, 0])
Episode: 325; Score: [-4.08738688]; Action: ([0.95, 0.18, 1.57, 1.89, 0.33], [1, 0, 2, 2, 0])
Episode: 326; Score: -0.0844883918762207; Action: ([0.0, 0.0, 0.06, 0.0, 0.02], [0, 0, 0, 0, 0])
Episode: 327; Score: [-5.13407223]; Action: ([0.92, 1.2, 0.97, 0.71, 1.35], [1, 1, 1, 1, 2])
