Episode: 0; Score: -2.9740417725406587; Action: ([0.95, 1.06, 0.99, 1.15, 1.0], [1, 1, 1, 1, 1])
Episode: 1; Score: [-4.66502271]; Action: ([0.26, 1.54, 0.34, 1.27, 1.26], [0, 2, 0, 1, 1])
Episode: 2; Score: -5.104299653379712; Action: ([1.0, 1.04, 0.96, 1.01, 1.09], [1, 1, 1, 1, 1])
Episode: 3; Score: [-6.20225499]; Action: ([0.31, 0.63, 0.06, 0.46, 0.34], [0, 0, 0, 0, 0])
Episode: 4; Score: -0.12767197377979755; Action: ([0.97, 0.98, 0.98, 1.03, 0.96], [1, 1, 1, 1, 1])
Episode: 5; Score: [-1.25952962]; Action: ([1.03, 1.55, 0.67, 1.15, 1.19], [1, 2, 0, 1, 1])
Episode: 6; Score: -3.2122527635656297; Action: ([0.95, 1.03, 0.94, 0.99, 0.93], [1, 1, 1, 1, 1])
Episode: 7; Score: [-3.85516434]; Action: ([0.57, 0.78, 1.12, 0.44, 0.94], [0, 1, 1, 0, 1])
Episode: 8; Score: -0.12201366387307644; Action: ([1.04, 0.99, 0.98, 0.97, 0.99], [1, 1, 1, 1, 1])
Episode: 9; Score: [-2.91344895]; Action: ([1.72, 1.47, 1.26, 0.88, 1.69], [2, 2, 1, 1, 2])
Episode: 10; Score: -3.0062860011094017; Action: ([0.99, 1.0, 0.93, 1.03, 1.05], [1, 1, 1, 1, 1])
Episode: 11; Score: [-4.12485001]; Action: ([0.32, 0.37, 1.08, 1.2, 1.16], [0, 0, 1, 1, 1])
Episode: 12; Score: -4.120145680382848; Action: ([1.08, 0.96, 0.9, 1.0, 0.94], [1, 1, 1, 1, 1])
Episode: 13; Score: [-3.07659989]; Action: ([0.91, 1.01, 1.0, 0.74, 1.29], [1, 1, 1, 1, 1])
Episode: 14; Score: -3.301802411675453; Action: ([0.96, 0.99, 1.04, 0.88, 0.91], [1, 1, 1, 1, 1])
Episode: 15; Score: [-3.55277498]; Action: ([1.82, 1.03, 1.96, 0.63, 0.99], [2, 1, 2, 0, 1])
Episode: 16; Score: -2.979021475010086; Action: ([1.0, 1.08, 1.03, 1.07, 1.06], [1, 1, 1, 1, 1])
Episode: 17; Score: [-3.9716759]; Action: ([1.72, 1.93, 0.07, 0.17, 1.56], [2, 2, 0, 0, 2])
Episode: 18; Score: -3.150970783084631; Action: ([0.94, 1.07, 0.91, 1.04, 1.03], [1, 1, 1, 1, 1])
Episode: 19; Score: [-6.24796485]; Action: ([0.29, 1.56, 1.54, 1.43, 1.43], [0, 2, 2, 2, 2])
Episode: 20; Score: -3.9443537327460945; Action: ([0.97, 1.02, 1.01, 1.07, 1.03], [1, 1, 1, 1, 1])
Episode: 21; Score: [-3.96898494]; Action: ([0.33, 0.89, 1.32, 1.95, 0.18], [0, 1, 1, 2, 0])
Episode: 22; Score: -4.061785431578755; Action: ([0.96, 1.04, 1.02, 0.95, 1.06], [1, 1, 1, 1, 1])
Episode: 23; Score: [-2.62280293]; Action: ([1.63, 1.18, 0.81, 1.64, 0.47], [2, 1, 1, 2, 0])
Episode: 24; Score: -3.1220583168324083; Action: ([1.0, 0.97, 0.99, 0.93, 0.98], [1, 1, 1, 1, 1])
Episode: 25; Score: [-4.73088993]; Action: ([0.12, 1.62, 0.9, 1.08, 0.79], [0, 2, 1, 1, 1])
Episode: 26; Score: -4.019627759233117; Action: ([1.05, 1.01, 0.99, 0.97, 0.99], [1, 1, 1, 1, 1])
Episode: 27; Score: [-3.00711747]; Action: ([1.25, 1.41, 1.24, 1.81, 0.58], [1, 2, 1, 2, 0])
Episode: 28; Score: -0.19315623864531517; Action: ([0.94, 0.98, 0.98, 0.94, 1.04], [1, 1, 1, 1, 1])
Episode: 29; Score: [-7.48334828]; Action: ([0.11, 0.35, 0.69, 0.0, 0.36], [0, 0, 1, 0, 0])
Episode: 30; Score: -3.0699566062539816; Action: ([1.02, 0.98, 0.92, 1.03, 0.99], [1, 1, 1, 1, 1])
Episode: 31; Score: [-1.7320269]; Action: ([0.05, 0.12, 0.87, 0.68, 0.02], [0, 0, 1, 1, 0])
Episode: 32; Score: -0.10688999062404037; Action: ([1.01, 1.05, 0.98, 1.01, 0.97], [1, 1, 1, 1, 1])
Episode: 33; Score: [-5.02043749]; Action: ([1.6, 1.78, 0.5, 0.74, 0.93], [2, 2, 0, 1, 1])
Episode: 34; Score: -5.029744882835075; Action: ([0.97, 1.07, 1.01, 1.0, 0.97], [1, 1, 1, 1, 1])
Episode: 35; Score: [-5.27033774]; Action: ([1.69, 1.93, 1.01, 0.22, 0.43], [2, 2, 1, 0, 0])
Episode: 36; Score: -3.9245679806917906; Action: ([1.02, 1.06, 1.06, 1.02, 1.04], [1, 1, 1, 1, 1])
Episode: 37; Score: [-1.22226755]; Action: ([0.4, 1.0, 1.19, 0.7, 1.13], [0, 1, 1, 1, 1])
Episode: 38; Score: -5.03371558431536; Action: ([0.97, 1.01, 0.99, 0.98, 1.09], [1, 1, 1, 1, 1])
Episode: 39; Score: [-5.74445348]; Action: ([0.54, 0.06, 0.53, 0.95, 1.18], [0, 0, 0, 1, 1])
Episode: 40; Score: -0.10186374466866255; Action: ([1.0, 1.01, 0.98, 0.95, 0.98], [1, 1, 1, 1, 1])
Episode: 41; Score: [-5.84293008]; Action: ([1.47, 1.56, 1.15, 0.24, 1.43], [2, 2, 1, 0, 2])
Episode: 42; Score: -0.21848663594573736; Action: ([1.04, 1.01, 1.04, 0.92, 0.96], [1, 1, 1, 1, 1])
Episode: 43; Score: [-4.32945658]; Action: ([1.39, 0.42, 1.33, 1.48, 0.06], [2, 0, 1, 2, 0])
Episode: 44; Score: -5.007531734183431; Action: ([1.05, 1.03, 0.96, 1.06, 0.91], [1, 1, 1, 1, 1])
Episode: 45; Score: [-2.91522698]; Action: ([1.47, 1.65, 0.35, 1.16, 1.99], [2, 2, 0, 1, 2])
Episode: 46; Score: -3.137246240861714; Action: ([0.99, 1.04, 1.07, 1.12, 0.86], [1, 1, 1, 1, 1])
Episode: 47; Score: [-4.80936196]; Action: ([1.34, 0.29, 0.88, 0.51, 0.16], [2, 0, 1, 0, 0])
Episode: 48; Score: -0.1977193825878203; Action: ([0.91, 1.05, 0.99, 1.04, 1.0], [1, 1, 1, 1, 1])
Episode: 49; Score: [-4.71996175]; Action: ([0.34, 1.07, 0.62, 1.39, 0.0], [0, 1, 0, 2, 0])
Episode: 50; Score: -0.15605344995856285; Action: ([1.04, 1.01, 0.98, 1.0, 1.08], [1, 1, 1, 1, 1])
Episode: 51; Score: [-1.93768465]; Action: ([1.11, 1.11, 0.36, 1.67, 1.4], [1, 1, 0, 2, 2])
Episode: 52; Score: -3.0563462148420513; Action: ([0.99, 1.01, 0.95, 1.01, 1.01], [1, 1, 1, 1, 1])
Episode: 53; Score: [-4.95780202]; Action: ([0.55, 0.5, 1.92, 0.46, 1.45], [0, 0, 2, 0, 2])
Episode: 54; Score: -4.989748571999371; Action: ([1.02, 1.01, 0.93, 1.04, 0.99], [1, 1, 1, 1, 1])
Episode: 55; Score: [-1.85477733]; Action: ([0.36, 1.11, 1.91, 1.09, 1.12], [0, 1, 2, 1, 1])
Episode: 56; Score: -2.9812550954520702; Action: ([1.02, 0.96, 0.97, 1.04, 1.02], [1, 1, 1, 1, 1])
Episode: 57; Score: [-3.28137979]; Action: ([1.84, 0.17, 0.25, 0.37, 0.65], [2, 0, 0, 0, 0])
Episode: 58; Score: -4.062430944759399; Action: ([1.07, 0.98, 0.95, 1.0, 0.93], [1, 1, 1, 1, 1])
Episode: 59; Score: [-6.79643059]; Action: ([0.62, 0.08, 0.31, 0.93, 0.26], [0, 0, 0, 1, 0])
Episode: 60; Score: -3.015810575801879; Action: ([1.01, 1.04, 1.02, 1.01, 1.03], [1, 1, 1, 1, 1])
Episode: 61; Score: [-6.94204818]; Action: ([2.0, 1.62, 1.32, 0.1, 1.9], [2, 2, 1, 0, 2])
Episode: 62; Score: -4.858362288214266; Action: ([0.97, 1.04, 0.86, 1.01, 0.98], [1, 1, 1, 1, 1])
Episode: 63; Score: [-2.22524729]; Action: ([1.55, 1.47, 0.8, 1.94, 0.94], [2, 2, 1, 2, 1])
Episode: 64; Score: -3.065234999638051; Action: ([1.04, 1.09, 0.98, 1.01, 0.99], [1, 1, 1, 1, 1])
Episode: 65; Score: [-2.66328353]; Action: ([1.77, 0.56, 1.76, 1.47, 1.23], [2, 0, 2, 2, 1])
Episode: 66; Score: -0.21208170615136623; Action: ([1.03, 1.05, 0.96, 0.96, 0.95], [1, 1, 1, 1, 1])
Episode: 67; Score: [-5.57603971]; Action: ([0.22, 2.0, 1.09, 1.63, 0.64], [0, 2, 1, 2, 0])
Episode: 68; Score: -0.32652805000543594; Action: ([1.1, 1.05, 1.06, 0.93, 0.95], [1, 1, 1, 1, 1])
Episode: 69; Score: [-3.70845362]; Action: ([0.48, 1.04, 1.59, 0.63, 1.64], [0, 1, 2, 0, 2])
Episode: 70; Score: -5.150449999142438; Action: ([1.02, 1.03, 1.02, 1.09, 0.99], [1, 1, 1, 1, 1])
Episode: 71; Score: [-4.84955938]; Action: ([1.09, 1.76, 0.14, 2.0, 0.68], [1, 2, 0, 2, 1])
Episode: 72; Score: -4.17338668461889; Action: ([0.98, 0.95, 1.01, 0.97, 0.92], [1, 1, 1, 1, 1])
Episode: 73; Score: [-2.10634419]; Action: ([1.41, 0.35, 0.87, 1.2, 0.28], [2, 0, 1, 1, 0])
Episode: 74; Score: -0.1613352078711614; Action: ([0.98, 0.97, 1.04, 1.0, 1.07], [1, 1, 1, 1, 1])
Episode: 75; Score: [-4.0444295]; Action: ([0.15, 0.66, 1.3, 0.97, 1.48], [0, 0, 1, 1, 2])
Episode: 76; Score: -2.885484579950571; Action: ([1.09, 0.96, 1.06, 1.04, 1.08], [1, 1, 1, 1, 1])
Episode: 77; Score: [-5.08645538]; Action: ([0.37, 0.94, 1.54, 0.04, 1.03], [0, 1, 2, 0, 1])
Episode: 78; Score: -0.24909920198842883; Action: ([0.98, 0.91, 1.0, 1.04, 1.1], [1, 1, 1, 1, 1])
Episode: 79; Score: [-6.17578378]; Action: ([1.1, 1.88, 1.46, 0.14, 0.0], [1, 2, 2, 0, 0])
Episode: 80; Score: -0.27552722228574567; Action: ([1.0, 0.93, 1.01, 0.88, 1.08], [1, 1, 1, 1, 1])
Episode: 81; Score: [-2.65203533]; Action: ([0.78, 0.24, 1.41, 1.93, 1.81], [1, 0, 2, 2, 2])
Episode: 82; Score: -4.193552301265299; Action: ([0.98, 1.07, 0.97, 0.94, 0.99], [1, 1, 1, 1, 1])
Episode: 83; Score: [-3.93051246]; Action: ([1.53, 0.3, 0.13, 1.47, 0.64], [2, 0, 0, 2, 0])
Episode: 84; Score: -4.958793030353263; Action: ([1.0, 0.91, 1.0, 1.08, 0.97], [1, 1, 1, 1, 1])
Episode: 85; Score: [-2.44228065]; Action: ([0.81, 0.97, 0.85, 1.12, 1.81], [1, 1, 1, 1, 2])
Episode: 86; Score: -5.00721394456923; Action: ([1.05, 0.97, 0.98, 1.02, 0.99], [1, 1, 1, 1, 1])
Episode: 87; Score: [-6.47148415]; Action: ([1.5, 1.08, 1.13, 1.39, 1.38], [2, 1, 1, 2, 2])
Episode: 88; Score: -4.088722717715427; Action: ([0.97, 0.91, 1.0, 1.02, 1.0], [1, 1, 1, 1, 1])
Episode: 89; Score: [-5.13467574]; Action: ([0.6, 1.72, 1.92, 0.59, 0.47], [0, 2, 2, 0, 0])
Episode: 90; Score: -0.24652665853500366; Action: ([1.05, 1.07, 1.02, 1.04, 0.94], [1, 1, 1, 1, 1])
Episode: 91; Score: [-3.11288922]; Action: ([0.43, 0.57, 1.81, 1.98, 0.69], [0, 0, 2, 2, 1])
Episode: 92; Score: -3.120629792800173; Action: ([0.94, 1.09, 1.03, 1.0, 1.05], [1, 1, 1, 1, 1])
Episode: 93; Score: [-5.33069397]; Action: ([1.4, 1.89, 1.02, 0.78, 0.25], [2, 2, 1, 1, 0])
Episode: 94; Score: -3.200359773123637; Action: ([0.95, 0.89, 0.96, 1.0, 1.0], [1, 1, 1, 1, 1])
Episode: 95; Score: [-2.49564163]; Action: ([2.0, 0.81, 0.93, 0.58, 0.18], [2, 1, 1, 0, 0])
Episode: 96; Score: -4.923662203364074; Action: ([0.94, 1.02, 0.98, 0.99, 1.0], [1, 1, 1, 1, 1])
Episode: 97; Score: [-4.4823191]; Action: ([0.65, 1.33, 0.4, 1.74, 0.06], [0, 1, 0, 2, 0])
Episode: 98; Score: -4.126390628516674; Action: ([0.92, 1.08, 1.07, 0.98, 0.98], [1, 1, 1, 1, 1])
Episode: 99; Score: [-4.49925557]; Action: ([1.53, 1.93, 2.0, 1.77, 0.13], [2, 2, 2, 2, 0])
Episode: 100; Score: -3.089975778013468; Action: ([1.02, 0.92, 0.99, 0.99, 0.98], [1, 1, 1, 1, 1])
Episode: 101; Score: [-4.53501041]; Action: ([0.54, 1.37, 1.69, 1.76, 0.23], [0, 2, 2, 2, 0])
Episode: 102; Score: -3.971132714767009; Action: ([1.08, 1.03, 0.99, 0.99, 1.0], [1, 1, 1, 1, 1])
Episode: 103; Score: [-4.88980955]; Action: ([0.58, 1.85, 0.45, 0.56, 1.38], [0, 2, 0, 0, 2])
Episode: 104; Score: -3.112781879492104; Action: ([1.06, 1.11, 0.95, 1.01, 0.97], [1, 1, 1, 1, 1])
Episode: 105; Score: [-3.61132529]; Action: ([1.07, 0.69, 0.95, 1.42, 0.26], [1, 1, 1, 2, 0])
Episode: 106; Score: -4.928049102425575; Action: ([0.97, 1.03, 0.94, 0.96, 1.02], [1, 1, 1, 1, 1])
Episode: 107; Score: [-4.79849541]; Action: ([0.36, 0.64, 0.43, 1.46, 0.31], [0, 0, 0, 2, 0])
Episode: 108; Score: -3.2394428632687777; Action: ([0.9, 1.0, 1.18, 0.95, 1.09], [1, 1, 1, 1, 1])
Episode: 109; Score: [-3.85456408]; Action: ([1.12, 0.62, 1.72, 0.53, 1.15], [1, 0, 2, 0, 1])
Episode: 110; Score: -0.10142849665135145; Action: ([0.98, 1.04, 0.99, 0.99, 0.98], [1, 1, 1, 1, 1])
Episode: 111; Score: [-5.24456737]; Action: ([0.77, 1.57, 1.69, 1.17, 0.07], [1, 2, 2, 1, 0])
Episode: 112; Score: -4.981042995117605; Action: ([0.94, 1.0, 1.05, 1.01, 0.99], [1, 1, 1, 1, 1])
Episode: 113; Score: [-4.54380762]; Action: ([1.73, 0.85, 1.76, 0.58, 0.05], [2, 1, 2, 0, 0])
Episode: 114; Score: -0.17855742573738098; Action: ([0.95, 0.95, 0.99, 0.97, 0.97], [1, 1, 1, 1, 1])
Episode: 115; Score: [-2.89642809]; Action: ([1.41, 0.61, 0.92, 1.25, 1.91], [2, 0, 1, 1, 2])
Episode: 116; Score: -0.11599815869703889; Action: ([1.02, 0.95, 0.98, 1.0, 1.02], [1, 1, 1, 1, 1])
Episode: 117; Score: [-2.1087103]; Action: ([0.44, 1.02, 1.6, 1.24, 1.69], [0, 1, 2, 1, 2])
Episode: 118; Score: -4.71949471347034; Action: ([0.96, 0.9, 0.98, 0.94, 0.94], [1, 1, 1, 1, 1])
Episode: 119; Score: [-3.21492732]; Action: ([0.82, 1.39, 0.77, 1.75, 0.83], [1, 2, 1, 2, 1])
Episode: 120; Score: -2.9932710654102266; Action: ([1.09, 1.0, 0.97, 0.97, 0.98], [1, 1, 1, 1, 1])
Episode: 121; Score: [-7.27357761]; Action: ([0.99, 1.51, 1.89, 1.35, 1.53], [1, 2, 2, 2, 2])
Episode: 122; Score: -3.994131378363818; Action: ([1.03, 1.01, 0.98, 0.99, 1.01], [1, 1, 1, 1, 1])
Episode: 123; Score: [-1.61589171]; Action: ([1.67, 0.75, 1.31, 1.65, 2.0], [2, 1, 1, 2, 2])
Episode: 124; Score: -3.0760678574442863; Action: ([0.96, 1.05, 0.95, 1.03, 1.04], [1, 1, 1, 1, 1])
Episode: 125; Score: [-3.87872906]; Action: ([0.42, 1.99, 1.91, 1.64, 1.76], [0, 2, 2, 2, 2])
Episode: 126; Score: -5.040511278959457; Action: ([1.05, 0.97, 1.03, 0.99, 1.0], [1, 1, 1, 1, 1])
Episode: 127; Score: [-4.57410603]; Action: ([1.58, 1.0, 0.04, 0.76, 0.04], [2, 1, 0, 1, 0])
Episode: 128; Score: -4.968313042074442; Action: ([0.99, 1.02, 0.96, 1.02, 0.98], [1, 1, 1, 1, 1])
Episode: 129; Score: [-5.61433523]; Action: ([0.69, 0.41, 1.66, 0.04, 0.58], [1, 0, 2, 0, 0])
Episode: 130; Score: -4.043627512932289; Action: ([1.02, 0.99, 1.0, 0.89, 1.05], [1, 1, 1, 1, 1])
Episode: 131; Score: [-5.494983]; Action: ([1.21, 0.41, 1.2, 0.78, 1.89], [1, 0, 1, 1, 2])
Episode: 132; Score: -3.9879024359979667; Action: ([1.02, 1.0, 0.96, 1.03, 0.99], [1, 1, 1, 1, 1])
Episode: 133; Score: [-3.73576828]; Action: ([1.45, 0.0, 0.48, 1.75, 1.58], [2, 0, 0, 2, 2])
Episode: 134; Score: -2.9873479772359133; Action: ([1.07, 0.94, 1.04, 1.01, 1.02], [1, 1, 1, 1, 1])
Episode: 135; Score: [-3.07712338]; Action: ([1.49, 1.04, 1.91, 1.28, 0.28], [2, 1, 2, 1, 0])
Episode: 136; Score: -4.047549243085086; Action: ([0.93, 0.91, 1.06, 1.07, 0.99], [1, 1, 1, 1, 1])
Episode: 137; Score: [-1.9558636]; Action: ([1.2, 1.32, 1.77, 1.5, 1.17], [1, 1, 2, 2, 1])
Episode: 138; Score: -4.2836279440671206; Action: ([0.98, 1.05, 0.88, 0.96, 0.94], [1, 1, 1, 1, 1])
Episode: 139; Score: [-1.45020335]; Action: ([0.59, 0.6, 0.9, 0.84, 0.61], [0, 0, 1, 1, 0])
Episode: 140; Score: -3.1268293634057045; Action: ([0.98, 1.02, 0.99, 1.02, 0.9], [1, 1, 1, 1, 1])
Episode: 141; Score: [-2.1046437]; Action: ([1.13, 0.24, 1.82, 1.73, 1.97], [1, 0, 2, 2, 2])
Episode: 142; Score: -3.992659145966172; Action: ([0.99, 0.96, 1.03, 1.04, 0.99], [1, 1, 1, 1, 1])
Episode: 143; Score: [-4.07734394]; Action: ([0.24, 0.14, 1.35, 1.98, 1.21], [0, 0, 2, 2, 1])
Episode: 144; Score: -4.914839141070843; Action: ([0.93, 1.05, 1.06, 0.91, 0.97], [1, 1, 1, 1, 1])
Episode: 145; Score: [-6.6682897]; Action: ([0.08, 0.26, 0.88, 0.22, 0.89], [0, 0, 1, 0, 1])
Episode: 146; Score: -4.041592966765165; Action: ([0.99, 1.04, 0.97, 1.03, 1.02], [1, 1, 1, 1, 1])
Episode: 147; Score: [-4.16047599]; Action: ([0.0, 1.59, 1.64, 1.84, 0.94], [0, 2, 2, 2, 1])
Episode: 148; Score: -5.062361570715439; Action: ([0.94, 0.95, 1.0, 1.07, 1.11], [1, 1, 1, 1, 1])
Episode: 149; Score: [-3.45137525]; Action: ([1.29, 0.68, 1.21, 0.0, 1.78], [1, 1, 1, 0, 2])
Episode: 150; Score: -0.20484462566673756; Action: ([0.96, 0.99, 1.04, 0.91, 1.02], [1, 1, 1, 1, 1])
Episode: 151; Score: [-2.31020753]; Action: ([0.83, 0.07, 1.64, 0.68, 0.74], [1, 0, 2, 1, 1])
Episode: 152; Score: -4.921835009939969; Action: ([0.96, 0.99, 1.03, 0.92, 1.02], [1, 1, 1, 1, 1])
Episode: 153; Score: [-3.45535617]; Action: ([0.25, 0.03, 0.23, 1.32, 1.66], [0, 0, 0, 1, 2])
Episode: 154; Score: -3.1720299385488033; Action: ([0.92, 0.97, 0.97, 1.03, 0.94], [1, 1, 1, 1, 1])
Episode: 155; Score: [-3.05402058]; Action: ([0.0, 0.26, 0.23, 1.73, 0.83], [0, 0, 0, 2, 1])
Episode: 156; Score: -3.029442857252434; Action: ([1.02, 1.0, 0.99, 1.0, 0.96], [1, 1, 1, 1, 1])
Episode: 157; Score: [-6.06247311]; Action: ([0.21, 1.21, 0.18, 0.5, 1.25], [0, 1, 0, 0, 1])
Episode: 158; Score: -3.104059301665984; Action: ([1.04, 1.02, 1.0, 0.89, 0.98], [1, 1, 1, 1, 1])
Episode: 159; Score: [-4.5780444]; Action: ([1.34, 1.63, 0.97, 0.96, 0.79], [2, 2, 1, 1, 1])
Episode: 160; Score: -0.26197325624525547; Action: ([0.96, 0.9, 1.04, 1.06, 0.97], [1, 1, 1, 1, 1])
Episode: 161; Score: [-3.18739909]; Action: ([1.43, 1.48, 0.48, 1.77, 1.99], [2, 2, 0, 2, 2])
Episode: 162; Score: -3.9093882460147142; Action: ([1.07, 0.98, 0.99, 1.01, 1.03], [1, 1, 1, 1, 1])
Episode: 163; Score: [-3.61426763]; Action: ([1.01, 1.67, 0.67, 0.82, 1.55], [1, 2, 1, 1, 2])
Episode: 164; Score: -4.210697893751785; Action: ([0.98, 0.95, 0.93, 1.0, 0.93], [1, 1, 1, 1, 1])
Episode: 165; Score: [-4.52037565]; Action: ([1.83, 1.01, 0.09, 0.26, 1.3], [2, 1, 0, 0, 1])
Episode: 166; Score: -4.995090239215642; Action: ([0.96, 0.95, 1.1, 0.98, 1.01], [1, 1, 1, 1, 1])
Episode: 167; Score: [-5.14813567]; Action: ([0.26, 0.37, 1.93, 0.06, 1.23], [0, 0, 2, 0, 1])
Episode: 168; Score: -3.0176725341007113; Action: ([1.02, 0.97, 0.94, 1.01, 1.04], [1, 1, 1, 1, 1])
Episode: 169; Score: [-6.90425476]; Action: ([1.4, 1.78, 1.0, 0.92, 1.8], [2, 2, 1, 1, 2])
Episode: 170; Score: -3.1340462397783995; Action: ([1.0, 1.01, 0.88, 0.96, 1.04], [1, 1, 1, 1, 1])
Episode: 171; Score: [-5.63081783]; Action: ([0.09, 0.46, 0.4, 0.42, 0.99], [0, 0, 0, 0, 1])
Episode: 172; Score: -2.9773739082738757; Action: ([1.03, 1.01, 0.98, 0.99, 1.03], [1, 1, 1, 1, 1])
Episode: 173; Score: [-3.16129658]; Action: ([1.48, 1.69, 0.23, 0.52, 0.26], [2, 2, 0, 0, 0])
Episode: 174; Score: -3.1171013060957193; Action: ([1.05, 0.98, 1.08, 0.98, 0.95], [1, 1, 1, 1, 1])
Episode: 175; Score: [-1.59360535]; Action: ([1.14, 1.05, 0.78, 0.41, 1.59], [1, 1, 1, 0, 2])
Episode: 176; Score: -3.1234659045003355; Action: ([1.04, 1.02, 1.12, 0.98, 1.0], [1, 1, 1, 1, 1])
Episode: 177; Score: [-4.3683658]; Action: ([0.48, 1.43, 1.29, 0.54, 1.75], [0, 2, 1, 0, 2])
Episode: 178; Score: -5.035372020909563; Action: ([1.02, 0.99, 1.05, 0.98, 1.0], [1, 1, 1, 1, 1])
Episode: 179; Score: [-2.73058775]; Action: ([0.07, 0.46, 0.74, 0.58, 1.59], [0, 0, 1, 0, 2])
Episode: 180; Score: -4.8980676624923944; Action: ([1.05, 0.97, 0.96, 0.98, 0.95], [1, 1, 1, 1, 1])
Episode: 181; Score: [-1.7320235]; Action: ([1.52, 0.95, 1.37, 1.11, 1.69], [2, 1, 2, 1, 2])
Episode: 182; Score: -4.105001578107476; Action: ([0.93, 0.99, 1.05, 0.94, 0.98], [1, 1, 1, 1, 1])
Episode: 183; Score: [-3.69894524]; Action: ([1.6, 0.93, 0.54, 1.06, 1.17], [2, 1, 0, 1, 1])
Episode: 184; Score: -3.035748720751144; Action: ([1.0, 1.01, 0.96, 1.07, 0.94], [1, 1, 1, 1, 1])
Episode: 185; Score: [-3.87419769]; Action: ([1.16, 1.78, 0.7, 0.45, 1.6], [1, 2, 1, 0, 2])
Episode: 186; Score: -3.9782748632133007; Action: ([1.06, 0.96, 1.02, 0.95, 1.03], [1, 1, 1, 1, 1])
Episode: 187; Score: [-3.38251498]; Action: ([0.91, 0.98, 1.51, 0.6, 1.61], [1, 1, 2, 0, 2])
Episode: 188; Score: -3.0211522397585213; Action: ([1.04, 0.98, 0.92, 1.04, 1.0], [1, 1, 1, 1, 1])
Episode: 189; Score: [-3.05165122]; Action: ([1.04, 0.35, 1.96, 0.52, 0.08], [1, 0, 2, 0, 0])
Episode: 190; Score: -3.0337955616414547; Action: ([0.96, 1.01, 0.97, 1.03, 1.02], [1, 1, 1, 1, 1])
Episode: 191; Score: [-5.05509176]; Action: ([1.25, 1.57, 0.73, 0.08, 0.45], [1, 2, 1, 0, 0])
Episode: 192; Score: -3.8981311805546284; Action: ([1.03, 0.95, 0.99, 1.04, 1.1], [1, 1, 1, 1, 1])
Episode: 193; Score: [-4.43558674]; Action: ([0.26, 0.7, 0.02, 1.75, 1.84], [0, 1, 0, 2, 2])
Episode: 194; Score: -3.9442540779709816; Action: ([1.04, 0.94, 0.99, 1.05, 1.04], [1, 1, 1, 1, 1])
Episode: 195; Score: [-3.57975915]; Action: ([0.55, 0.17, 0.97, 1.65, 0.24], [0, 0, 1, 2, 0])
Episode: 196; Score: -3.061072411481291; Action: ([0.98, 1.06, 0.95, 1.07, 1.0], [1, 1, 1, 1, 1])
Episode: 197; Score: [-2.35537993]; Action: ([0.48, 1.95, 1.27, 1.14, 1.48], [0, 2, 1, 1, 2])
Episode: 198; Score: -0.15485394559800625; Action: ([0.99, 1.05, 0.93, 1.01, 1.02], [1, 1, 1, 1, 1])
Episode: 199; Score: [-6.21199143]; Action: ([1.69, 1.92, 1.58, 0.01, 1.02], [2, 2, 2, 0, 1])
Episode: 200; Score: -5.043230862356722; Action: ([0.92, 1.08, 1.02, 1.03, 0.99], [1, 1, 1, 1, 1])
Episode: 201; Score: [-4.95889725]; Action: ([0.53, 1.06, 1.01, 1.58, 0.78], [0, 1, 1, 2, 1])
Episode: 202; Score: -5.2208055686205626; Action: ([1.03, 1.09, 1.09, 1.01, 1.01], [1, 1, 1, 1, 1])
Episode: 203; Score: [-5.60703757]; Action: ([0.49, 1.12, 1.33, 1.41, 1.26], [0, 1, 1, 2, 1])
Episode: 204; Score: -5.1629996336996555; Action: ([1.04, 1.04, 0.96, 1.07, 1.05], [1, 1, 1, 1, 1])
Episode: 205; Score: [-6.32440554]; Action: ([1.99, 1.76, 0.43, 0.99, 1.16], [2, 2, 0, 1, 1])
Episode: 206; Score: -0.14646623318549246; Action: ([0.98, 0.95, 1.06, 0.99, 1.0], [1, 1, 1, 1, 1])
Episode: 207; Score: [-4.88430907]; Action: ([0.91, 1.83, 0.28, 1.55, 1.2], [1, 2, 0, 2, 1])
Episode: 208; Score: -0.22479418572038412; Action: ([1.06, 0.94, 0.96, 1.06, 0.99], [1, 1, 1, 1, 1])
Episode: 209; Score: [-1.98645532]; Action: ([0.23, 0.6, 0.95, 1.45, 1.31], [0, 0, 1, 2, 1])
Episode: 210; Score: -4.912965273251757; Action: ([0.93, 0.89, 1.0, 1.1, 0.99], [1, 1, 1, 1, 1])
Episode: 211; Score: [-4.06412867]; Action: ([0.67, 0.36, 1.92, 1.04, 0.95], [0, 0, 2, 1, 1])
Episode: 212; Score: -0.2513232994824648; Action: ([1.1, 0.95, 0.94, 1.02, 1.02], [1, 1, 1, 1, 1])
Episode: 213; Score: [-4.22816424]; Action: ([0.73, 1.37, 0.54, 1.0, 0.59], [1, 2, 0, 1, 0])
Episode: 214; Score: -3.0877082622610033; Action: ([0.89, 0.99, 1.02, 0.99, 1.06], [1, 1, 1, 1, 1])
Episode: 215; Score: [-5.77047938]; Action: ([0.67, 1.17, 1.15, 1.32, 1.45], [1, 1, 1, 1, 2])
