Episode: 0; Score: -3.1692137978971004; Action: ([1.98, 0.87, 1.02, 0.0, 1.97], [2, 1, 1, 0, 2])
Episode: 1; Score: -2.0573183596134186; Action: ([2.0, 0.91, 0.03, 2.0, 2.0], [2, 1, 0, 2, 2])
Episode: 2; Score: -3.0002625845372677; Action: ([0.94, 0.0, 2.0, 2.0, 1.06], [1, 0, 2, 2, 1])
Episode: 3; Score: -5.154105290770531; Action: ([0.01, 1.1, 1.06, 0.99, 0.01], [0, 1, 1, 1, 0])
Episode: 4; Score: -3.114070781506598; Action: ([2.0, 0.93, 0.99, 0.02, 1.94], [2, 1, 1, 0, 2])
Episode: 5; Score: -3.804035112261772; Action: ([1.97, 0.98, 0.1, 2.0, 1.91], [2, 1, 0, 2, 2])
Episode: 6; Score: -3.2235088241286576; Action: ([0.99, 0.0, 2.0, 2.0, 1.22], [1, 0, 2, 2, 1])
Episode: 7; Score: -3.446936972439289; Action: ([0.0, 1.15, 1.05, 1.24, 0.0], [0, 1, 1, 1, 0])
Episode: 8; Score: -1.9933395087718964; Action: ([2.0, 0.96, 0.95, 0.1, 2.0], [2, 1, 1, 0, 2])
Episode: 9; Score: -4.053922183811665; Action: ([1.99, 0.91, 0.03, 2.0, 2.0], [2, 1, 0, 2, 2])
Episode: 10; Score: -2.8956417376175523; Action: ([1.01, 0.07, 2.0, 2.0, 1.03], [1, 0, 2, 2, 1])
Episode: 11; Score: -3.565691592171788; Action: ([0.16, 1.07, 0.96, 1.03, 0.36], [0, 1, 1, 1, 0])
Episode: 12; Score: -2.1313217654824257; Action: ([2.0, 1.13, 1.04, 0.03, 2.0], [2, 1, 1, 0, 2])
Episode: 13; Score: -1.3885790705680847; Action: ([1.83, 0.87, 0.0, 1.92, 2.0], [2, 1, 0, 2, 2])
Episode: 14; Score: -2.7351408675312996; Action: ([0.96, 0.12, 2.0, 2.0, 1.18], [1, 0, 2, 2, 1])
Episode: 15; Score: -3.0095783529104665; Action: ([0.02, 0.94, 1.04, 1.0, 0.0], [0, 1, 1, 1, 0])
Episode: 16; Score: -6.056566298007965; Action: ([1.96, 1.03, 1.07, 0.0, 2.0], [2, 1, 1, 0, 2])
Episode: 17; Score: -1.320067117922008; Action: ([1.84, 0.99, 0.0, 1.85, 2.0], [2, 1, 0, 2, 2])
Episode: 18; Score: -3.1598873026669025; Action: ([0.95, 0.04, 2.0, 2.0, 0.85], [1, 0, 2, 2, 1])
Episode: 19; Score: -5.493792414665222; Action: ([0.0, 1.13, 0.84, 0.8, 0.0], [0, 1, 1, 1, 0])
Episode: 20; Score: -3.07535882294178; Action: ([2.0, 0.98, 0.93, 0.07, 1.95], [2, 1, 1, 0, 2])
Episode: 21; Score: -2.0125883109867573; Action: ([1.98, 1.04, 0.32, 1.86, 1.86], [2, 1, 0, 2, 2])
Episode: 22; Score: -4.059171978384256; Action: ([0.93, 0.05, 2.0, 1.99, 0.97], [1, 0, 2, 2, 1])
Episode: 23; Score: -5.893149339593947; Action: ([0.0, 1.01, 1.05, 1.07, 0.0], [0, 1, 1, 1, 0])
Episode: 24; Score: -2.155265264213085; Action: ([2.0, 0.97, 0.91, 0.0, 1.96], [2, 1, 1, 0, 2])
Episode: 25; Score: -1.2722544521093369; Action: ([2.0, 0.85, 0.08, 2.0, 1.8], [2, 1, 0, 2, 2])
Episode: 26; Score: -2.9674477961380035; Action: ([1.0, 0.0, 1.96, 1.96, 1.04], [1, 0, 2, 2, 1])
Episode: 27; Score: -5.261875882744789; Action: ([0.0, 0.83, 0.85, 1.05, 0.0], [0, 1, 1, 1, 0])
Episode: 28; Score: -5.717427563387901; Action: ([1.92, 0.98, 1.0, 0.0, 1.81], [2, 1, 1, 0, 2])
Episode: 29; Score: -2.1828993875533342; Action: ([1.82, 1.0, 0.0, 2.0, 2.0], [2, 1, 0, 2, 2])
