Episode: 0; Score: -2.4184745252132416; Action: ([1.84, 1.14, 1.13, 0.04, 1.98], [2, 1, 1, 0, 2])
Episode: 1; Score: -3.944465232663788; Action: ([1.94, 1.0, 0.0, 2.0, 2.0], [2, 1, 0, 2, 2])
Episode: 2; Score: -5.865422744303942; Action: ([1.17, 0.04, 2.0, 1.66, 1.0], [1, 0, 2, 2, 1])
Episode: 3; Score: -3.053076531738043; Action: ([0.0, 1.04, 0.9, 1.11, 0.0], [0, 1, 1, 1, 0])
Episode: 4; Score: -2.8091000467538834; Action: ([2.0, 0.94, 1.24, 0.01, 2.0], [2, 1, 1, 0, 2])
Episode: 5; Score: -1.2392629869282246; Action: ([2.0, 0.96, 0.08, 1.72, 2.0], [2, 1, 0, 2, 2])
Episode: 6; Score: -5.872119840234518; Action: ([1.11, 0.0, 1.94, 1.88, 0.94], [1, 0, 2, 2, 1])
Episode: 7; Score: -5.090888136997819; Action: ([0.12, 0.97, 1.09, 0.82, 0.08], [0, 1, 1, 1, 0])
Episode: 8; Score: -6.044740764889866; Action: ([1.85, 1.0, 0.98, 0.21, 2.0], [2, 1, 1, 0, 2])
Episode: 9; Score: -6.872511592693627; Action: ([2.0, 0.99, 0.0, 1.89, 2.0], [2, 1, 0, 2, 2])
Episode: 10; Score: -5.928684269078076; Action: ([0.93, 0.0, 2.0, 2.0, 0.99], [1, 0, 2, 2, 1])
Episode: 11; Score: -2.9725052267313004; Action: ([0.1, 0.99, 0.97, 0.92, 0.0], [0, 1, 1, 1, 0])
Episode: 12; Score: -5.864325053989887; Action: ([1.89, 1.11, 0.96, 0.08, 1.81], [2, 1, 1, 0, 2])
Episode: 13; Score: -1.1715686544775963; Action: ([1.95, 1.08, 0.0, 1.96, 2.0], [2, 1, 0, 2, 2])
Episode: 14; Score: -3.964305654168129; Action: ([1.0, 0.0, 1.98, 2.0, 1.01], [1, 0, 2, 2, 1])
Episode: 15; Score: -3.025482712313533; Action: ([0.0, 0.9, 0.98, 1.14, 0.01], [0, 1, 1, 1, 0])
Episode: 16; Score: -5.793919641524553; Action: ([2.0, 0.96, 1.05, 0.0, 1.78], [2, 1, 1, 0, 2])
Episode: 17; Score: -2.1995989829301834; Action: ([2.0, 1.14, 0.06, 1.88, 2.0], [2, 1, 0, 2, 2])
Episode: 18; Score: -2.9703747862949967; Action: ([1.01, 0.0, 1.85, 1.96, 0.85], [1, 0, 2, 2, 1])
Episode: 19; Score: -2.2296324968338013; Action: ([0.0, 0.96, 0.96, 0.85, 0.0], [0, 1, 1, 1, 0])
Episode: 20; Score: -6.081140061840415; Action: ([2.0, 1.01, 1.03, 0.05, 2.0], [2, 1, 1, 0, 2])
Episode: 21; Score: -6.9919214472174644; Action: ([2.0, 0.99, 0.0, 2.0, 2.0], [2, 1, 0, 2, 2])
Episode: 22; Score: -6.040812112390995; Action: ([1.03, 0.0, 2.0, 1.86, 1.15], [1, 0, 2, 2, 1])
Episode: 23; Score: -5.617831574752927; Action: ([0.13, 1.03, 1.15, 1.04, 0.09], [0, 1, 1, 1, 0])
Episode: 24; Score: -2.966884959489107; Action: ([2.0, 1.02, 1.03, 0.02, 2.0], [2, 1, 1, 0, 2])
Episode: 25; Score: -7.218265771865845; Action: ([2.0, 1.15, 0.07, 2.0, 2.0], [2, 1, 0, 2, 2])
Episode: 26; Score: -3.2417012229561806; Action: ([1.12, 0.03, 2.0, 2.0, 0.85], [1, 0, 2, 2, 1])
Episode: 27; Score: -5.9810567907989025; Action: ([0.0, 0.81, 1.16, 1.05, 0.0], [0, 1, 1, 1, 0])
Episode: 28; Score: -3.272040233016014; Action: ([1.9, 0.91, 0.92, 0.0, 2.0], [2, 1, 1, 0, 2])
Episode: 29; Score: -1.0701786018908024; Action: ([2.0, 0.95, 0.0, 1.98, 2.0], [2, 1, 0, 2, 2])
Episode: 30; Score: -3.1752312779426575; Action: ([1.2, 0.07, 2.0, 1.91, 0.86], [1, 0, 2, 2, 1])
Episode: 31; Score: -6.04110143892467; Action: ([0.15, 0.82, 0.87, 1.02, 0.09], [0, 1, 1, 1, 0])
Episode: 32; Score: -3.1387636293075047; Action: ([1.92, 1.0, 0.79, 0.0, 2.0], [2, 1, 1, 0, 2])
Episode: 33; Score: -1.2307021021842957; Action: ([2.0, 0.82, 0.0, 1.95, 2.0], [2, 1, 0, 2, 2])
Episode: 34; Score: -3.22542592138052; Action: ([0.92, 0.0, 2.0, 2.0, 0.85], [1, 0, 2, 2, 1])
Episode: 35; Score: -3.1853542290627956; Action: ([0.0, 1.12, 0.94, 0.93, 0.19], [0, 1, 1, 1, 0])
Episode: 36; Score: -2.9530886486172676; Action: ([1.94, 0.99, 0.96, 0.16, 2.0], [2, 1, 1, 0, 2])
Episode: 37; Score: -6.933336332440376; Action: ([1.85, 1.08, 0.0, 2.0, 2.0], [2, 1, 0, 2, 2])
Episode: 38; Score: -6.001814786344767; Action: ([1.0, 0.01, 1.98, 2.0, 1.02], [1, 0, 2, 2, 1])
Episode: 39; Score: -6.055555820465088; Action: ([0.0, 1.13, 0.94, 0.98, 0.16], [0, 1, 1, 1, 0])
Episode: 40; Score: -6.02011127024889; Action: ([1.98, 1.07, 0.93, 0.05, 2.0], [2, 1, 1, 0, 2])
Episode: 41; Score: -6.661300119012594; Action: ([1.86, 0.96, 0.02, 1.82, 2.0], [2, 1, 0, 2, 2])
Episode: 42; Score: -5.934959806501865; Action: ([0.95, 0.05, 2.0, 2.0, 0.94], [1, 0, 2, 2, 1])
Episode: 43; Score: -3.232973173260689; Action: ([0.28, 0.87, 1.07, 0.89, 0.11], [0, 1, 1, 1, 0])
Episode: 44; Score: -2.3399299681186676; Action: ([2.0, 0.88, 0.79, 0.0, 1.99], [2, 1, 1, 0, 2])
Episode: 45; Score: -2.291721001267433; Action: ([2.0, 0.93, 0.0, 1.86, 1.92], [2, 1, 0, 2, 2])
Episode: 46; Score: -3.8973183892667294; Action: ([0.95, 0.0, 2.0, 2.0, 1.15], [1, 0, 2, 2, 1])
Episode: 47; Score: -5.995269540697336; Action: ([0.14, 1.03, 1.05, 0.82, 0.02], [0, 1, 1, 1, 0])
Episode: 48; Score: -5.890356108546257; Action: ([1.92, 1.06, 0.92, 0.0, 1.99], [2, 1, 1, 0, 2])
Episode: 49; Score: -1.0833343490958214; Action: ([1.99, 0.97, 0.0, 2.0, 1.95], [2, 1, 0, 2, 2])
Episode: 50; Score: -5.831968583166599; Action: ([1.12, 0.0, 2.0, 1.92, 0.79], [1, 0, 2, 2, 1])
Episode: 51; Score: -5.133071541786194; Action: ([0.0, 0.93, 0.91, 1.02, 0.0], [0, 1, 1, 1, 0])
Episode: 52; Score: -2.1965723372995853; Action: ([2.0, 1.08, 1.05, 0.04, 1.91], [2, 1, 1, 0, 2])
Episode: 53; Score: -6.727521657943726; Action: ([2.0, 0.83, 0.09, 1.94, 1.88], [2, 1, 0, 2, 2])
Episode: 54; Score: -3.2622761875391006; Action: ([0.83, 0.03, 2.0, 2.0, 1.12], [1, 0, 2, 2, 1])
Episode: 55; Score: -1.9845526631979737; Action: ([0.12, 1.0, 1.1, 1.04, 0.03], [0, 1, 1, 1, 0])
Episode: 56; Score: -3.0545683950185776; Action: ([2.0, 0.96, 1.02, 0.0, 1.97], [2, 1, 1, 0, 2])
Episode: 57; Score: -7.170550167560577; Action: ([2.0, 1.23, 0.1, 1.89, 1.95], [2, 1, 0, 2, 2])
Episode: 58; Score: -6.015390627086163; Action: ([0.88, 0.0, 1.98, 2.0, 1.15], [1, 0, 2, 2, 1])
Episode: 59; Score: -3.0645957067608833; Action: ([0.0, 1.1, 0.93, 0.93, 0.1], [0, 1, 1, 1, 0])
Episode: 60; Score: -2.8833303339779377; Action: ([1.84, 1.07, 0.96, 0.07, 2.0], [2, 1, 1, 0, 2])
Episode: 61; Score: -2.2003482207655907; Action: ([1.98, 0.94, 0.01, 2.0, 1.87], [2, 1, 0, 2, 2])
Episode: 62; Score: -6.121440947055817; Action: ([0.87, 0.0, 2.0, 1.97, 1.28], [1, 0, 2, 2, 1])
Episode: 63; Score: -2.1099302192451432; Action: ([0.02, 1.0, 0.93, 0.87, 0.07], [0, 1, 1, 1, 0])
Episode: 64; Score: -3.101832039654255; Action: ([2.0, 0.95, 0.87, 0.08, 2.0], [2, 1, 1, 0, 2])
Episode: 65; Score: -2.1230959743261337; Action: ([2.0, 1.14, 0.08, 1.98, 1.96], [2, 1, 0, 2, 2])
Episode: 66; Score: -2.9586960673332214; Action: ([0.98, 0.0, 1.96, 1.82, 1.15], [1, 0, 2, 2, 1])
Episode: 67; Score: -6.045177338644862; Action: ([0.05, 0.99, 0.88, 1.03, 0.0], [0, 1, 1, 1, 0])
Episode: 68; Score: -5.708031415939331; Action: ([1.9, 0.9, 0.9, 0.01, 2.0], [2, 1, 1, 0, 2])
Episode: 69; Score: -1.3605907335877419; Action: ([2.0, 0.89, 0.0, 2.0, 1.75], [2, 1, 0, 2, 2])
Episode: 70; Score: -6.184166378341615; Action: ([0.99, 0.0, 1.98, 1.97, 1.24], [1, 0, 2, 2, 1])
Episode: 71; Score: -5.956026213243604; Action: ([0.0, 1.12, 0.98, 1.06, 0.12], [0, 1, 1, 1, 0])
Episode: 72; Score: -2.258233692497015; Action: ([1.89, 0.96, 0.86, 0.03, 2.0], [2, 1, 1, 0, 2])
Episode: 73; Score: -1.0127056911587715; Action: ([1.99, 1.03, 0.04, 2.0, 2.0], [2, 1, 0, 2, 2])
Episode: 74; Score: -3.7985633239150047; Action: ([1.07, 0.01, 2.0, 1.97, 1.15], [1, 0, 2, 2, 1])
Episode: 75; Score: -3.0474248118698597; Action: ([0.0, 1.05, 1.05, 0.95, 0.0], [0, 1, 1, 1, 0])
Episode: 76; Score: -6.085422690957785; Action: ([1.94, 0.98, 1.03, 0.14, 2.0], [2, 1, 1, 0, 2])
Episode: 77; Score: -7.0539615675807; Action: ([2.0, 1.04, 0.01, 2.0, 2.0], [2, 1, 0, 2, 2])
Episode: 78; Score: -5.933607555925846; Action: ([0.99, 0.06, 1.99, 1.88, 1.02], [1, 0, 2, 2, 1])
Episode: 79; Score: -5.922201349399984; Action: ([0.0, 1.12, 0.99, 1.13, 0.08], [0, 1, 1, 1, 0])
Episode: 80; Score: -2.8539798762649298; Action: ([1.81, 0.96, 0.99, 0.01, 2.0], [2, 1, 1, 0, 2])
Episode: 81; Score: -6.849973171949387; Action: ([2.0, 0.9, 0.01, 1.94, 2.0], [2, 1, 0, 2, 2])
Episode: 82; Score: -3.0385126788169146; Action: ([0.89, 0.1, 2.0, 2.0, 0.97], [1, 0, 2, 2, 1])
Episode: 83; Score: -6.005874905735254; Action: ([0.02, 0.98, 0.88, 1.03, 0.08], [0, 1, 1, 1, 0])
Episode: 84; Score: -2.9561969190835953; Action: ([2.0, 1.18, 1.13, 0.09, 2.0], [2, 1, 1, 0, 2])
Episode: 85; Score: -6.994254156947136; Action: ([1.99, 1.07, 0.01, 1.93, 2.0], [2, 1, 0, 2, 2])
Episode: 86; Score: -2.8617716669104993; Action: ([1.0, 0.01, 1.97, 1.89, 0.99], [1, 0, 2, 2, 1])
Episode: 87; Score: -4.892829265445471; Action: ([0.0, 1.06, 1.01, 0.98, 0.21], [0, 1, 1, 1, 0])
Episode: 88; Score: -5.878194250166416; Action: ([1.9, 0.88, 1.18, 0.0, 1.91], [2, 1, 1, 0, 2])
Episode: 89; Score: -6.888187080621719; Action: ([1.99, 0.93, 0.08, 1.89, 2.0], [2, 1, 0, 2, 2])
Episode: 90; Score: -2.9407908618450165; Action: ([1.08, 0.03, 1.85, 1.93, 1.18], [1, 0, 2, 2, 1])
Episode: 91; Score: -2.315387275069952; Action: ([0.0, 0.98, 0.84, 1.17, 0.04], [0, 1, 1, 1, 0])
Episode: 92; Score: -3.1837438344955444; Action: ([2.0, 0.87, 1.15, 0.09, 2.0], [2, 1, 1, 0, 2])
Episode: 93; Score: -7.054598035290837; Action: ([2.0, 1.02, 0.04, 2.0, 2.0], [2, 1, 0, 2, 2])
Episode: 94; Score: -3.842142179608345; Action: ([1.16, 0.0, 1.89, 1.99, 0.9], [1, 0, 2, 2, 1])
Episode: 95; Score: -1.925172260031104; Action: ([0.07, 0.93, 0.98, 0.94, 0.16], [0, 1, 1, 1, 0])
Episode: 96; Score: -2.120616542175412; Action: ([2.0, 1.02, 0.9, 0.0, 2.0], [2, 1, 1, 0, 2])
Episode: 97; Score: -1.300396915525198; Action: ([1.94, 0.97, 0.0, 2.0, 1.8], [2, 1, 0, 2, 2])
Episode: 98; Score: -3.148876152932644; Action: ([0.89, 0.0, 1.92, 2.0, 0.88], [1, 0, 2, 2, 1])
Episode: 99; Score: -3.268016173504293; Action: ([0.04, 1.17, 1.07, 0.99, 0.0], [0, 1, 1, 1, 0])
Episode: 100; Score: -3.260548375546932; Action: ([1.97, 0.89, 0.87, 0.0, 2.0], [2, 1, 1, 0, 2])
Episode: 101; Score: -6.901064597070217; Action: ([1.95, 0.95, 0.0, 2.0, 2.0], [2, 1, 0, 2, 2])
Episode: 102; Score: -3.0157648846507072; Action: ([1.07, 0.13, 2.0, 1.92, 1.16], [1, 0, 2, 2, 1])
Episode: 103; Score: -3.1534392535686493; Action: ([0.02, 0.94, 1.05, 1.1, 0.04], [0, 1, 1, 1, 0])
Episode: 104; Score: -6.1514237858355045; Action: ([1.98, 1.03, 1.08, 0.06, 2.0], [2, 1, 1, 0, 2])
Episode: 105; Score: -3.9180762991309166; Action: ([2.0, 1.07, 0.11, 1.96, 2.0], [2, 1, 0, 2, 2])
Episode: 106; Score: -6.122264035046101; Action: ([0.93, 0.13, 2.0, 2.0, 1.06], [1, 0, 2, 2, 1])
Episode: 107; Score: -2.2595906257629395; Action: ([0.0, 0.82, 1.04, 1.05, 0.01], [0, 1, 1, 1, 0])
Episode: 108; Score: -2.1502957083284855; Action: ([1.97, 1.13, 1.05, 0.06, 2.0], [2, 1, 1, 0, 2])
Episode: 109; Score: -4.037612587213516; Action: ([2.0, 0.93, 0.03, 2.0, 2.0], [2, 1, 0, 2, 2])
Episode: 110; Score: -6.357819497585297; Action: ([1.24, 0.07, 1.96, 2.0, 1.09], [1, 0, 2, 2, 1])
Episode: 111; Score: -5.047647371888161; Action: ([0.13, 1.13, 0.98, 0.97, 0.0], [0, 1, 1, 1, 0])
Episode: 112; Score: -3.3250780552625656; Action: ([1.96, 1.25, 1.15, 0.02, 2.0], [2, 1, 1, 0, 2])
Episode: 113; Score: -1.045260600745678; Action: ([2.0, 1.06, 0.02, 2.0, 2.0], [2, 1, 0, 2, 2])
Episode: 114; Score: -3.172513820230961; Action: ([0.9, 0.0, 1.91, 2.0, 1.16], [1, 0, 2, 2, 1])
Episode: 115; Score: -5.9902783911675215; Action: ([0.1, 1.05, 0.92, 0.98, 0.06], [0, 1, 1, 1, 0])
Episode: 116; Score: -3.0114996023476124; Action: ([2.0, 1.09, 1.01, 0.09, 2.0], [2, 1, 1, 0, 2])
Episode: 117; Score: -1.2214650809764862; Action: ([1.93, 1.15, 0.0, 2.0, 2.0], [2, 1, 0, 2, 2])
Episode: 118; Score: -3.0902339220046997; Action: ([1.12, 0.0, 1.94, 1.93, 0.9], [1, 0, 2, 2, 1])
Episode: 119; Score: -2.88205968181137; Action: ([0.13, 0.85, 1.0, 0.87, 0.03], [0, 1, 1, 1, 0])
Episode: 120; Score: -2.0464776940643787; Action: ([2.0, 0.96, 1.16, 0.15, 2.0], [2, 1, 1, 0, 2])
Episode: 121; Score: -1.1617110632359982; Action: ([2.0, 1.01, 0.09, 2.0, 1.76], [2, 1, 0, 2, 2])
Episode: 122; Score: -3.0417566671967506; Action: ([0.92, 0.0, 1.92, 2.0, 1.11], [1, 0, 2, 2, 1])
Episode: 123; Score: -6.043126326570928; Action: ([0.05, 0.91, 1.0, 1.0, 0.0], [0, 1, 1, 1, 0])
Episode: 124; Score: -5.805912817362696; Action: ([2.0, 0.88, 1.01, 0.0, 1.92], [2, 1, 1, 0, 2])
Episode: 125; Score: -3.6762926653027534; Action: ([1.75, 1.06, 0.13, 2.0, 2.0], [2, 1, 0, 2, 2])
Episode: 126; Score: -3.703760229051113; Action: ([1.12, 0.11, 1.85, 2.0, 0.92], [1, 0, 2, 2, 1])
Episode: 127; Score: -5.95297506544739; Action: ([0.07, 0.92, 0.95, 0.99, 0.13], [0, 1, 1, 1, 0])
Episode: 128; Score: -2.4664054848253727; Action: ([1.8, 1.05, 0.88, 0.0, 1.91], [2, 1, 1, 0, 2])
Episode: 129; Score: -6.850670713931322; Action: ([1.93, 0.94, 0.0, 1.98, 2.0], [2, 1, 0, 2, 2])
Episode: 130; Score: -3.229157879948616; Action: ([0.89, 0.0, 2.0, 1.99, 1.13], [1, 0, 2, 2, 1])
Episode: 131; Score: -4.86401984654367; Action: ([0.0, 1.02, 1.02, 1.09, 0.09], [0, 1, 1, 1, 0])
Episode: 132; Score: -3.261850912705995; Action: ([2.0, 1.0, 0.83, 0.04, 1.87], [2, 1, 1, 0, 2])
Episode: 133; Score: -1.162306323647499; Action: ([2.0, 1.07, 0.12, 2.0, 1.79], [2, 1, 0, 2, 2])
Episode: 134; Score: -5.985339035280049; Action: ([0.99, 0.04, 2.0, 2.0, 0.96], [1, 0, 2, 2, 1])
Episode: 135; Score: -6.153037577867508; Action: ([0.0, 1.08, 0.66, 1.26, 0.0], [0, 1, 0, 1, 0])
Episode: 136; Score: -6.27331368625164; Action: ([1.99, 1.19, 1.1, 0.0, 2.0], [2, 1, 1, 0, 2])
Episode: 137; Score: -4.049516171216965; Action: ([1.83, 1.25, 0.03, 2.0, 2.0], [2, 1, 0, 2, 2])
Episode: 138; Score: -3.8879618048667908; Action: ([0.93, 0.13, 1.91, 2.0, 0.95], [1, 0, 2, 2, 1])
Episode: 139; Score: -2.9201868791133165; Action: ([0.0, 0.99, 0.95, 0.99, 0.0], [0, 1, 1, 1, 0])
Episode: 140; Score: -5.80152514949441; Action: ([1.99, 0.83, 0.96, 0.02, 2.0], [2, 1, 1, 0, 2])
Episode: 141; Score: -6.87402592971921; Action: ([1.96, 1.01, 0.04, 1.94, 1.93], [2, 1, 0, 2, 2])
Episode: 142; Score: -4.0453434670343995; Action: ([0.99, 0.0, 1.93, 1.93, 0.96], [1, 0, 2, 2, 1])
Episode: 143; Score: -5.237519159913063; Action: ([0.01, 0.87, 1.09, 0.95, 0.02], [0, 1, 1, 1, 0])
Episode: 144; Score: -3.0998025685548782; Action: ([2.0, 1.02, 0.85, 0.0, 1.93], [2, 1, 1, 0, 2])
Episode: 145; Score: -1.2425956726074219; Action: ([1.97, 0.86, 0.07, 2.0, 1.86], [2, 1, 0, 2, 2])
Episode: 146; Score: -5.622603952884674; Action: ([0.89, 0.0, 1.96, 1.9, 0.87], [1, 0, 2, 2, 1])
Episode: 147; Score: -4.991603821516037; Action: ([0.01, 1.02, 1.06, 0.98, 0.1], [0, 1, 1, 1, 0])
Episode: 148; Score: -2.1311076171696186; Action: ([2.0, 0.86, 0.96, 0.05, 2.0], [2, 1, 1, 0, 2])
Episode: 149; Score: -3.9134078957140446; Action: ([2.0, 1.06, 0.0, 1.98, 1.87], [2, 1, 0, 2, 2])
Episode: 150; Score: -2.965126782655716; Action: ([1.1, 0.2, 2.0, 1.9, 1.17], [1, 0, 2, 2, 1])
Episode: 151; Score: -3.029819034039974; Action: ([0.02, 1.07, 1.03, 0.89, 0.03], [0, 1, 1, 1, 0])
Episode: 152; Score: -3.273364059627056; Action: ([1.96, 1.17, 0.93, 0.01, 2.0], [2, 1, 1, 0, 2])
Episode: 153; Score: -2.231399491429329; Action: ([1.97, 1.25, 0.16, 1.93, 1.96], [2, 1, 0, 2, 2])
Episode: 154; Score: -3.346753317862749; Action: ([0.76, 0.0, 1.97, 1.95, 0.97], [1, 0, 2, 2, 1])
Episode: 155; Score: -6.1916865929961205; Action: ([0.0, 0.87, 0.89, 1.05, 0.0], [0, 1, 1, 1, 0])
Episode: 156; Score: -6.077277522534132; Action: ([2.0, 1.08, 1.06, 0.0, 1.95], [2, 1, 1, 0, 2])
Episode: 157; Score: -1.271753191947937; Action: ([1.96, 1.17, 0.0, 2.0, 1.94], [2, 1, 0, 2, 2])
Episode: 158; Score: -3.319232352077961; Action: ([0.92, 0.0, 2.0, 1.87, 0.88], [1, 0, 2, 2, 1])
Episode: 159; Score: -5.4316083416342735; Action: ([0.0, 1.17, 1.08, 0.82, 0.0], [0, 1, 1, 1, 0])
Episode: 160; Score: -3.1384154371917248; Action: ([2.0, 0.95, 0.91, 0.0, 2.0], [2, 1, 1, 0, 2])
Episode: 161; Score: -1.217596784234047; Action: ([2.0, 0.87, 0.0, 1.97, 1.94], [2, 1, 0, 2, 2])
Episode: 162; Score: -3.9475552942603827; Action: ([1.03, 0.0, 1.89, 2.0, 0.92], [1, 0, 2, 2, 1])
Episode: 163; Score: -2.1688055228441954; Action: ([0.0, 0.97, 1.11, 0.97, 0.0], [0, 1, 1, 1, 0])
Episode: 164; Score: -3.1498279720544815; Action: ([2.0, 1.1, 0.94, 0.0, 1.99], [2, 1, 1, 0, 2])
Episode: 165; Score: -2.132085070014; Action: ([2.0, 1.09, 0.0, 1.96, 2.0], [2, 1, 0, 2, 2])
Episode: 166; Score: -4.2819638177752495; Action: ([0.98, 0.02, 2.0, 1.81, 0.89], [1, 0, 2, 2, 1])
Episode: 167; Score: -4.982175757177174; Action: ([0.17, 1.14, 1.03, 1.02, 0.0], [0, 1, 1, 1, 0])
Episode: 168; Score: -6.024135814979672; Action: ([2.0, 1.05, 0.98, 0.0, 2.0], [2, 1, 1, 0, 2])
Episode: 169; Score: -1.0510432794690132; Action: ([2.0, 1.11, 0.06, 2.0, 2.0], [2, 1, 0, 2, 2])
Episode: 170; Score: -5.695684984326363; Action: ([1.08, 0.0, 1.88, 2.0, 0.73], [1, 0, 2, 2, 1])
Episode: 171; Score: -5.777448885142803; Action: ([0.0, 1.03, 1.16, 1.1, 0.0], [0, 1, 1, 1, 0])
Episode: 172; Score: -3.199024200439453; Action: ([2.0, 1.09, 1.11, 0.0, 2.0], [2, 1, 1, 0, 2])
Episode: 173; Score: -4.113797657191753; Action: ([2.0, 1.11, 0.0, 2.0, 2.0], [2, 1, 0, 2, 2])
Episode: 174; Score: -3.0279414132237434; Action: ([1.08, 0.05, 1.93, 1.9, 0.84], [1, 0, 2, 2, 1])
Episode: 175; Score: -2.9265254493802786; Action: ([0.0, 0.95, 1.02, 0.96, 0.0], [0, 1, 1, 1, 0])
Episode: 176; Score: -5.938256496563554; Action: ([1.81, 0.99, 1.14, 0.0, 2.0], [2, 1, 1, 0, 2])
Episode: 177; Score: -3.925759345293045; Action: ([2.0, 1.14, 0.0, 1.91, 1.88], [2, 1, 0, 2, 2])
Episode: 178; Score: -3.99340882897377; Action: ([0.84, 0.04, 1.89, 1.87, 1.16], [1, 0, 2, 2, 1])
Episode: 179; Score: -2.764443553984165; Action: ([0.0, 0.92, 0.92, 0.86, 0.06], [0, 1, 1, 1, 0])
Episode: 180; Score: -2.1674030628055334; Action: ([1.97, 1.02, 1.11, 0.0, 1.99], [2, 1, 1, 0, 2])
Episode: 181; Score: -6.93890424631536; Action: ([1.97, 1.02, 0.05, 1.9, 2.0], [2, 1, 0, 2, 2])
Episode: 182; Score: -3.57242314517498; Action: ([1.15, 0.1, 1.97, 2.0, 1.15], [1, 0, 2, 2, 1])
Episode: 183; Score: -2.290815144777298; Action: ([0.07, 1.08, 0.92, 1.21, 0.02], [0, 1, 1, 1, 0])
Episode: 184; Score: -3.176794493570924; Action: ([1.91, 1.02, 0.85, 0.09, 2.0], [2, 1, 1, 0, 2])
Episode: 185; Score: -6.854873672127724; Action: ([1.96, 0.9, 0.0, 2.0, 2.0], [2, 1, 0, 2, 2])
Episode: 186; Score: -3.2561734607443213; Action: ([0.85, 0.01, 2.0, 1.89, 0.99], [1, 0, 2, 2, 1])
Episode: 187; Score: -1.9581450251862407; Action: ([0.12, 1.03, 1.01, 1.05, 0.0], [0, 1, 1, 1, 0])
Episode: 188; Score: -3.163116402924061; Action: ([2.0, 0.91, 1.1, 0.02, 2.0], [2, 1, 1, 0, 2])
Episode: 189; Score: -2.2898536287248135; Action: ([1.97, 0.94, 0.03, 1.89, 1.88], [2, 1, 0, 2, 2])
Episode: 190; Score: -5.985736690461636; Action: ([1.07, 0.0, 2.0, 2.0, 0.92], [1, 0, 2, 2, 1])
Episode: 191; Score: -4.923138216137886; Action: ([0.13, 1.05, 1.17, 1.16, 0.0], [0, 1, 1, 1, 0])
Episode: 192; Score: -2.530201241374016; Action: ([1.79, 1.1, 0.81, 0.0, 1.97], [2, 1, 1, 0, 2])
Episode: 193; Score: -6.921458177268505; Action: ([2.0, 0.92, 0.01, 1.99, 2.0], [2, 1, 0, 2, 2])
Episode: 194; Score: -5.534717746078968; Action: ([0.76, 0.0, 2.0, 1.72, 1.06], [1, 0, 2, 2, 1])
Episode: 195; Score: -4.992819886654615; Action: ([0.06, 0.99, 0.93, 0.95, 0.08], [0, 1, 1, 1, 0])
Episode: 196; Score: -5.841491177678108; Action: ([2.0, 0.9, 0.94, 0.0, 2.0], [2, 1, 1, 0, 2])
Episode: 197; Score: -1.2208916023373604; Action: ([1.96, 0.94, 0.07, 2.0, 1.8], [2, 1, 0, 2, 2])
Episode: 198; Score: -3.8411626629531384; Action: ([1.1, 0.0, 1.99, 2.0, 1.05], [1, 0, 2, 2, 1])
Episode: 199; Score: -5.152771367225796; Action: ([0.0, 1.0, 1.12, 0.97, 0.0], [0, 1, 1, 1, 0])
Episode: 200; Score: -2.180861369241029; Action: ([2.0, 0.96, 1.01, 0.0, 1.86], [2, 1, 1, 0, 2])
Episode: 201; Score: -0.9440437406301498; Action: ([2.0, 0.94, 0.11, 2.0, 2.0], [2, 1, 0, 2, 2])
Episode: 202; Score: -2.9253808185458183; Action: ([0.9, 0.11, 2.0, 2.0, 1.07], [1, 0, 2, 2, 1])
Episode: 203; Score: -5.090762741863728; Action: ([0.0, 1.09, 0.93, 1.06, 0.02], [0, 1, 1, 1, 0])
Episode: 204; Score: -3.1729361340403557; Action: ([2.0, 1.23, 0.99, 0.07, 2.0], [2, 1, 1, 0, 2])
Episode: 205; Score: -1.2544236183166504; Action: ([2.0, 0.92, 0.0, 1.83, 2.0], [2, 1, 0, 2, 2])
Episode: 206; Score: -4.135819089598954; Action: ([0.86, 0.0, 2.0, 2.0, 1.01], [1, 0, 2, 2, 1])
Episode: 207; Score: -5.0588538609445095; Action: ([0.0, 0.98, 0.9, 1.07, 0.0], [0, 1, 1, 1, 0])
Episode: 208; Score: -2.7475302163511515; Action: ([1.86, 1.0, 0.97, 0.07, 1.92], [2, 1, 1, 0, 2])
Episode: 209; Score: -1.1121045872569084; Action: ([1.95, 0.91, 0.03, 2.0, 2.0], [2, 1, 0, 2, 2])
Episode: 210; Score: -2.915266066789627; Action: ([0.9, 0.0, 1.89, 1.9, 1.02], [1, 0, 2, 2, 1])
Episode: 211; Score: -3.2964945444837213; Action: ([0.0, 1.04, 0.99, 1.22, 0.04], [0, 1, 1, 1, 0])
Episode: 212; Score: -3.21192766726017; Action: ([2.0, 1.16, 1.07, 0.0, 1.98], [2, 1, 1, 0, 2])
Episode: 213; Score: -1.59345643222332; Action: ([1.96, 1.15, 0.0, 1.91, 1.68], [2, 1, 0, 2, 2])
Episode: 214; Score: -3.053308978676796; Action: ([1.14, 0.0, 2.0, 1.85, 1.06], [1, 0, 2, 2, 1])
Episode: 215; Score: -3.0168048962950706; Action: ([0.04, 0.89, 0.95, 1.11, 0.02], [0, 1, 1, 1, 0])
Episode: 216; Score: -3.1053953766822815; Action: ([2.0, 1.08, 0.95, 0.0, 1.98], [2, 1, 1, 0, 2])
Episode: 217; Score: -4.0156541764736176; Action: ([1.94, 1.15, 0.07, 2.0, 2.0], [2, 1, 0, 2, 2])
Episode: 218; Score: -2.712880030274391; Action: ([0.93, 0.29, 1.98, 1.95, 1.13], [1, 0, 2, 2, 1])
Episode: 219; Score: -5.985395792871714; Action: ([0.0, 1.03, 1.05, 1.0, 0.0], [0, 1, 1, 1, 0])
Episode: 220; Score: -2.225426781922579; Action: ([1.89, 1.04, 0.92, 0.0, 2.0], [2, 1, 1, 0, 2])
Episode: 221; Score: -6.941847490146756; Action: ([2.0, 0.99, 0.0, 2.0, 1.95], [2, 1, 0, 2, 2])
Episode: 222; Score: -3.807417742908001; Action: ([1.09, 0.04, 2.0, 1.93, 1.13], [1, 0, 2, 2, 1])
Episode: 223; Score: -5.822866356000304; Action: ([0.0, 0.88, 1.02, 1.08, 0.2], [0, 1, 1, 1, 0])
Episode: 224; Score: -3.1444003097712994; Action: ([2.0, 0.97, 1.15, 0.04, 2.0], [2, 1, 1, 0, 2])
Episode: 225; Score: -1.1386763574555516; Action: ([1.99, 0.99, 0.0, 1.89, 2.0], [2, 1, 0, 2, 2])
Episode: 226; Score: -5.885871760547161; Action: ([1.1, 0.0, 2.0, 1.86, 0.93], [1, 0, 2, 2, 1])
Episode: 227; Score: -3.128222423605621; Action: ([0.18, 0.99, 1.06, 0.9, 0.0], [0, 1, 1, 1, 0])
Episode: 228; Score: -5.8429982122033834; Action: ([2.0, 1.01, 0.9, 0.0, 1.93], [2, 1, 1, 0, 2])
Episode: 229; Score: -2.1773256808519363; Action: ([1.9, 0.86, 0.05, 2.0, 2.0], [2, 1, 0, 2, 2])
Episode: 230; Score: -3.2053787410259247; Action: ([1.08, 0.0, 1.93, 2.0, 1.19], [1, 0, 2, 2, 1])
Episode: 231; Score: -6.094318151473999; Action: ([0.0, 0.99, 0.97, 0.94, 0.0], [0, 1, 1, 1, 0])
Episode: 232; Score: -3.068182572722435; Action: ([2.0, 1.08, 0.91, 0.0, 1.9], [2, 1, 1, 0, 2])
Episode: 233; Score: -3.957628156989813; Action: ([2.0, 1.06, 0.0, 1.9, 2.0], [2, 1, 0, 2, 2])
Episode: 234; Score: -3.0280061028897762; Action: ([0.89, 0.04, 2.0, 2.0, 1.05], [1, 0, 2, 2, 1])
Episode: 235; Score: -4.789820741862059; Action: ([0.21, 0.96, 0.94, 1.07, 0.04], [0, 1, 1, 1, 0])
Episode: 236; Score: -2.3369568437337875; Action: ([2.0, 0.92, 0.68, 0.12, 1.94], [2, 1, 1, 0, 2])
Episode: 237; Score: -1.3223476149141788; Action: ([2.0, 0.97, 0.0, 1.81, 1.9], [2, 1, 0, 2, 2])
Episode: 238; Score: -5.861151784658432; Action: ([0.91, 0.0, 1.99, 2.0, 0.96], [1, 0, 2, 2, 1])
Episode: 239; Score: -5.602221504319459; Action: ([0.0, 1.01, 1.09, 1.23, 0.08], [0, 1, 1, 1, 0])
Episode: 240; Score: -2.841367502231151; Action: ([2.0, 1.01, 1.17, 0.0, 2.0], [2, 1, 1, 0, 2])
Episode: 241; Score: -3.8791951797902584; Action: ([1.95, 1.05, 0.12, 2.0, 2.0], [2, 1, 0, 2, 2])
Episode: 242; Score: -4.0035356767475605; Action: ([0.97, 0.0, 1.84, 1.93, 0.94], [1, 0, 2, 2, 1])
Episode: 243; Score: -5.87853304669261; Action: ([0.07, 1.07, 1.09, 1.03, 0.0], [0, 1, 1, 1, 0])
Episode: 244; Score: -2.956749400589615; Action: ([1.93, 0.97, 1.0, 0.01, 2.0], [2, 1, 1, 0, 2])
Episode: 245; Score: -1.9958834173157811; Action: ([1.92, 0.99, 0.09, 2.0, 2.0], [2, 1, 0, 2, 2])
Episode: 246; Score: -6.064589161425829; Action: ([1.05, 0.06, 2.0, 2.0, 0.96], [1, 0, 2, 2, 1])
Episode: 247; Score: -2.2068915218114853; Action: ([0.0, 1.13, 1.04, 0.94, 0.02], [0, 1, 1, 1, 0])
Episode: 248; Score: -2.3128513023257256; Action: ([1.89, 1.08, 0.83, 0.04, 2.0], [2, 1, 1, 0, 2])
Episode: 249; Score: -1.109662726521492; Action: ([1.96, 0.98, 0.01, 2.0, 1.94], [2, 1, 0, 2, 2])
Episode: 250; Score: -3.7440384794026613; Action: ([1.02, 0.0, 1.89, 1.98, 1.15], [1, 0, 2, 2, 1])
Episode: 251; Score: -5.9732530396431684; Action: ([0.02, 0.99, 0.93, 0.97, 0.12], [0, 1, 1, 1, 0])
Episode: 252; Score: -5.819459967315197; Action: ([2.0, 1.07, 0.92, 0.01, 1.81], [2, 1, 1, 0, 2])
Episode: 253; Score: -1.068753108382225; Action: ([1.89, 1.08, 0.12, 2.0, 2.0], [2, 1, 0, 2, 2])
Episode: 254; Score: -3.87406587600708; Action: ([0.93, 0.09, 1.9, 1.92, 1.08], [1, 0, 2, 2, 1])
Episode: 255; Score: -2.771233333274722; Action: ([0.06, 0.98, 0.89, 0.84, 0.0], [0, 1, 1, 1, 0])
Episode: 256; Score: -3.1705632377415895; Action: ([2.0, 1.15, 1.02, 0.0, 2.0], [2, 1, 1, 0, 2])
Episode: 257; Score: -3.840522062033415; Action: ([2.0, 0.96, 0.0, 1.97, 1.84], [2, 1, 0, 2, 2])
Episode: 258; Score: -4.083590615540743; Action: ([0.95, 0.05, 2.0, 2.0, 0.92], [1, 0, 2, 2, 1])
Episode: 259; Score: -2.228586621582508; Action: ([0.0, 0.91, 1.06, 1.1, 0.02], [0, 1, 1, 1, 0])
Episode: 260; Score: -2.198293127119541; Action: ([2.0, 1.11, 1.18, 0.09, 2.0], [2, 1, 1, 0, 2])
Episode: 261; Score: -6.892107702791691; Action: ([1.87, 1.07, 0.0, 1.95, 2.0], [2, 1, 0, 2, 2])
Episode: 262; Score: -3.0717094875872135; Action: ([1.05, 0.0, 1.86, 2.0, 0.85], [1, 0, 2, 2, 1])
Episode: 263; Score: -5.373193787410855; Action: ([0.02, 0.78, 0.97, 0.85, 0.0], [0, 1, 1, 1, 0])
Episode: 264; Score: -6.091823682188988; Action: ([2.0, 1.2, 0.85, 0.04, 2.0], [2, 1, 1, 0, 2])
Episode: 265; Score: -6.865238144993782; Action: ([2.0, 0.87, 0.0, 2.0, 2.0], [2, 1, 0, 2, 2])
Episode: 266; Score: -3.1312961562070996; Action: ([1.13, 0.0, 2.0, 2.0, 1.0], [1, 0, 2, 2, 1])
Episode: 267; Score: -3.1883905678987503; Action: ([0.0, 0.85, 1.14, 1.16, 0.05], [0, 1, 1, 1, 0])
Episode: 268; Score: -2.8960560020059347; Action: ([1.95, 0.97, 0.92, 0.08, 1.92], [2, 1, 1, 0, 2])
Episode: 269; Score: -3.7953913966193795; Action: ([2.0, 1.01, 0.16, 2.0, 1.94], [2, 1, 0, 2, 2])
Episode: 270; Score: -3.070835675112903; Action: ([0.85, 0.0, 1.99, 1.92, 0.99], [1, 0, 2, 2, 1])
Episode: 271; Score: -2.290606986731291; Action: ([0.0, 1.01, 1.06, 1.21, 0.0], [0, 1, 1, 1, 0])
Episode: 272; Score: -3.1932071521878242; Action: ([2.0, 1.18, 1.07, 0.06, 2.0], [2, 1, 1, 0, 2])
Episode: 273; Score: -7.087739050388336; Action: ([2.0, 1.18, 0.0, 2.0, 1.91], [2, 1, 0, 2, 2])
Episode: 274; Score: -3.933409904129803; Action: ([1.06, 0.09, 2.0, 1.94, 0.98], [1, 0, 2, 2, 1])
Episode: 275; Score: -2.3864413052797318; Action: ([0.0, 1.17, 1.1, 1.12, 0.0], [0, 1, 1, 1, 0])
Episode: 276; Score: -6.0077231377363205; Action: ([1.99, 1.09, 0.98, 0.05, 1.89], [2, 1, 1, 0, 2])
Episode: 277; Score: -3.9105315767228603; Action: ([1.9, 1.06, 0.04, 2.0, 1.99], [2, 1, 0, 2, 2])
Episode: 278; Score: -2.9786342298612; Action: ([1.01, 0.0, 1.91, 2.0, 1.1], [1, 0, 2, 2, 1])
Episode: 279; Score: -4.9545917827636; Action: ([0.0, 1.04, 1.03, 0.94, 0.18], [0, 1, 1, 1, 0])
Episode: 280; Score: -2.8411621190607548; Action: ([1.92, 0.94, 1.1, 0.23, 2.0], [2, 1, 1, 0, 2])
Episode: 281; Score: -7.037272937595844; Action: ([2.0, 0.93, 0.12, 1.99, 2.0], [2, 1, 0, 2, 2])
Episode: 282; Score: -3.0559899657964706; Action: ([1.1, 0.01, 1.9, 2.0, 1.07], [1, 0, 2, 2, 1])
Episode: 283; Score: -5.298633499071002; Action: ([0.03, 0.88, 1.03, 0.81, 0.0], [0, 1, 1, 1, 0])
Episode: 284; Score: -2.2586198057979345; Action: ([2.0, 0.98, 1.16, 0.0, 1.92], [2, 1, 1, 0, 2])
Episode: 285; Score: -2.2901626247912645; Action: ([1.79, 0.99, 0.0, 1.94, 2.0], [2, 1, 0, 2, 2])
Episode: 286; Score: -3.1146920695900917; Action: ([1.05, 0.0, 2.0, 2.0, 0.93], [1, 0, 2, 2, 1])
Episode: 287; Score: -6.239075338933617; Action: ([0.03, 1.21, 0.93, 1.01, 0.0], [0, 1, 1, 1, 0])
Episode: 288; Score: -2.1884642988443375; Action: ([2.0, 1.09, 0.81, 0.09, 2.0], [2, 1, 1, 0, 2])
Episode: 289; Score: -6.783901451155543; Action: ([1.9, 0.99, 0.0, 1.92, 1.99], [2, 1, 0, 2, 2])
Episode: 290; Score: -3.897789082955569; Action: ([0.99, 0.08, 1.99, 1.92, 1.09], [1, 0, 2, 2, 1])
Episode: 291; Score: -5.086171289905906; Action: ([0.0, 1.14, 1.05, 0.98, 0.13], [0, 1, 1, 1, 0])
Episode: 292; Score: -2.865541197359562; Action: ([2.0, 0.93, 1.17, 0.05, 1.98], [2, 1, 1, 0, 2])
Episode: 293; Score: -1.1882027983665466; Action: ([2.0, 0.81, 0.0, 2.0, 2.0], [2, 1, 0, 2, 2])
Episode: 294; Score: -3.273798480629921; Action: ([1.19, 0.0, 1.91, 2.0, 0.83], [1, 0, 2, 2, 1])
Episode: 295; Score: -4.830231814878061; Action: ([0.1, 0.98, 1.0, 1.1, 0.0], [0, 1, 1, 1, 0])
Episode: 296; Score: -5.670500352978706; Action: ([1.83, 0.9, 0.94, 0.0, 2.0], [2, 1, 1, 0, 2])
Episode: 297; Score: -2.058471377938986; Action: ([2.0, 1.06, 0.0, 2.0, 2.0], [2, 1, 0, 2, 2])
Episode: 298; Score: -3.0319133922457695; Action: ([0.93, 0.0, 2.0, 1.9, 1.06], [1, 0, 2, 2, 1])
Episode: 299; Score: -3.3856003880500793; Action: ([0.11, 1.14, 1.05, 1.09, 0.0], [0, 1, 1, 1, 0])
Episode: 300; Score: -2.202236771583557; Action: ([2.0, 1.15, 1.07, 0.01, 2.0], [2, 1, 1, 0, 2])
Episode: 301; Score: -3.9401261787861586; Action: ([2.0, 0.97, 0.0, 2.0, 1.91], [2, 1, 0, 2, 2])
Episode: 302; Score: -3.120262384414673; Action: ([0.95, 0.0, 2.0, 2.0, 0.93], [1, 0, 2, 2, 1])
Episode: 303; Score: -3.0828463789075613; Action: ([0.13, 1.02, 1.06, 0.88, 0.0], [0, 1, 1, 1, 0])
Episode: 304; Score: -2.9838147945702076; Action: ([2.0, 1.05, 1.04, 0.04, 1.94], [2, 1, 1, 0, 2])
Episode: 305; Score: -6.7586905509233475; Action: ([1.96, 0.87, 0.0, 1.97, 1.96], [2, 1, 0, 2, 2])
Episode: 306; Score: -3.0211980808526278; Action: ([0.98, 0.13, 2.0, 2.0, 1.13], [1, 0, 2, 2, 1])
Episode: 307; Score: -2.1616590097546577; Action: ([0.0, 1.02, 0.94, 1.08, 0.0], [0, 1, 1, 1, 0])
Episode: 308; Score: -2.044933143770322; Action: ([2.0, 1.0, 1.04, 0.0, 2.0], [2, 1, 1, 0, 2])
Episode: 309; Score: -2.1596431732177734; Action: ([1.98, 1.14, 0.0, 2.0, 2.0], [2, 1, 0, 2, 2])
Episode: 310; Score: -3.0107336062937975; Action: ([1.02, 0.0, 1.91, 1.93, 1.15], [1, 0, 2, 2, 1])
Episode: 311; Score: -2.0327037161405315; Action: ([0.03, 1.0, 0.91, 1.0, 0.03], [0, 1, 1, 1, 0])
Episode: 312; Score: -6.1257981192320585; Action: ([2.0, 0.99, 1.09, 0.05, 2.0], [2, 1, 1, 0, 2])
Episode: 313; Score: -4.130209967494011; Action: ([2.0, 0.85, 0.0, 2.0, 1.98], [2, 1, 0, 2, 2])
Episode: 314; Score: -3.1207956075668335; Action: ([1.11, 0.07, 2.0, 2.0, 1.09], [1, 0, 2, 2, 1])
Episode: 315; Score: -6.254360964056104; Action: ([0.0, 1.08, 1.0, 0.78, 0.04], [0, 1, 1, 1, 0])
Episode: 316; Score: -5.863616704940796; Action: ([1.86, 1.15, 0.83, 0.02, 2.0], [2, 1, 1, 0, 2])
Episode: 317; Score: -6.912475377321243; Action: ([2.0, 0.91, 0.0, 2.0, 2.0], [2, 1, 0, 2, 2])
Episode: 318; Score: -3.0483201863244176; Action: ([0.96, 0.0, 2.0, 2.0, 0.99], [1, 0, 2, 2, 1])
Episode: 319; Score: -4.72282182238996; Action: ([0.19, 0.97, 1.14, 1.16, 0.08], [0, 1, 1, 1, 0])
Episode: 320; Score: -5.981096569041256; Action: ([1.83, 1.0, 1.17, 0.05, 1.93], [2, 1, 1, 0, 2])
Episode: 321; Score: -1.256544016301632; Action: ([1.95, 0.88, 0.0, 1.91, 2.0], [2, 1, 0, 2, 2])
Episode: 322; Score: -3.974243890494108; Action: ([0.89, 0.0, 1.92, 2.0, 1.06], [1, 0, 2, 2, 1])
Episode: 323; Score: -3.008555246517062; Action: ([0.0, 0.96, 1.03, 1.02, 0.0], [0, 1, 1, 1, 0])
Episode: 324; Score: -2.0760860219597816; Action: ([2.0, 0.95, 0.95, 0.03, 2.0], [2, 1, 1, 0, 2])
Episode: 325; Score: -7.090016685426235; Action: ([2.0, 1.1, 0.0, 1.99, 2.0], [2, 1, 0, 2, 2])
Episode: 326; Score: -2.9910537153482437; Action: ([1.07, 0.01, 1.89, 2.0, 0.96], [1, 0, 2, 2, 1])
Episode: 327; Score: -3.130636837333441; Action: ([0.0, 1.14, 1.0, 0.99, 0.0], [0, 1, 1, 1, 0])
Episode: 328; Score: -2.970017595216632; Action: ([1.92, 1.02, 1.11, 0.04, 1.97], [2, 1, 1, 0, 2])
Episode: 329; Score: -2.107506338506937; Action: ([2.0, 0.95, 0.0, 2.0, 1.95], [2, 1, 0, 2, 2])
Episode: 330; Score: -3.870106890797615; Action: ([1.24, 0.0, 2.0, 2.0, 0.89], [1, 0, 2, 2, 1])
Episode: 331; Score: -2.1267346404492855; Action: ([0.0, 1.03, 1.08, 0.96, 0.02], [0, 1, 1, 1, 0])
Episode: 332; Score: -6.316942490637302; Action: ([1.9, 0.97, 1.24, 0.22, 2.0], [2, 1, 1, 0, 2])
Episode: 333; Score: -1.059864442795515; Action: ([2.0, 0.95, 0.0, 2.0, 2.0], [2, 1, 0, 2, 2])
Episode: 334; Score: -3.184292155317962; Action: ([0.93, 0.0, 1.87, 2.0, 1.01], [1, 0, 2, 2, 1])
Episode: 335; Score: -3.038201328366995; Action: ([0.0, 0.88, 0.94, 1.04, 0.17], [0, 1, 1, 1, 0])
Episode: 336; Score: -3.080599792301655; Action: ([1.99, 1.1, 0.93, 0.04, 1.96], [2, 1, 1, 0, 2])
Episode: 337; Score: -7.143143139779568; Action: ([2.0, 1.04, 0.15, 1.95, 2.0], [2, 1, 0, 2, 2])
Episode: 338; Score: -2.909354317933321; Action: ([1.12, 0.0, 1.92, 2.0, 1.06], [1, 0, 2, 2, 1])
Episode: 339; Score: -3.0996589735150337; Action: ([0.05, 1.1, 0.86, 1.08, 0.02], [0, 1, 1, 1, 0])
Episode: 340; Score: -2.1406348664313555; Action: ([1.92, 0.96, 1.03, 0.11, 1.89], [2, 1, 1, 0, 2])
Episode: 341; Score: -2.2960391640663147; Action: ([1.85, 1.1, 0.0, 1.96, 2.0], [2, 1, 0, 2, 2])
Episode: 342; Score: -3.139763545244932; Action: ([0.9, 0.0, 2.0, 2.0, 0.96], [1, 0, 2, 2, 1])
Episode: 343; Score: -2.0589097789488733; Action: ([0.0, 1.0, 0.97, 0.97, 0.0], [0, 1, 1, 1, 0])
Episode: 344; Score: -5.864392621442676; Action: ([2.0, 0.99, 0.98, 0.0, 1.9], [2, 1, 1, 0, 2])
Episode: 345; Score: -1.1928853169083595; Action: ([1.99, 0.96, 0.0, 1.87, 2.0], [2, 1, 0, 2, 2])
Episode: 346; Score: -3.8926938557997346; Action: ([1.01, 0.0, 1.98, 2.0, 1.07], [1, 0, 2, 2, 1])
Episode: 347; Score: -5.10542200319469; Action: ([0.0, 1.06, 1.13, 1.03, 0.06], [0, 1, 1, 1, 0])
Episode: 348; Score: -3.0372647792100906; Action: ([1.96, 0.98, 1.06, 0.0, 2.0], [2, 1, 1, 0, 2])
Episode: 349; Score: -1.1609524711966515; Action: ([2.0, 1.11, 0.05, 2.0, 1.9], [2, 1, 0, 2, 2])
Episode: 350; Score: -5.991489510983229; Action: ([1.04, 0.0, 2.0, 1.99, 0.96], [1, 0, 2, 2, 1])
Episode: 351; Score: -6.061901431530714; Action: ([0.0, 0.78, 1.06, 1.1, 0.0], [0, 1, 1, 1, 0])
Episode: 352; Score: -2.068470638245344; Action: ([1.99, 0.97, 1.03, 0.0, 2.0], [2, 1, 1, 0, 2])
Episode: 353; Score: -4.005257502198219; Action: ([1.97, 0.86, 0.0, 2.0, 1.9], [2, 1, 0, 2, 2])
Episode: 354; Score: -6.1330635622143745; Action: ([0.88, 0.12, 1.98, 2.0, 1.15], [1, 0, 2, 2, 1])
Episode: 355; Score: -2.1283230376429856; Action: ([0.0, 0.97, 1.01, 0.88, 0.03], [0, 1, 1, 1, 0])
Episode: 356; Score: -6.16423000022769; Action: ([2.0, 1.06, 0.94, 0.17, 2.0], [2, 1, 1, 0, 2])
Episode: 357; Score: -2.1011761822737753; Action: ([1.99, 0.99, 0.0, 1.92, 2.0], [2, 1, 0, 2, 2])
Episode: 358; Score: -6.15386875718832; Action: ([1.22, 0.05, 2.0, 2.0, 0.88], [1, 0, 2, 2, 1])
Episode: 359; Score: -5.0023547783494; Action: ([0.03, 0.92, 0.82, 1.22, 0.0], [0, 1, 1, 1, 0])
Episode: 360; Score: -3.073584206402302; Action: ([2.0, 0.91, 1.1, 0.04, 1.88], [2, 1, 1, 0, 2])
Episode: 361; Score: -1.2412459403276443; Action: ([1.85, 1.09, 0.08, 2.0, 1.92], [2, 1, 0, 2, 2])
Episode: 362; Score: -6.0815321914851665; Action: ([1.08, 0.0, 1.94, 2.0, 1.06], [1, 0, 2, 2, 1])
Episode: 363; Score: -5.790231514722109; Action: ([0.0, 1.04, 1.08, 1.08, 0.09], [0, 1, 1, 1, 0])
Episode: 364; Score: -3.0429643047973514; Action: ([2.0, 0.96, 0.99, 0.0, 2.0], [2, 1, 1, 0, 2])
Episode: 365; Score: -1.1494160443544388; Action: ([1.99, 1.07, 0.0, 1.93, 2.0], [2, 1, 0, 2, 2])
Episode: 366; Score: -3.094308855943382; Action: ([1.01, 0.0, 1.95, 2.0, 1.13], [1, 0, 2, 2, 1])
Episode: 367; Score: -6.064108400372788; Action: ([0.0, 1.13, 1.01, 1.0, 0.05], [0, 1, 1, 1, 0])
Episode: 368; Score: -3.126375690102577; Action: ([1.91, 0.9, 0.86, 0.01, 1.98], [2, 1, 1, 0, 2])
Episode: 369; Score: -3.7972315549850464; Action: ([2.0, 1.05, 0.06, 1.81, 2.0], [2, 1, 0, 2, 2])
Episode: 370; Score: -3.1310401000082493; Action: ([1.04, 0.0, 1.99, 2.0, 0.9], [1, 0, 2, 2, 1])
Episode: 371; Score: -2.402739532291889; Action: ([0.0, 1.16, 1.1, 1.15, 0.01], [0, 1, 1, 1, 0])
Episode: 372; Score: -5.82672456651926; Action: ([2.0, 1.04, 0.79, 0.08, 1.91], [2, 1, 1, 0, 2])
Episode: 373; Score: -2.0344463530927896; Action: ([2.0, 1.02, 0.0, 2.0, 1.98], [2, 1, 0, 2, 2])
Episode: 374; Score: -4.088346857577562; Action: ([0.84, 0.0, 1.99, 2.0, 1.06], [1, 0, 2, 2, 1])
Episode: 375; Score: -5.7373351734131575; Action: ([0.0, 0.94, 1.03, 1.1, 0.19], [0, 1, 1, 1, 0])
Episode: 376; Score: -3.0945839025080204; Action: ([2.0, 1.18, 0.98, 0.11, 2.0], [2, 1, 1, 0, 2])
Episode: 377; Score: -6.9807705245912075; Action: ([1.92, 1.04, 0.1, 1.92, 2.0], [2, 1, 0, 2, 2])
Episode: 378; Score: -2.9686675891280174; Action: ([0.86, 0.18, 1.98, 1.99, 1.05], [1, 0, 2, 2, 1])
Episode: 379; Score: -5.239503521472216; Action: ([0.0, 0.87, 1.07, 0.96, 0.0], [0, 1, 1, 1, 0])
Episode: 380; Score: -3.0563055649399757; Action: ([2.0, 1.04, 1.15, 0.0, 1.83], [2, 1, 1, 0, 2])
Episode: 381; Score: -1.0446424931287766; Action: ([2.0, 1.12, 0.08, 2.0, 2.0], [2, 1, 0, 2, 2])
Episode: 382; Score: -2.9046322035137564; Action: ([1.0, 0.0, 2.0, 1.87, 1.03], [1, 0, 2, 2, 1])
Episode: 383; Score: -2.847731087356806; Action: ([0.0, 1.05, 0.87, 0.93, 0.0], [0, 1, 1, 1, 0])
Episode: 384; Score: -2.9863204630091786; Action: ([2.0, 1.06, 0.98, 0.04, 1.96], [2, 1, 1, 0, 2])
Episode: 385; Score: -1.1744597116485238; Action: ([1.91, 0.99, 0.0, 1.94, 1.99], [2, 1, 0, 2, 2])
Episode: 386; Score: -5.6959855407476425; Action: ([1.08, 0.01, 1.82, 2.0, 0.79], [1, 0, 2, 2, 1])
Episode: 387; Score: -5.118858331814408; Action: ([0.0, 0.98, 1.15, 1.05, 0.0], [0, 1, 1, 1, 0])
Episode: 388; Score: -5.748974669724703; Action: ([1.83, 0.95, 0.97, 0.0, 2.0], [2, 1, 1, 0, 2])
Episode: 389; Score: -3.989133298397064; Action: ([2.0, 1.06, 0.0, 1.93, 2.0], [2, 1, 0, 2, 2])
Episode: 390; Score: -6.073873661458492; Action: ([1.05, 0.0, 2.0, 1.99, 1.04], [1, 0, 2, 2, 1])
Episode: 391; Score: -2.032456334680319; Action: ([0.0, 0.97, 1.07, 1.05, 0.12], [0, 1, 1, 1, 0])
Episode: 392; Score: -3.078520741313696; Action: ([2.0, 0.97, 1.1, 0.09, 1.76], [2, 1, 1, 0, 2])
Episode: 393; Score: -2.0137424409913365; Action: ([2.0, 1.0, 0.02, 1.97, 2.0], [2, 1, 0, 2, 2])
Episode: 394; Score: -3.018921159207821; Action: ([1.09, 0.06, 2.0, 2.0, 0.83], [1, 0, 2, 2, 1])
Episode: 395; Score: -5.02203243970871; Action: ([0.0, 1.09, 0.82, 1.2, 0.06], [0, 1, 1, 1, 0])
Episode: 396; Score: -1.9404813162982464; Action: ([2.0, 1.0, 0.98, 0.08, 2.0], [2, 1, 1, 0, 2])
Episode: 397; Score: -7.282800540328026; Action: ([2.0, 1.07, 0.29, 1.92, 2.0], [2, 1, 0, 2, 2])
Episode: 398; Score: -4.010682217776775; Action: ([0.81, 0.03, 1.85, 1.94, 1.06], [1, 0, 2, 2, 1])
Episode: 399; Score: -2.1786531023681164; Action: ([0.0, 0.89, 0.98, 0.95, 0.0], [0, 1, 1, 1, 0])
Episode: 400; Score: -2.441095095127821; Action: ([1.91, 1.02, 0.86, 0.0, 1.81], [2, 1, 1, 0, 2])
Episode: 401; Score: -2.0695134438574314; Action: ([1.96, 0.97, 0.1, 1.93, 1.97], [2, 1, 0, 2, 2])
Episode: 402; Score: -3.8719404647126794; Action: ([0.99, 0.09, 1.96, 1.98, 1.03], [1, 0, 2, 2, 1])
Episode: 403; Score: -3.2437577173113823; Action: ([0.0, 1.14, 1.02, 1.08, 0.0], [0, 1, 1, 1, 0])
Episode: 404; Score: -3.1265281215310097; Action: ([2.0, 1.06, 0.97, 0.0, 1.96], [2, 1, 1, 0, 2])
Episode: 405; Score: -2.0257857143878937; Action: ([2.0, 0.97, 0.0, 2.0, 2.0], [2, 1, 0, 2, 2])
Episode: 406; Score: -4.119011794682592; Action: ([1.0, 0.05, 2.0, 1.91, 0.92], [1, 0, 2, 2, 1])
Episode: 407; Score: -2.7535536512732506; Action: ([0.0, 0.96, 0.98, 0.82, 0.0], [0, 1, 1, 1, 0])
Episode: 408; Score: -3.4893423542380333; Action: ([1.83, 1.18, 0.91, 0.0, 1.94], [2, 1, 1, 0, 2])
Episode: 409; Score: -3.880154959857464; Action: ([2.0, 0.88, 0.0, 1.8, 1.96], [2, 1, 0, 2, 2])
Episode: 410; Score: -3.9684813022613525; Action: ([1.03, 0.0, 1.96, 2.0, 0.96], [1, 0, 2, 2, 1])
Episode: 411; Score: -6.008448038250208; Action: ([0.08, 1.03, 0.98, 0.94, 0.03], [0, 1, 1, 1, 0])
Episode: 412; Score: -2.9522205032408237; Action: ([2.0, 0.98, 1.19, 0.22, 1.95], [2, 1, 1, 0, 2])
Episode: 413; Score: -3.994196243584156; Action: ([2.0, 0.94, 0.0, 1.94, 2.0], [2, 1, 0, 2, 2])
Episode: 414; Score: -2.958921380341053; Action: ([0.92, 0.01, 1.97, 1.84, 1.09], [1, 0, 2, 2, 1])
Episode: 415; Score: -3.0524468030780554; Action: ([0.06, 0.96, 1.04, 0.99, 0.0], [0, 1, 1, 1, 0])
Episode: 416; Score: -2.3245214223861694; Action: ([2.0, 0.85, 0.88, 0.0, 1.95], [2, 1, 1, 0, 2])
Episode: 417; Score: -7.203747972846031; Action: ([2.0, 1.08, 0.14, 1.99, 2.0], [2, 1, 0, 2, 2])
Episode: 418; Score: -3.2751502245664597; Action: ([1.17, 0.0, 2.0, 1.93, 0.83], [1, 0, 2, 2, 1])
Episode: 419; Score: -5.312695570290089; Action: ([0.01, 0.92, 1.07, 0.82, 0.0], [0, 1, 1, 1, 0])
Episode: 420; Score: -2.9076120257377625; Action: ([2.0, 1.13, 1.18, 0.05, 2.0], [2, 1, 1, 0, 2])
Episode: 421; Score: -4.08130456507206; Action: ([2.0, 1.13, 0.0, 2.0, 1.95], [2, 1, 0, 2, 2])
Episode: 422; Score: -3.040795985609293; Action: ([0.94, 0.0, 2.0, 1.98, 1.04], [1, 0, 2, 2, 1])
Episode: 423; Score: -2.972563913092017; Action: ([0.04, 1.02, 0.85, 0.93, 0.14], [0, 1, 1, 1, 0])
Episode: 424; Score: -2.5246516913175583; Action: ([2.0, 1.13, 0.86, 0.02, 1.72], [2, 1, 1, 0, 2])
Episode: 425; Score: -4.041332267224789; Action: ([2.0, 0.89, 0.07, 2.0, 2.0], [2, 1, 0, 2, 2])
Episode: 426; Score: -3.0376261536730453; Action: ([1.0, 0.01, 1.97, 2.0, 1.08], [1, 0, 2, 2, 1])
Episode: 427; Score: -2.174070119857788; Action: ([0.0, 1.13, 1.07, 1.07, 0.09], [0, 1, 1, 1, 0])
Episode: 428; Score: -5.984495058655739; Action: ([1.87, 1.21, 0.83, 0.14, 1.93], [2, 1, 1, 0, 2])
Episode: 429; Score: -6.836486130952835; Action: ([2.0, 0.84, 0.0, 2.0, 2.0], [2, 1, 0, 2, 2])
Episode: 430; Score: -3.042091302573681; Action: ([1.09, 0.0, 1.93, 1.99, 0.95], [1, 0, 2, 2, 1])
Episode: 431; Score: -4.818204283714294; Action: ([0.18, 1.02, 0.97, 0.94, 0.11], [0, 1, 1, 1, 0])
Episode: 432; Score: -2.253214705735445; Action: ([1.9, 0.93, 0.99, 0.0, 1.92], [2, 1, 1, 0, 2])
Episode: 433; Score: -7.07733119558543; Action: ([1.99, 1.01, 0.09, 1.98, 2.0], [2, 1, 0, 2, 2])
Episode: 434; Score: -3.1537286192178726; Action: ([1.09, 0.0, 1.95, 2.0, 0.89], [1, 0, 2, 2, 1])
Episode: 435; Score: -5.380511848255992; Action: ([0.09, 0.97, 1.35, 1.09, 0.12], [0, 1, 2, 1, 0])
Episode: 436; Score: -5.691468562930822; Action: ([1.88, 0.84, 0.95, 0.08, 1.93], [2, 1, 1, 0, 2])
Episode: 437; Score: -7.051970362663269; Action: ([2.0, 1.09, 0.0, 1.96, 2.0], [2, 1, 0, 2, 2])
Episode: 438; Score: -3.1100278571248055; Action: ([0.93, 0.0, 1.94, 2.0, 1.09], [1, 0, 2, 2, 1])
Episode: 439; Score: -5.135724782478064; Action: ([0.0, 0.95, 0.92, 1.0, 0.0], [0, 1, 1, 1, 0])
Episode: 440; Score: -3.2854645773768425; Action: ([2.0, 1.25, 0.97, 0.0, 2.0], [2, 1, 1, 0, 2])
Episode: 441; Score: -6.457676902413368; Action: ([1.69, 0.94, 0.0, 2.0, 1.82], [2, 1, 0, 2, 2])
Episode: 442; Score: -4.073296949267387; Action: ([1.06, 0.0, 2.0, 2.0, 0.86], [1, 0, 2, 2, 1])
Episode: 443; Score: -2.1587287858128548; Action: ([0.0, 0.92, 0.91, 0.91, 0.11], [0, 1, 1, 1, 0])
Episode: 444; Score: -3.2715949676930904; Action: ([2.0, 0.82, 1.01, 0.0, 1.9], [2, 1, 1, 0, 2])
Episode: 445; Score: -3.9522687271237373; Action: ([1.95, 0.88, 0.04, 1.92, 2.0], [2, 1, 0, 2, 2])
Episode: 446; Score: -6.201243080198765; Action: ([1.16, 0.11, 2.0, 2.0, 0.93], [1, 0, 2, 2, 1])
Episode: 447; Score: -3.256834538653493; Action: ([0.16, 1.02, 1.12, 0.95, 0.01], [0, 1, 1, 1, 0])
Episode: 448; Score: -5.70277626812458; Action: ([2.0, 0.93, 0.78, 0.0, 2.0], [2, 1, 1, 0, 2])
Episode: 449; Score: -1.059513621032238; Action: ([2.0, 0.95, 0.0, 1.99, 2.0], [2, 1, 0, 2, 2])
Episode: 450; Score: -2.9164663925766945; Action: ([1.06, 0.12, 2.0, 1.85, 1.06], [1, 0, 2, 2, 1])
Episode: 451; Score: -2.8698100075125694; Action: ([0.24, 0.87, 0.82, 0.94, 0.0], [0, 1, 1, 1, 0])
Episode: 452; Score: -3.0165058728307486; Action: ([2.0, 1.1, 1.02, 0.1, 2.0], [2, 1, 1, 0, 2])
Episode: 453; Score: -6.855382323265076; Action: ([2.0, 0.91, 0.02, 1.92, 2.0], [2, 1, 0, 2, 2])
Episode: 454; Score: -3.949646563269198; Action: ([1.0, 0.07, 2.0, 2.0, 0.98], [1, 0, 2, 2, 1])
Episode: 455; Score: -6.195929768960923; Action: ([0.0, 0.87, 1.01, 0.93, 0.0], [0, 1, 1, 1, 0])
Episode: 456; Score: -5.9937581568956375; Action: ([1.93, 1.06, 0.99, 0.01, 2.0], [2, 1, 1, 0, 2])
Episode: 457; Score: -1.989022247493267; Action: ([2.0, 0.91, 0.1, 2.0, 2.0], [2, 1, 0, 2, 2])
Episode: 458; Score: -3.7715183794498444; Action: ([1.05, 0.0, 1.93, 2.0, 1.1], [1, 0, 2, 2, 1])
Episode: 459; Score: -5.134204923640937; Action: ([0.07, 1.0, 1.02, 0.83, 0.0], [0, 1, 1, 1, 0])
Episode: 460; Score: -2.7331462763249874; Action: ([1.93, 1.09, 0.94, 0.08, 1.74], [2, 1, 1, 0, 2])
Episode: 461; Score: -1.4652730897068977; Action: ([1.93, 1.09, 0.01, 1.73, 1.97], [2, 1, 0, 2, 2])
Episode: 462; Score: -6.003664284944534; Action: ([0.87, 0.11, 2.0, 1.89, 1.13], [1, 0, 2, 2, 1])
Episode: 463; Score: -5.998521456727758; Action: ([0.0, 0.99, 1.01, 1.0, 0.0], [0, 1, 1, 1, 0])
Episode: 464; Score: -2.9459182918071747; Action: ([2.0, 1.06, 1.12, 0.0, 2.0], [2, 1, 1, 0, 2])
Episode: 465; Score: -6.782315451651812; Action: ([1.97, 0.95, 0.05, 1.86, 1.96], [2, 1, 0, 2, 2])
Episode: 466; Score: -2.732797347009182; Action: ([0.94, 0.16, 1.97, 2.0, 1.2], [1, 0, 2, 2, 1])
Episode: 467; Score: -5.312086947262287; Action: ([0.04, 1.04, 1.18, 0.87, 0.0], [0, 1, 1, 1, 0])
Episode: 468; Score: -2.132719375193119; Action: ([2.0, 0.93, 0.85, 0.09, 1.99], [2, 1, 1, 0, 2])
Episode: 469; Score: -1.1471170410513878; Action: ([1.97, 0.94, 0.03, 1.97, 1.94], [2, 1, 0, 2, 2])
Episode: 470; Score: -5.822552420198917; Action: ([0.92, 0.0, 1.82, 2.0, 1.08], [1, 0, 2, 2, 1])
Episode: 471; Score: -2.0391394905745983; Action: ([0.0, 0.99, 0.97, 0.9, 0.1], [0, 1, 1, 1, 0])
Episode: 472; Score: -3.0663231294602156; Action: ([1.9, 0.85, 0.97, 0.02, 2.0], [2, 1, 1, 0, 2])
Episode: 473; Score: -3.993619218468666; Action: ([1.92, 0.87, 0.0, 2.0, 1.94], [2, 1, 0, 2, 2])
Episode: 474; Score: -3.6733226478099823; Action: ([1.11, 0.05, 1.99, 1.98, 1.19], [1, 0, 2, 2, 1])
Episode: 475; Score: -3.084777707234025; Action: ([0.1, 0.85, 1.13, 1.01, 0.0], [0, 1, 1, 1, 0])
Episode: 476; Score: -2.058355463668704; Action: ([1.98, 1.02, 0.96, 0.02, 2.0], [2, 1, 1, 0, 2])
Episode: 477; Score: -4.05541355907917; Action: ([2.0, 0.94, 0.0, 2.0, 2.0], [2, 1, 0, 2, 2])
Episode: 478; Score: -3.9564456939697266; Action: ([0.85, 0.06, 1.94, 2.0, 1.07], [1, 0, 2, 2, 1])
Episode: 479; Score: -5.072982836514711; Action: ([0.0, 1.08, 0.95, 0.92, 0.13], [0, 1, 1, 1, 0])
Episode: 480; Score: -5.682816213928163; Action: ([1.83, 0.99, 0.9, 0.04, 1.92], [2, 1, 1, 0, 2])
Episode: 481; Score: -1.1870847418904305; Action: ([1.96, 1.09, 0.0, 1.95, 2.0], [2, 1, 0, 2, 2])
Episode: 482; Score: -3.8228866048157215; Action: ([0.95, 0.08, 1.96, 2.0, 1.11], [1, 0, 2, 2, 1])
Episode: 483; Score: -5.06771822925657; Action: ([0.17, 0.82, 1.0, 0.94, 0.0], [0, 1, 1, 1, 0])
Episode: 484; Score: -2.341325707733631; Action: ([1.96, 0.88, 1.19, 0.0, 2.0], [2, 1, 1, 0, 2])
Episode: 485; Score: -1.3951759487390518; Action: ([1.84, 1.13, 0.0, 2.0, 1.89], [2, 1, 0, 2, 2])
Episode: 486; Score: -3.44125097990036; Action: ([0.96, 0.0, 1.8, 1.9, 0.9], [1, 0, 2, 2, 1])
Episode: 487; Score: -5.019375344738364; Action: ([0.0, 0.98, 1.05, 1.06, 0.0], [0, 1, 1, 1, 0])
Episode: 488; Score: -3.179261140525341; Action: ([2.0, 0.9, 0.88, 0.0, 1.96], [2, 1, 1, 0, 2])
Episode: 489; Score: -3.997565619647503; Action: ([2.0, 0.89, 0.09, 1.98, 2.0], [2, 1, 0, 2, 2])
Episode: 490; Score: -4.011186737567186; Action: ([0.9, 0.0, 1.89, 2.0, 0.98], [1, 0, 2, 2, 1])
Episode: 491; Score: -5.008163832128048; Action: ([0.0, 1.06, 1.19, 1.21, 0.03], [0, 1, 1, 1, 0])
Episode: 492; Score: -2.1351501625031233; Action: ([2.0, 0.91, 1.03, 0.0, 1.98], [2, 1, 1, 0, 2])
Episode: 493; Score: -2.3266918137669563; Action: ([1.86, 0.97, 0.13, 1.79, 1.92], [2, 1, 0, 2, 2])
Episode: 494; Score: -4.1515323258936405; Action: ([0.95, 0.06, 1.94, 1.9, 0.87], [1, 0, 2, 2, 1])
Episode: 495; Score: -2.8799945190548897; Action: ([0.0, 0.83, 1.09, 0.94, 0.02], [0, 1, 1, 1, 0])
Episode: 496; Score: -6.063331190496683; Action: ([1.97, 1.02, 1.17, 0.0, 1.91], [2, 1, 1, 0, 2])
Episode: 497; Score: -1.1885847747325897; Action: ([2.0, 1.17, 0.0, 1.98, 2.0], [2, 1, 0, 2, 2])
Episode: 498; Score: -3.95249364990741; Action: ([0.94, 0.0, 1.88, 1.99, 1.0], [1, 0, 2, 2, 1])
Episode: 499; Score: -3.0754058845341206; Action: ([0.0, 1.09, 0.95, 1.04, 0.0], [0, 1, 1, 1, 0])
Episode: 500; Score: -5.925206167623401; Action: ([1.98, 1.02, 0.92, 0.09, 1.92], [2, 1, 1, 0, 2])
Episode: 501; Score: -2.1404615826904774; Action: ([1.91, 1.04, 0.0, 2.0, 1.99], [2, 1, 0, 2, 2])
Episode: 502; Score: -4.187610916793346; Action: ([1.06, 0.0, 2.0, 1.79, 0.96], [1, 0, 2, 2, 1])
Episode: 503; Score: -5.063525905832648; Action: ([0.11, 0.77, 0.98, 1.08, 0.0], [0, 1, 1, 1, 0])
Episode: 504; Score: -3.1914341747760773; Action: ([2.0, 1.08, 1.07, 0.0, 1.82], [2, 1, 1, 0, 2])
Episode: 505; Score: -3.8540877886116505; Action: ([1.97, 1.04, 0.07, 1.98, 1.94], [2, 1, 0, 2, 2])
Episode: 506; Score: -3.0911401510238647; Action: ([1.09, 0.0, 1.93, 2.0, 1.07], [1, 0, 2, 2, 1])
Episode: 507; Score: -4.842106990516186; Action: ([0.05, 1.06, 1.07, 1.18, 0.07], [0, 1, 1, 1, 0])
Episode: 508; Score: -6.01022195443511; Action: ([1.92, 1.03, 1.06, 0.0, 2.0], [2, 1, 1, 0, 2])
Episode: 509; Score: -1.0028091296553612; Action: ([1.89, 0.94, 0.16, 2.0, 2.0], [2, 1, 0, 2, 2])
Episode: 510; Score: -3.0297396294772625; Action: ([0.99, 0.01, 2.0, 2.0, 1.03], [1, 0, 2, 2, 1])
Episode: 511; Score: -4.963377386331558; Action: ([0.0, 0.9, 1.1, 1.13, 0.11], [0, 1, 1, 1, 0])
Episode: 512; Score: -5.86856909096241; Action: ([2.0, 1.07, 0.93, 0.0, 1.87], [2, 1, 1, 0, 2])
Episode: 513; Score: -2.0378871001303196; Action: ([1.92, 0.97, 0.08, 2.0, 2.0], [2, 1, 0, 2, 2])
Episode: 514; Score: -2.88484388589859; Action: ([0.86, 0.5, 1.96, 2.0, 0.79], [1, 0, 2, 2, 1])
Episode: 515; Score: -2.0930494843050838; Action: ([0.0, 0.96, 1.01, 1.05, 0.0], [0, 1, 1, 1, 0])
Episode: 516; Score: -2.347742583602667; Action: ([1.9, 0.96, 0.92, 0.0, 1.87], [2, 1, 1, 0, 2])
Episode: 517; Score: -3.98808366805315; Action: ([1.96, 0.93, 0.04, 2.0, 2.0], [2, 1, 0, 2, 2])
Episode: 518; Score: -4.042316623032093; Action: ([0.95, 0.14, 2.0, 1.93, 0.94], [1, 0, 2, 2, 1])
Episode: 519; Score: -4.995765829458833; Action: ([0.02, 0.99, 1.05, 1.01, 0.03], [0, 1, 1, 1, 0])
Episode: 520; Score: -3.203845128417015; Action: ([1.9, 1.16, 1.06, 0.0, 2.0], [2, 1, 1, 0, 2])
Episode: 521; Score: -1.187979590613395; Action: ([2.0, 0.99, 0.0, 2.0, 1.82], [2, 1, 0, 2, 2])
Episode: 522; Score: -3.077884655445814; Action: ([0.94, 0.0, 2.0, 1.98, 1.04], [1, 0, 2, 2, 1])
Episode: 523; Score: -2.386502392590046; Action: ([0.0, 0.74, 1.09, 1.17, 0.13], [0, 1, 1, 1, 0])
Episode: 524; Score: -3.0937206335365772; Action: ([2.0, 1.04, 0.95, 0.0, 2.0], [2, 1, 1, 0, 2])
Episode: 525; Score: -6.999815391376615; Action: ([2.0, 1.03, 0.0, 2.0, 1.97], [2, 1, 0, 2, 2])
Episode: 526; Score: -3.3140676096081734; Action: ([0.97, 0.0, 1.96, 1.84, 0.92], [1, 0, 2, 2, 1])
Episode: 527; Score: -5.056708248332143; Action: ([0.0, 1.01, 1.03, 0.88, 0.11], [0, 1, 1, 1, 0])
Episode: 528; Score: -3.040419265627861; Action: ([2.0, 0.81, 1.14, 0.02, 2.0], [2, 1, 1, 0, 2])
Episode: 529; Score: -4.010247349739075; Action: ([1.96, 1.11, 0.07, 2.0, 2.0], [2, 1, 0, 2, 2])
Episode: 530; Score: -6.050693910103291; Action: ([0.99, 0.14, 2.0, 1.96, 0.95], [1, 0, 2, 2, 1])
Episode: 531; Score: -2.3423240315169096; Action: ([0.0, 0.97, 1.17, 1.2, 0.06], [0, 1, 1, 1, 0])
Episode: 532; Score: -2.146734483540058; Action: ([2.0, 1.07, 1.08, 0.0, 2.0], [2, 1, 1, 0, 2])
Episode: 533; Score: -6.9417839497327805; Action: ([2.0, 0.97, 0.0, 2.0, 1.97], [2, 1, 0, 2, 2])
Episode: 534; Score: -3.0410840958356857; Action: ([1.03, 0.0, 2.0, 1.89, 1.03], [1, 0, 2, 2, 1])
Episode: 535; Score: -3.3721531946212053; Action: ([0.05, 0.98, 1.22, 1.12, 0.0], [0, 1, 1, 1, 0])
Episode: 536; Score: -3.1581904739141464; Action: ([2.0, 1.06, 1.09, 0.0, 2.0], [2, 1, 1, 0, 2])
Episode: 537; Score: -3.8615550519898534; Action: ([2.0, 1.01, 0.0, 1.93, 1.92], [2, 1, 0, 2, 2])
Episode: 538; Score: -3.133251879364252; Action: ([0.95, 0.23, 2.0, 1.83, 0.86], [1, 0, 2, 2, 1])
Episode: 539; Score: -5.045039606280625; Action: ([0.0, 1.0, 0.84, 1.11, 0.0], [0, 1, 1, 1, 0])
Episode: 540; Score: -2.9979686811566353; Action: ([2.0, 0.87, 0.91, 0.0, 1.78], [2, 1, 1, 0, 2])
Episode: 541; Score: -6.76780689926818; Action: ([1.92, 1.0, 0.07, 1.77, 2.0], [2, 1, 0, 2, 2])
Episode: 542; Score: -3.839643867686391; Action: ([1.08, 0.19, 1.85, 1.76, 0.97], [1, 0, 2, 2, 1])
Episode: 543; Score: -2.0723114609718323; Action: ([0.03, 0.88, 0.93, 1.03, 0.12], [0, 1, 1, 1, 0])
Episode: 544; Score: -3.157502792775631; Action: ([1.89, 1.11, 0.91, 0.17, 1.99], [2, 1, 1, 0, 2])
Episode: 545; Score: -4.03778051584959; Action: ([1.93, 0.9, 0.0, 2.0, 2.0], [2, 1, 0, 2, 2])
Episode: 546; Score: -3.2085830569267273; Action: ([0.85, 0.0, 2.0, 2.0, 1.06], [1, 0, 2, 2, 1])
Episode: 547; Score: -4.891388077288866; Action: ([0.0, 0.96, 1.06, 1.07, 0.14], [0, 1, 1, 1, 0])
Episode: 548; Score: -3.2168366461992264; Action: ([1.95, 1.09, 0.87, 0.05, 2.0], [2, 1, 1, 0, 2])
Episode: 549; Score: -2.2675782311707735; Action: ([2.0, 1.02, 0.01, 1.79, 1.96], [2, 1, 0, 2, 2])
Episode: 550; Score: -2.8775308076292276; Action: ([0.88, 0.08, 1.81, 2.0, 0.97], [1, 0, 2, 2, 1])
Episode: 551; Score: -2.1419227942824364; Action: ([0.06, 0.93, 1.11, 1.04, 0.02], [0, 1, 1, 1, 0])
Episode: 552; Score: -2.7564262226223946; Action: ([2.0, 0.89, 1.31, 0.05, 2.0], [2, 1, 1, 0, 2])
Episode: 553; Score: -6.978411886841059; Action: ([1.99, 0.99, 0.0, 2.0, 2.0], [2, 1, 0, 2, 2])
Episode: 554; Score: -4.061392777599394; Action: ([0.99, 0.01, 2.0, 2.0, 0.94], [1, 0, 2, 2, 1])
Episode: 555; Score: -6.014984711073339; Action: ([0.0, 0.86, 1.01, 1.03, 0.08], [0, 1, 1, 1, 0])
Episode: 556; Score: -2.226807080209255; Action: ([2.0, 1.05, 0.92, 0.0, 1.9], [2, 1, 1, 0, 2])
Episode: 557; Score: -2.1186041459441185; Action: ([2.0, 0.94, 0.0, 1.97, 1.98], [2, 1, 0, 2, 2])
Episode: 558; Score: -5.952913484536111; Action: ([0.99, 0.0, 1.98, 2.0, 0.98], [1, 0, 2, 2, 1])
Episode: 559; Score: -4.982189068570733; Action: ([0.16, 1.08, 0.96, 0.97, 0.02], [0, 1, 1, 1, 0])
Episode: 560; Score: -3.27933382242918; Action: ([2.0, 1.09, 1.19, 0.0, 2.0], [2, 1, 1, 0, 2])
Episode: 561; Score: -2.224737137556076; Action: ([2.0, 1.14, 0.15, 1.77, 2.0], [2, 1, 0, 2, 2])
Episode: 562; Score: -4.183643982745707; Action: ([0.99, 0.0, 2.0, 1.89, 0.94], [1, 0, 2, 2, 1])
Episode: 563; Score: -3.0079060941934586; Action: ([0.0, 0.96, 1.07, 0.94, 0.04], [0, 1, 1, 1, 0])
Episode: 564; Score: -5.87139349244535; Action: ([1.8, 1.06, 1.01, 0.0, 2.0], [2, 1, 1, 0, 2])
Episode: 565; Score: -7.029285326600075; Action: ([1.97, 1.15, 0.05, 1.88, 1.98], [2, 1, 0, 2, 2])
Episode: 566; Score: -5.668438229709864; Action: ([0.93, 0.01, 1.81, 1.96, 0.96], [1, 0, 2, 2, 1])
Episode: 567; Score: -3.560113798826933; Action: ([0.03, 1.03, 1.13, 1.1, 0.27], [0, 1, 1, 1, 0])
Episode: 568; Score: -5.820559831336141; Action: ([1.72, 0.99, 1.01, 0.1, 2.0], [2, 1, 1, 0, 2])
Episode: 569; Score: -1.0774012301117182; Action: ([1.98, 0.99, 0.05, 1.94, 1.96], [2, 1, 0, 2, 2])
Episode: 570; Score: -2.9689892139285803; Action: ([1.02, 0.0, 1.97, 1.96, 1.02], [1, 0, 2, 2, 1])
Episode: 571; Score: -5.95349468011409; Action: ([0.13, 0.86, 0.99, 1.07, 0.0], [0, 1, 1, 1, 0])
Episode: 572; Score: -2.2920952066779137; Action: ([2.0, 1.1, 0.83, 0.15, 1.83], [2, 1, 1, 0, 2])
Episode: 573; Score: -2.2401830554008484; Action: ([1.95, 1.09, 0.0, 1.9, 2.0], [2, 1, 0, 2, 2])
Episode: 574; Score: -3.243901878595352; Action: ([0.95, 0.03, 1.88, 1.93, 0.96], [1, 0, 2, 2, 1])
Episode: 575; Score: -5.270272474735975; Action: ([0.0, 0.89, 0.94, 0.89, 0.0], [0, 1, 1, 1, 0])
Episode: 576; Score: -2.14365766197443; Action: ([2.0, 0.89, 0.91, 0.05, 2.0], [2, 1, 1, 0, 2])
Episode: 577; Score: -1.0128445699810982; Action: ([2.0, 1.02, 0.02, 2.0, 1.99], [2, 1, 0, 2, 2])
Episode: 578; Score: -3.2580397203564644; Action: ([1.21, 0.0, 1.93, 2.0, 0.88], [1, 0, 2, 2, 1])
Episode: 579; Score: -3.15163454413414; Action: ([0.02, 1.08, 1.14, 0.92, 0.0], [0, 1, 1, 1, 0])
Episode: 580; Score: -3.3409752547740936; Action: ([2.0, 1.21, 1.13, 0.0, 2.0], [2, 1, 1, 0, 2])
Episode: 581; Score: -4.065042890608311; Action: ([2.0, 1.1, 0.0, 1.97, 2.0], [2, 1, 0, 2, 2])
Episode: 582; Score: -5.757043599151075; Action: ([0.9, 0.0, 1.95, 1.9, 1.01], [1, 0, 2, 2, 1])
Episode: 583; Score: -5.069505508989096; Action: ([0.0, 1.06, 1.08, 1.07, 0.0], [0, 1, 1, 1, 0])
Episode: 584; Score: -2.2441557496786118; Action: ([1.98, 0.89, 0.89, 0.0, 2.0], [2, 1, 1, 0, 2])
Episode: 585; Score: -7.08685852214694; Action: ([2.0, 1.04, 0.1, 2.0, 1.95], [2, 1, 0, 2, 2])
Episode: 586; Score: -2.921275908127427; Action: ([1.03, 0.0, 1.95, 1.89, 0.96], [1, 0, 2, 2, 1])
Episode: 587; Score: -4.976711051538587; Action: ([0.02, 0.95, 0.97, 1.05, 0.02], [0, 1, 1, 1, 0])
Episode: 588; Score: -2.3868033923208714; Action: ([1.97, 1.32, 0.97, 0.0, 2.0], [2, 1, 1, 0, 2])
Episode: 589; Score: -2.0148934978060424; Action: ([2.0, 1.01, 0.07, 1.98, 1.94], [2, 1, 0, 2, 2])
Episode: 590; Score: -3.0370808839797974; Action: ([1.09, 0.0, 2.0, 1.9, 1.05], [1, 0, 2, 2, 1])
Episode: 591; Score: -3.249190930277109; Action: ([0.1, 1.17, 0.99, 0.99, 0.0], [0, 1, 1, 1, 0])
Episode: 592; Score: -5.625801661983132; Action: ([1.98, 1.03, 0.83, 0.0, 1.79], [2, 1, 1, 0, 2])
Episode: 593; Score: -1.1166301146149635; Action: ([2.0, 1.12, 0.01, 2.0, 2.0], [2, 1, 0, 2, 2])
Episode: 594; Score: -4.038072839379311; Action: ([1.26, 0.0, 1.98, 1.85, 0.83], [1, 0, 2, 2, 1])
Episode: 595; Score: -2.9953026100993156; Action: ([0.14, 1.07, 0.86, 0.93, 0.0], [0, 1, 1, 1, 0])
Episode: 596; Score: -2.3992349803447723; Action: ([1.85, 0.92, 0.82, 0.0, 2.0], [2, 1, 1, 0, 2])
Episode: 597; Score: -6.624244689941406; Action: ([1.92, 0.7, 0.0, 2.0, 2.0], [2, 1, 0, 2, 2])
Episode: 598; Score: -3.924313835799694; Action: ([0.93, 0.09, 2.0, 2.0, 1.06], [1, 0, 2, 2, 1])
Episode: 599; Score: -5.739949639886618; Action: ([0.0, 1.04, 1.11, 1.16, 0.03], [0, 1, 1, 1, 0])
Episode: 600; Score: -3.198596715927124; Action: ([1.92, 0.95, 0.94, 0.0, 1.99], [2, 1, 1, 0, 2])
Episode: 601; Score: -4.229732364416122; Action: ([2.0, 0.76, 0.01, 2.0, 2.0], [2, 1, 0, 2, 2])
Episode: 602; Score: -6.388330042362213; Action: ([1.14, 0.1, 2.0, 2.0, 1.15], [1, 0, 2, 2, 1])
Episode: 603; Score: -2.0558734628139064; Action: ([0.02, 1.01, 0.93, 1.0, 0.0], [0, 1, 1, 1, 0])
Episode: 604; Score: -2.2502854764461517; Action: ([1.95, 1.1, 1.1, 0.0, 2.0], [2, 1, 1, 0, 2])
Episode: 605; Score: -1.0904071554541588; Action: ([2.0, 0.99, 0.0, 1.92, 2.0], [2, 1, 0, 2, 2])
Episode: 606; Score: -3.1445468366146088; Action: ([0.88, 0.07, 2.0, 2.0, 0.91], [1, 0, 2, 2, 1])
Episode: 607; Score: -2.9993556514382362; Action: ([0.0, 1.21, 0.87, 0.92, 0.0], [0, 1, 1, 1, 0])
Episode: 608; Score: -3.0058137960731983; Action: ([1.9, 0.94, 1.06, 0.01, 2.0], [2, 1, 1, 0, 2])
Episode: 609; Score: -6.430186077952385; Action: ([1.93, 0.88, 0.0, 1.81, 1.81], [2, 1, 0, 2, 2])
Episode: 610; Score: -5.836369574069977; Action: ([0.93, 0.08, 2.0, 1.98, 0.85], [1, 0, 2, 2, 1])
Episode: 611; Score: -2.932539228349924; Action: ([0.06, 1.04, 0.95, 0.88, 0.0], [0, 1, 1, 1, 0])
Episode: 612; Score: -3.247140198945999; Action: ([2.0, 1.05, 1.19, 0.0, 2.0], [2, 1, 1, 0, 2])
Episode: 613; Score: -1.116780273616314; Action: ([2.0, 1.11, 0.0, 2.0, 1.99], [2, 1, 0, 2, 2])
Episode: 614; Score: -2.7980985147878528; Action: ([1.05, 0.03, 1.77, 2.0, 0.99], [1, 0, 2, 2, 1])
Episode: 615; Score: -2.04442159505561; Action: ([0.08, 1.05, 0.93, 0.99, 0.0], [0, 1, 1, 1, 0])
Episode: 616; Score: -2.73054376617074; Action: ([1.84, 1.13, 0.98, 0.06, 1.8], [2, 1, 1, 0, 2])
Episode: 617; Score: -1.3200292885303497; Action: ([2.0, 0.82, 0.0, 1.86, 2.0], [2, 1, 0, 2, 2])
Episode: 618; Score: -5.962048411369324; Action: ([0.9, 0.0, 2.0, 1.97, 1.09], [1, 0, 2, 2, 1])
Episode: 619; Score: -2.931040565483272; Action: ([0.08, 1.01, 1.01, 0.75, 0.08], [0, 1, 1, 1, 0])
Episode: 620; Score: -6.214348748326302; Action: ([1.99, 1.02, 1.14, 0.1, 1.96], [2, 1, 1, 0, 2])
Episode: 621; Score: -3.8961435575038195; Action: ([2.0, 0.97, 0.0, 2.0, 1.87], [2, 1, 0, 2, 2])
Episode: 622; Score: -3.1355754118412733; Action: ([1.18, 0.0, 2.0, 1.94, 1.03], [1, 0, 2, 2, 1])
Episode: 623; Score: -6.1455638986080885; Action: ([0.0, 0.88, 0.98, 0.98, 0.02], [0, 1, 1, 1, 0])
Episode: 624; Score: -3.0078413444571197; Action: ([1.91, 1.0, 1.09, 0.0, 1.99], [2, 1, 1, 0, 2])
Episode: 625; Score: -4.084342524409294; Action: ([2.0, 1.08, 0.0, 2.0, 2.0], [2, 1, 0, 2, 2])
Episode: 626; Score: -2.983961135149002; Action: ([0.95, 0.0, 2.0, 1.86, 1.07], [1, 0, 2, 2, 1])
Episode: 627; Score: -5.951620250940323; Action: ([0.1, 1.11, 0.97, 0.92, 0.18], [0, 1, 1, 1, 0])
Episode: 628; Score: -2.9513311833143234; Action: ([2.0, 0.87, 1.08, 0.1, 2.0], [2, 1, 1, 0, 2])
Episode: 629; Score: -6.6244429461658; Action: ([2.0, 1.02, 0.0, 1.73, 1.87], [2, 1, 0, 2, 2])
Episode: 630; Score: -6.116910718381405; Action: ([0.98, 0.15, 1.97, 1.94, 1.07], [1, 0, 2, 2, 1])
Episode: 631; Score: -2.0818719398230314; Action: ([0.19, 0.86, 1.01, 0.87, 0.0], [0, 1, 1, 1, 0])
Episode: 632; Score: -5.829596869647503; Action: ([1.98, 0.92, 0.85, 0.08, 2.0], [2, 1, 1, 0, 2])
Episode: 633; Score: -1.137987956404686; Action: ([1.96, 0.9, 0.0, 2.0, 2.0], [2, 1, 0, 2, 2])
Episode: 634; Score: -3.9831906482577324; Action: ([0.88, 0.01, 1.97, 2.0, 1.09], [1, 0, 2, 2, 1])
Episode: 635; Score: -5.179467098787427; Action: ([0.0, 1.12, 1.02, 0.89, 0.07], [0, 1, 1, 1, 0])
Episode: 636; Score: -2.1941871866583824; Action: ([1.92, 0.91, 0.94, 0.03, 2.0], [2, 1, 1, 0, 2])
Episode: 637; Score: -6.916913464665413; Action: ([1.94, 0.78, 0.2, 2.0, 2.0], [2, 1, 0, 2, 2])
Episode: 638; Score: -3.802276489790529; Action: ([1.0, 0.12, 1.91, 2.0, 0.98], [1, 0, 2, 2, 1])
Episode: 639; Score: -5.991148818749934; Action: ([0.29, 0.9, 0.81, 1.01, 0.0], [0, 1, 1, 1, 0])
Episode: 640; Score: -6.144531756639481; Action: ([2.0, 0.92, 1.18, 0.05, 2.0], [2, 1, 1, 0, 2])
Episode: 641; Score: -1.2995641082525253; Action: ([1.78, 1.08, 0.0, 2.0, 2.0], [2, 1, 0, 2, 2])
Episode: 642; Score: -2.8092287220060825; Action: ([1.04, 0.0, 2.0, 2.0, 1.15], [1, 0, 2, 2, 1])
Episode: 643; Score: -4.864089498994872; Action: ([0.11, 1.02, 0.97, 1.0, 0.07], [0, 1, 1, 1, 0])
Episode: 644; Score: -2.294533781707287; Action: ([1.95, 0.99, 1.25, 0.02, 2.0], [2, 1, 1, 0, 2])
Episode: 645; Score: -1.070440411567688; Action: ([1.98, 1.12, 0.06, 2.0, 2.0], [2, 1, 0, 2, 2])
Episode: 646; Score: -3.876999647691264; Action: ([1.01, 0.13, 2.0, 1.98, 1.0], [1, 0, 2, 2, 1])
Episode: 647; Score: -3.2580847619101405; Action: ([0.07, 1.17, 1.01, 1.01, 0.0], [0, 1, 1, 1, 0])
Episode: 648; Score: -2.2389734126627445; Action: ([2.0, 1.06, 0.93, 0.01, 1.87], [2, 1, 1, 0, 2])
Episode: 649; Score: -2.2837557792663574; Action: ([2.0, 0.8, 0.0, 1.91, 2.0], [2, 1, 0, 2, 2])
Episode: 650; Score: -5.798300344496965; Action: ([0.99, 0.0, 1.87, 2.0, 0.94], [1, 0, 2, 2, 1])
Episode: 651; Score: -5.799762696027756; Action: ([0.0, 0.88, 1.15, 1.16, 0.01], [0, 1, 1, 1, 0])
Episode: 652; Score: -5.956469941884279; Action: ([1.94, 1.06, 1.07, 0.0, 1.88], [2, 1, 1, 0, 2])
Episode: 653; Score: -6.964833602309227; Action: ([1.91, 1.06, 0.01, 1.98, 2.0], [2, 1, 0, 2, 2])
Episode: 654; Score: -2.9411410242319107; Action: ([1.2, 0.0, 1.96, 1.85, 1.05], [1, 0, 2, 2, 1])
Episode: 655; Score: -5.926254568155855; Action: ([0.0, 1.01, 0.87, 1.13, 0.08], [0, 1, 1, 1, 0])
Episode: 656; Score: -2.375932440161705; Action: ([2.0, 1.16, 1.21, 0.0, 2.0], [2, 1, 1, 0, 2])
Episode: 657; Score: -6.912835476920009; Action: ([1.93, 0.99, 0.13, 1.95, 1.91], [2, 1, 0, 2, 2])
Episode: 658; Score: -2.9997453675605357; Action: ([1.03, 0.0, 1.97, 2.0, 1.0], [1, 0, 2, 2, 1])
Episode: 659; Score: -2.1624377444386482; Action: ([0.07, 1.03, 0.89, 0.88, 0.03], [0, 1, 1, 1, 0])
Episode: 660; Score: -5.993770488537848; Action: ([2.0, 0.99, 0.95, 0.06, 2.0], [2, 1, 1, 0, 2])
Episode: 661; Score: -4.016572117805481; Action: ([1.95, 0.9, 0.04, 2.0, 2.0], [2, 1, 0, 2, 2])
Episode: 662; Score: -6.141523723490536; Action: ([0.99, 0.07, 2.0, 2.0, 1.09], [1, 0, 2, 2, 1])
Episode: 663; Score: -2.274428717792034; Action: ([0.0, 0.91, 1.08, 0.86, 0.03], [0, 1, 1, 1, 0])
Episode: 664; Score: -3.139339115470648; Action: ([1.84, 0.96, 1.06, 0.0, 2.0], [2, 1, 1, 0, 2])
Episode: 665; Score: -3.8401148188859224; Action: ([2.0, 0.99, 0.0, 1.84, 2.0], [2, 1, 0, 2, 2])
Episode: 666; Score: -2.8117572367191315; Action: ([0.93, 0.11, 1.97, 1.73, 1.15], [1, 0, 2, 2, 1])
Episode: 667; Score: -2.083446253091097; Action: ([0.02, 0.95, 1.04, 0.98, 0.01], [0, 1, 1, 1, 0])
Episode: 668; Score: -5.996296435594559; Action: ([1.89, 1.05, 1.18, 0.04, 1.84], [2, 1, 1, 0, 2])
Episode: 669; Score: -3.9051449429243803; Action: ([2.0, 1.01, 0.0, 1.9, 1.99], [2, 1, 0, 2, 2])
Episode: 670; Score: -3.097571451216936; Action: ([1.11, 0.0, 2.0, 1.94, 1.04], [1, 0, 2, 2, 1])
Episode: 671; Score: -2.3661664724349976; Action: ([0.07, 1.14, 0.83, 0.88, 0.0], [0, 1, 1, 1, 0])
Episode: 672; Score: -2.299354447517544; Action: ([1.83, 1.0, 0.88, 0.0, 1.99], [2, 1, 1, 0, 2])
Episode: 673; Score: -4.196169137954712; Action: ([2.0, 1.2, 0.0, 2.0, 2.0], [2, 1, 0, 2, 2])
Episode: 674; Score: -6.201152827590704; Action: ([1.06, 0.13, 1.93, 2.0, 1.08], [1, 0, 2, 2, 1])
Episode: 675; Score: -5.826229619793594; Action: ([0.0, 1.03, 1.08, 1.0, 0.12], [0, 1, 1, 1, 0])
Episode: 676; Score: -3.1003357619047165; Action: ([1.88, 0.96, 1.18, 0.0, 2.0], [2, 1, 1, 0, 2])
Episode: 677; Score: -1.1305040121078491; Action: ([1.9, 1.07, 0.04, 2.0, 2.0], [2, 1, 0, 2, 2])
Episode: 678; Score: -3.210195228457451; Action: ([0.93, 0.0, 2.0, 1.99, 0.87], [1, 0, 2, 2, 1])
Episode: 679; Score: -5.225067028775811; Action: ([0.18, 0.89, 1.31, 1.02, 0.0], [0, 1, 1, 1, 0])
Episode: 680; Score: -2.8521170299500227; Action: ([1.87, 1.09, 1.02, 0.04, 1.91], [2, 1, 1, 0, 2])
Episode: 681; Score: -6.997485112398863; Action: ([1.95, 1.04, 0.0, 2.0, 2.0], [2, 1, 0, 2, 2])
Episode: 682; Score: -6.04428065137472; Action: ([1.07, 0.0, 2.0, 1.98, 1.0], [1, 0, 2, 2, 1])
Episode: 683; Score: -6.18805593252182; Action: ([0.0, 0.96, 0.91, 0.94, 0.0], [0, 1, 1, 1, 0])
Episode: 684; Score: -6.065003536641598; Action: ([2.0, 1.1, 1.04, 0.0, 1.93], [2, 1, 1, 0, 2])
Episode: 685; Score: -6.729136094450951; Action: ([1.77, 1.03, 0.02, 2.0, 1.9], [2, 1, 0, 2, 2])
Episode: 686; Score: -2.972437024116516; Action: ([1.07, 0.08, 1.97, 1.94, 1.07], [1, 0, 2, 2, 1])
Episode: 687; Score: -6.00015083514154; Action: ([0.02, 1.22, 0.97, 1.22, 0.0], [0, 1, 1, 1, 0])
Episode: 688; Score: -2.0229375176131725; Action: ([2.0, 1.07, 1.03, 0.08, 2.0], [2, 1, 1, 0, 2])
Episode: 689; Score: -1.3543573021888733; Action: ([1.81, 1.16, 0.0, 2.0, 2.0], [2, 1, 0, 2, 2])
Episode: 690; Score: -2.8850152967497706; Action: ([1.11, 0.0, 2.0, 2.0, 1.01], [1, 0, 2, 2, 1])
Episode: 691; Score: -3.0893735892605036; Action: ([0.1, 1.0, 0.82, 1.17, 0.0], [0, 1, 1, 1, 0])
Episode: 692; Score: -6.037250533699989; Action: ([2.0, 1.04, 0.95, 0.05, 2.0], [2, 1, 1, 0, 2])
