Episode: 0; Tool: [-8.60802078 -0.17911142  0.44056052 -0.32093173 -2.08979988  1.15025687
 -1.2203269   6.09689665 -0.39457145 -2.59474206]; Score: [-11.77090363]; Action: ([1.4, 1.06, 0.25, 0.02, 1.3], [2, 1, 0, 0, 1])
Episode: 1; Tool: [-5.94256353 -1.848212   -2.32731771 -1.55437946  4.10791826  2.87892246
  2.11674476  1.95481873 -0.24814671 -1.3432107 ]; Score: [-23.80504234]; Action: ([1.9, 1.42, 0.62, 0.5, 0.06], [2, 2, 0, 0, 0])
Episode: 2; Tool: [-2.42380476 -1.18256104 -0.39459836 -0.73500842 -1.203637    0.41413003
 -0.20615146  0.50095463  0.91325986  1.87248135]; Score: [-20.74844834]; Action: ([0.38, 1.61, 0.61, 0.55, 1.52], [0, 2, 0, 0, 2])
Episode: 3; Tool: [ -9.05425835 -14.01646709 -16.75354767 -13.37758923   2.87729454
  11.59027576  13.30334473   5.498981     6.35297585  -2.95306945]; Score: [-21.5859358]; Action: ([1.13, 1.49, 0.0, 1.56, 0.05], [1, 2, 0, 2, 0])
Episode: 4; Tool: [-4.34717178  1.70715952  2.9635067   1.47756279 -0.75319123 -1.85154605
 -2.97734523 -0.38577777 -0.03727895  3.95668626]; Score: [-15.03864501]; Action: ([0.88, 0.44, 0.86, 0.41, 2.0], [1, 0, 1, 0, 2])
Episode: 5; Tool: [-5.70486879 -0.61331463 -0.52679032  0.43260342  4.71731281  1.80970168
  0.71287477  0.85127211 -1.85471487 -1.47937632]; Score: [-10.51779348]; Action: ([0.18, 0.85, 0.58, 1.58, 1.17], [0, 1, 0, 2, 1])
Episode: 6; Tool: [-4.08459663 -0.63860559  0.51187605  2.14428663  4.49604225  0.9732095
  0.27325493  0.27401471 -2.39936137 -0.92932147]; Score: [-9.34288931]; Action: ([1.28, 0.91, 0.61, 1.82, 1.14], [1, 1, 0, 2, 1])
Episode: 7; Tool: [ 0.275601   -0.17938882  2.928617    4.96567392  2.75435781 -1.4943918
 -1.90455234 -1.19960189 -3.42726707 -0.8239947 ]; Score: [-16.76036905]; Action: ([0.12, 0.93, 1.01, 2.0, 1.47], [0, 1, 1, 2, 2])
Episode: 8; Tool: [ -9.3315134   15.58273602  12.88745403  -1.05560529  -2.44266701
 -11.68619347 -14.05340195  -8.79209423 -10.38158417  -6.53814554]; Score: [-24.29015415]; Action: ([0.0, 1.52, 0.08, 1.46, 0.6], [0, 2, 0, 2, 0])
Episode: 9; Tool: [-1.24074411 -1.04867935 -0.53343523  0.36439943  0.75136852  0.59998947
  0.48652154  0.42208129 -0.2646822   0.52130508]; Score: [-13.47642606]; Action: ([1.97, 1.34, 1.33, 1.74, 0.27], [2, 2, 1, 2, 0])
Episode: 10; Tool: [ 17.55605125 -14.8561964   -1.02245927  -3.00630426  -4.35022354
  -6.75760841  -6.82014751  -1.75562644  -6.86308479 -20.17744446]; Score: [-13.36856937]; Action: ([1.8, 0.23, 1.74, 1.69, 0.95], [2, 0, 2, 2, 1])
Episode: 11; Tool: [ -9.0432415   15.33708286  13.07018185  -0.83872122  -2.76262975
 -11.34348869 -14.10549259  -9.00819874 -10.87556744  -6.57970381]; Score: [-27.87203906]; Action: ([0.23, 0.15, 0.65, 1.29, 0.12], [0, 0, 0, 1, 0])
Episode: 12; Tool: [-6.95914459 -5.70783997 -7.9241972  -6.53640175  2.04432964  6.20543814
  6.05831528  2.98302364  3.48219323  0.18439537]; Score: [-17.67252066]; Action: ([0.72, 0.54, 1.03, 0.02, 1.88], [1, 0, 1, 0, 2])
Episode: 13; Tool: [ -6.39673662  -8.18246746 -10.97092342  -9.64844418   1.0974201
   7.50329828   8.0550766    4.44011784   5.24097538  -0.85687059]; Score: [-24.61568264]; Action: ([0.2, 0.25, 0.96, 0.23, 0.55], [0, 0, 1, 0, 0])
Episode: 14; Tool: [-6.67118835 -1.99089706 -2.23269391 -1.03520072  4.62994576  3.15271616
  2.46899343  1.53069663 -0.56809545 -0.89026111]; Score: [-8.72525104]; Action: ([0.9, 0.42, 0.97, 1.69, 1.04], [1, 0, 1, 2, 1])
Episode: 15; Tool: [-13.84432602  23.06321144  17.4900589   -4.26913309  -3.99213481
 -17.01712227 -20.47930527 -13.07612228 -14.54889965  -9.31852245]; Score: [-21.39331751]; Action: ([0.72, 1.72, 1.39, 1.73, 0.09], [1, 2, 2, 2, 0])
Episode: 16; Tool: [-6.01251411 -4.64676571 -6.2213273  -4.422894    1.71206582  5.5010252
  4.45816994  6.13485384  2.28119969 -1.23782563]; Score: [-22.93181367]; Action: ([0.49, 0.7, 0.19, 0.71, 1.67], [0, 1, 0, 1, 2])
Episode: 17; Tool: [-5.12238979 -2.37059212 -0.89908552  0.37090713  3.74765873  1.88819599
  1.55497551  3.82106209 -0.86352479 -2.46435142]; Score: [-10.75952785]; Action: ([1.24, 0.41, 1.68, 1.62, 0.89], [1, 0, 2, 2, 1])
Episode: 18; Tool: [-3.26670599 -2.4433434  -1.94250488 -0.43362331  1.53144133  2.29517889
  1.53361785  3.47834539  0.12369868 -0.74017793]; Score: [-16.13789783]; Action: ([1.44, 2.0, 1.65, 1.24, 0.82], [2, 2, 2, 1, 1])
Episode: 19; Tool: [-12.41519547  20.14032364  15.54421711  -3.393929    -3.36641359
 -14.89918137 -17.75564766 -11.30949306 -12.8078022   -8.22649002]; Score: [-16.7914398]; Action: ([0.26, 1.67, 1.18, 1.38, 1.87], [0, 2, 1, 2, 2])
Episode: 20; Tool: [-7.41470242 -2.13107944  0.2280627  -1.12701619 -3.15210223  0.77135313
 -1.35178518  1.04921913  2.61864924  7.35588884]; Score: [-24.66579465]; Action: ([0.0, 1.6, 1.07, 0.32, 1.1], [0, 2, 1, 0, 1])
Episode: 21; Tool: [ 17.55605125 -14.8561964   -1.02245927  -3.00630426  -4.35022354
  -6.75760841  -6.82014751  -1.75562644  -6.86308479 -20.17744446]; Score: [-18.64717067]; Action: ([0.58, 0.18, 1.56, 1.98, 0.48], [0, 0, 2, 2, 0])
Episode: 22; Tool: [-2.89388275 -1.12932456 -1.02177489 -0.56247491  1.73952401  1.27265525
  0.89216554  0.69676536 -0.03243765 -0.3282159 ]; Score: [-23.13003159]; Action: ([0.69, 1.61, 1.33, 0.45, 0.57], [1, 2, 1, 0, 0])
Episode: 23; Tool: [ 17.55605125 -14.8561964   -1.02245927  -3.00630426  -4.35022354
  -6.75760841  -6.82014751  -1.75562644  -6.86308479 -20.17744446]; Score: [-16.6726401]; Action: ([0.25, 0.05, 0.26, 1.65, 1.72], [0, 0, 0, 2, 2])
Episode: 24; Tool: [-4.00170183 -1.86300373 -0.38792419 -1.18412054 -1.94371569  0.7642287
 -0.35888129  0.65228176  1.6426326   3.31143212]; Score: [-11.71569275]; Action: ([1.4, 1.03, 0.93, 1.14, 1.36], [2, 1, 1, 1, 2])
Episode: 25; Tool: [-5.23108244 -1.21781826  0.42879385 -0.32064527 -1.74165189  0.27716053
 -1.23262942  0.74248058  1.52167177  5.53905582]; Score: [-12.14007471]; Action: ([1.71, 0.27, 1.32, 0.3, 1.27], [2, 0, 1, 0, 1])
Episode: 26; Tool: [ 0.86028242  3.1703968   8.81306076  5.84936094 -0.25803766 -8.05243587
 -8.28479195 -1.69407034 -5.51566839 -5.94187117]; Score: [-27.40063447]; Action: ([1.53, 0.94, 1.61, 0.58, 1.81], [2, 1, 2, 0, 2])
Episode: 27; Tool: [-8.40192032 -6.18761158 -6.20707703 -2.47128034  5.89999151  6.55217743
  6.4954052   2.43385863  0.57189727  0.06871063]; Score: [-9.3438767]; Action: ([1.13, 1.77, 1.16, 0.97, 1.59], [1, 2, 1, 1, 2])
Episode: 28; Tool: [-1.58206284  1.14439154  1.82482791  2.17389393  0.35078195 -0.95956212
 -1.69614196 -0.15151143 -1.44613826  0.5405677 ]; Score: [-16.0132023]; Action: ([1.77, 0.76, 0.11, 1.14, 1.93], [2, 1, 0, 1, 2])
Episode: 29; Tool: [ 17.55605125 -14.8561964   -1.02245927  -3.00630426  -4.35022354
  -6.75760841  -6.82014751  -1.75562644  -6.86308479 -20.17744446]; Score: [-20.95592641]; Action: ([0.2, 1.17, 1.51, 0.59, 1.33], [0, 1, 2, 0, 1])
Episode: 30; Tool: [ 2.97524452  2.03670454  9.74232388  6.25245237 -0.13385496 -9.45097351
 -9.82866287 -1.80341697 -6.79612064 -8.91835785]; Score: [-23.9781921]; Action: ([0.29, 0.79, 1.64, 1.83, 1.03], [0, 1, 2, 2, 1])
Episode: 31; Tool: [ 1.53861117  0.8442446   5.76259947  5.95852852  1.62745702 -4.54756212
 -4.89640236 -1.3175509  -4.42950058 -3.26425004]; Score: [-22.75353568]; Action: ([0.73, 1.66, 1.52, 0.95, 0.33], [1, 2, 2, 1, 0])
Episode: 32; Tool: [ -6.44695187  11.57781029   9.7595129   -0.22252266  -1.53822124
  -8.6650238  -10.99564838  -6.65835047  -8.04310799  -4.57502031]; Score: [-16.42921602]; Action: ([1.2, 0.43, 0.4, 1.39, 1.83], [1, 0, 0, 2, 2])
Episode: 33; Tool: [ -5.76216793  -9.19603157 -10.97216702  -8.02546024   1.67890084
   7.76211834   8.30531693   4.20652103   4.12199688   0.2942124 ]; Score: [-12.91923779]; Action: ([0.08, 0.83, 0.22, 0.21, 1.21], [0, 1, 0, 0, 1])
Episode: 34; Tool: [-6.86022043 -4.97250366 -4.58058214 -7.89856672 -6.02004814  2.39082456
  2.1660068   0.18162039  5.9363575   0.76900178]; Score: [-10.09028836]; Action: ([1.6, 0.14, 1.03, 0.92, 1.35], [2, 0, 1, 1, 2])
Episode: 35; Tool: [-4.70195389 -1.98743224 -0.14470166 -0.80033296 -2.136374    0.89073145
 -0.50825763  0.8936832   1.49734855  4.4937768 ]; Score: [-14.42444534]; Action: ([0.97, 1.35, 1.22, 1.75, 1.06], [1, 2, 1, 2, 1])
Episode: 36; Tool: [ 17.55605125 -14.8561964   -1.02245927  -3.00630426  -4.35022354
  -6.75760841  -6.82014751  -1.75562644  -6.86308479 -20.17744446]; Score: [-20.68327774]; Action: ([1.08, 1.07, 1.11, 0.18, 0.58], [1, 1, 1, 0, 0])
Episode: 37; Tool: [-2.481112   -2.22303963 -0.92776412 -0.53075546 -0.31790426  0.8099882
  0.3276881   3.23328686  0.14480755 -1.16022658]; Score: [-11.29287107]; Action: ([1.71, 0.48, 1.7, 1.25, 1.26], [2, 0, 2, 1, 1])
Episode: 38; Tool: [-4.18588877 -2.80801201 -1.67905545 -1.6542027  -1.73846781  1.64537215
  0.50963163  1.3139925   1.67622995  4.03429508]; Score: [-14.98582406]; Action: ([1.35, 1.88, 1.92, 0.47, 1.94], [2, 2, 2, 0, 2])
Episode: 39; Tool: [ -8.8902359   -6.71830034  -6.60404491 -11.16737652  -7.51853943
   3.46225572   3.61223578   0.12905353   7.99158764  -0.91120988]; Score: [-15.93622668]; Action: ([0.78, 0.67, 0.21, 1.54, 0.84], [1, 1, 0, 2, 1])
Episode: 40; Tool: [-5.70134544 -5.69216871 -7.56993008 -6.7689929   1.19984221  5.41283703
  5.64445686  2.12090039  3.63291001 -0.82664293]; Score: [-25.63072978]; Action: ([0.46, 2.0, 1.55, 1.37, 0.54], [0, 2, 2, 2, 0])
Episode: 41; Tool: [-13.30175209  22.26917267  16.91003036  -4.20920181  -4.37218904
 -16.27608109 -19.95550728 -12.70030403 -14.17045212  -8.39138126]; Score: [-25.30640995]; Action: ([0.5, 2.0, 1.25, 0.45, 0.66], [0, 2, 1, 0, 0])
Episode: 42; Tool: [-10.42189503  17.60694504  13.24904251  -2.894629    -2.50388622
 -13.26374626 -15.68997478  -9.69510746 -10.68688011  -6.85638857]; Score: [-25.98408633]; Action: ([0.15, 1.02, 1.28, 0.21, 0.53], [0, 1, 1, 0, 0])
Episode: 43; Tool: [-3.05245781 -1.8881408  -2.55680513 -1.44847071  1.37058806  2.31847954
  1.76215625  1.98689103  0.65788448  0.47811711]; Score: [-13.6791511]; Action: ([0.32, 0.17, 0.92, 1.83, 1.7], [0, 0, 1, 2, 2])
Episode: 44; Tool: [ -7.60199261  -8.80160046 -10.84276867  -7.95887709   3.71942997
   8.12280083   8.76018715   4.0682683    3.31854606  -0.98888367]; Score: [-24.5743094]; Action: ([0.48, 0.68, 0.67, 0.24, 0.2], [0, 1, 1, 0, 0])
Episode: 45; Tool: [-14.27283669  23.40829086  17.47875214  -4.5148263   -4.911973
 -17.106287   -20.72447586 -12.92772865 -14.18102932  -8.00779724]; Score: [-11.60645477]; Action: ([1.92, 0.77, 1.24, 0.08, 1.09], [2, 1, 1, 0, 1])
Episode: 46; Tool: [ -8.66100883 -13.12042427 -15.26404285 -11.50819874   3.20144343
  10.97739697  12.29752827   4.77698946   5.67003536  -1.74925208]; Score: [-18.61901014]; Action: ([0.92, 0.09, 1.46, 2.0, 0.31], [1, 0, 2, 2, 0])
Episode: 47; Tool: [-5.48309231 -2.5060885  -0.46998358 -1.27671742 -2.59522748  1.15410292
 -0.49194986  1.14036965  2.0397532   5.40702772]; Score: [-12.51688014]; Action: ([1.85, 0.39, 1.06, 1.93, 1.29], [2, 0, 1, 2, 1])
Episode: 48; Tool: [-14.32651615  24.67098808  18.135952    -4.64121389  -4.08954811
 -18.34746742 -21.92948723 -13.6196928  -14.6673336   -9.04742241]; Score: [-12.88084676]; Action: ([0.37, 0.44, 1.28, 1.74, 1.89], [0, 0, 1, 2, 2])
Episode: 49; Tool: [-12.5745573   21.64986038  16.38113976  -4.25318575  -4.38162088
 -15.8290863  -19.72731209 -12.6021843  -13.97887897  -8.28625393]; Score: [-18.74155825]; Action: ([0.45, 0.47, 0.55, 1.05, 1.81], [0, 0, 0, 1, 2])
Episode: 50; Tool: [-5.23108244 -1.21781826  0.42879385 -0.32064527 -1.74165189  0.27716053
 -1.23262942  0.74248058  1.52167177  5.53905582]; Score: [-13.79454217]; Action: ([1.49, 1.87, 1.17, 1.72, 1.93], [2, 2, 1, 2, 2])
Episode: 51; Tool: [-7.55036736 -2.64660001 -0.04807107 -1.66964865 -3.54895496  0.8936764
 -1.35343409  1.40880704  3.13212085  7.89417982]; Score: [-13.22016808]; Action: ([0.85, 1.21, 1.59, 1.59, 1.69], [1, 1, 2, 2, 2])
Episode: 52; Tool: [-8.60802078 -0.17911142  0.44056052 -0.32093173 -2.08979988  1.15025687
 -1.2203269   6.09689665 -0.39457145 -2.59474206]; Score: [-19.94553545]; Action: ([0.19, 1.84, 0.88, 1.58, 1.53], [0, 2, 1, 2, 2])
Episode: 53; Tool: [-6.89392948 -2.41528916  0.01180516 -1.10541427 -2.95027518  1.0344243
 -0.98559248  1.15359116  2.33067751  6.9636941 ]; Score: [-12.09113744]; Action: ([0.95, 0.52, 0.69, 0.12, 0.13], [1, 0, 1, 0, 0])
Episode: 54; Tool: [-13.35284138  22.55006027  16.90069962  -3.98083735  -4.1337595
 -16.66871834 -20.07604599 -12.49132061 -13.68417454  -8.12553692]; Score: [-10.94555885]; Action: ([1.48, 1.65, 0.82, 0.34, 0.63], [2, 2, 1, 0, 0])
Episode: 55; Tool: [-2.481112   -2.22303963 -0.92776412 -0.53075546 -0.31790426  0.8099882
  0.3276881   3.23328686  0.14480755 -1.16022658]; Score: [-11.4219305]; Action: ([0.98, 0.38, 0.22, 1.46, 0.43], [1, 0, 0, 2, 0])
Episode: 56; Tool: [-6.07731009 -0.46509263 -0.10553087  1.11320913  5.65170479  1.74635696
  0.43368006  0.87113214 -2.58752966 -1.95583653]; Score: [-9.8616222]; Action: ([0.87, 1.81, 1.2, 0.64, 1.42], [1, 2, 1, 0, 2])
Episode: 57; Tool: [-5.88915157  0.42487791  0.52158254 -0.24730842 -0.70762002  0.71840537
 -1.10823178  3.42185569 -0.81857407 -1.77739906]; Score: [-18.72920402]; Action: ([1.54, 0.26, 0.87, 0.56, 0.28], [2, 0, 1, 0, 0])
Episode: 58; Tool: [ 0.75883198 -0.15265191  3.69389582  5.43746614  2.569314   -2.27513957
 -2.63073874 -1.16577768 -3.76407862 -1.49975514]; Score: [-19.14046938]; Action: ([0.24, 0.72, 2.0, 1.91, 0.71], [0, 1, 2, 2, 1])
Episode: 59; Tool: [ -6.29471016  -9.57602119 -11.88588428 -10.1208601    1.02484667
   8.02924919   8.8383255    3.43870163   5.45692301  -1.46274996]; Score: [-12.42442036]; Action: ([0.91, 0.17, 0.41, 0.32, 1.59], [1, 0, 0, 0, 2])
Episode: 60; Tool: [-6.24055195 -4.89661074 -5.17516327 -7.96512556 -4.66843748  2.76546168
  2.97533822  0.52632332  5.53907061 -1.04805541]; Score: [-20.95802415]; Action: ([0.38, 2.0, 1.69, 1.88, 0.86], [0, 2, 2, 2, 1])
Episode: 61; Tool: [-12.03588581  19.46792221  15.11689663  -2.98368692  -3.9241817
 -14.30162525 -17.27375793 -10.80535603 -12.2236805   -7.11774302]; Score: [-13.1257534]; Action: ([1.26, 1.3, 1.43, 1.62, 1.13], [1, 1, 2, 2, 1])
Episode: 62; Tool: [-4.26850843 -2.10655046 -2.27760696 -0.98153299  2.80711579  2.72829962
  1.82799006  3.11990309 -0.12892509 -1.0833106 ]; Score: [-20.74583847]; Action: ([0.74, 1.75, 0.96, 0.87, 1.03], [1, 2, 1, 1, 1])
Episode: 63; Tool: [-12.39270592  21.0082798   15.94985294  -3.66492558  -4.15798378
 -15.42773056 -18.93359947 -11.87431622 -13.16672134  -7.62209845]; Score: [-14.03059826]; Action: ([1.13, 0.39, 0.24, 1.12, 0.23], [1, 0, 0, 1, 0])
Episode: 64; Tool: [-6.24819231 -1.75303304 -1.86249852 -0.52023858  5.07890892  2.98720741
  1.79618335  2.47770667 -1.36251223 -2.14200163]; Score: [-10.962022]; Action: ([1.62, 0.62, 0.55, 0.83, 1.94], [2, 0, 0, 1, 2])
Episode: 65; Tool: [-5.37429571e+00  1.86226100e-01  3.92954051e-03  7.95063078e-01
  4.75133133e+00  1.25504220e+00 -1.72430009e-01  5.53178191e-01
 -2.49125719e+00 -1.61147261e+00]; Score: [-31.65981127]; Action: ([0.0, 0.77, 0.02, 1.13, 0.04], [0, 1, 0, 1, 0])
Episode: 66; Tool: [-4.35587645 -1.8251822  -2.1310277  -0.97729141  3.11359954  2.42148161
  1.97494483  1.58647943 -0.20185935 -0.30568343]; Score: [-15.09282149]; Action: ([0.55, 0.63, 1.13, 1.44, 0.94], [0, 0, 1, 2, 1])
Episode: 67; Tool: [-8.43985939 -2.58043933 -1.60295784 -1.29089725 -0.54892719  2.64358497
  0.02837914  8.39345455  0.07474813 -3.86888766]; Score: [-15.76359727]; Action: ([1.01, 0.48, 0.16, 1.85, 0.61], [1, 0, 0, 2, 0])
Episode: 68; Tool: [-7.55036736 -2.64660001 -0.04807107 -1.66964865 -3.54895496  0.8936764
 -1.35343409  1.40880704  3.13212085  7.89417982]; Score: [-14.19494738]; Action: ([1.04, 0.09, 0.21, 1.13, 1.93], [1, 0, 0, 1, 2])
Episode: 69; Tool: [-5.64238071 -3.22548532 -2.71859884 -5.45723534 -4.58211184  1.2930702
  1.20342875  0.58463275  4.07548714 -0.17543584]; Score: [-19.94573353]; Action: ([0.55, 0.72, 0.38, 0.94, 1.89], [0, 1, 0, 1, 2])
Episode: 70; Tool: [-7.79290104 -2.26988649  0.20062132 -1.88250816 -3.43786073  0.57035106
 -1.59078968  0.95664477  3.43528867  7.49769545]; Score: [-27.57834203]; Action: ([0.05, 0.52, 0.13, 0.0, 0.75], [0, 0, 0, 0, 1])
Episode: 71; Tool: [-3.38436031 -1.4161768  -0.14012991 -0.53225905 -1.39690292  0.52051365
 -0.50304663  0.67955816  1.08516288  3.25657725]; Score: [-19.77580398]; Action: ([0.57, 1.26, 1.58, 1.1, 0.72], [0, 1, 2, 1, 1])
Episode: 72; Tool: [-1.33905017 -0.46568513 -0.06277197  0.20437762 -0.04586458  0.17026137
 -0.27609378  0.42099753 -0.01232265  0.85262907]; Score: [-24.43126123]; Action: ([1.93, 1.76, 2.0, 0.17, 0.36], [2, 2, 2, 0, 0])
Episode: 73; Tool: [-1.98164785 -1.16292167 -0.60035026 -0.4628188  -0.534235    0.54299414
 -0.00344136  0.59088123  0.57999074  1.68145275]; Score: [-26.9919107]; Action: ([0.12, 0.14, 0.6, 1.68, 0.21], [0, 0, 0, 2, 0])
Episode: 74; Tool: [-6.10667515 -8.09068012 -5.89780474 -3.89703989  1.08415866  4.9386301
  4.52920437  9.62930012  1.93362164 -4.39496565]; Score: [-13.54958122]; Action: ([1.27, 0.85, 1.52, 0.86, 1.49], [1, 1, 2, 1, 2])
Episode: 75; Tool: [-7.08663321 -1.59989536 -1.52382088 -0.15736382  6.10643768  2.97269344
  1.78882551  1.99929833 -1.82339418 -2.27701545]; Score: [-26.60644569]; Action: ([0.79, 1.8, 0.12, 0.74, 0.08], [1, 2, 0, 1, 0])
Episode: 76; Tool: [ 5.63036156 -1.28043711  7.43373728  7.75838327  2.54862142 -6.65471554
 -6.74568653 -1.1662693  -5.9444828  -7.74011421]; Score: [-21.00869184]; Action: ([1.27, 0.96, 0.22, 1.1, 1.47], [1, 1, 0, 1, 2])
Episode: 77; Tool: [ 1.56677544  1.38281608  6.40812778  5.70967436  1.04626882 -5.3807621
 -5.68845463 -1.35718632 -4.50437117 -3.9972918 ]; Score: [-19.76703225]; Action: ([0.09, 0.31, 1.18, 0.9, 1.09], [0, 0, 1, 1, 1])
Episode: 78; Tool: [-11.05006123  -5.24213552  -6.99167299  -5.15380239   6.06509495
   7.18202162   6.24342251   2.86303234   1.50169194  -1.27964473]; Score: [-17.06830028]; Action: ([1.49, 1.48, 1.51, 0.16, 1.48], [2, 2, 2, 0, 2])
Episode: 79; Tool: [ -9.76187801  -7.45699453  -6.26403236 -12.06206512  -8.94941139
   2.75461411   2.56388021  -0.10828763   9.13259125   0.24404508]; Score: [-22.66870507]; Action: ([1.31, 1.52, 0.28, 0.0, 1.96], [1, 2, 0, 0, 2])
Episode: 80; Tool: [ 4.47209597  0.82726026  9.46116924  6.56106234  0.51929581 -9.2405653
 -9.71412754 -1.78283906 -7.13960648 -9.73624229]; Score: [-22.69696621]; Action: ([0.66, 1.82, 1.65, 0.22, 0.92], [0, 2, 2, 0, 1])
Episode: 81; Tool: [ -8.4858408  -13.08283138 -15.73438358 -13.78215218   1.59638107
  10.69041348  12.24457359   4.87887478   7.34112501  -3.33298707]; Score: [-17.41139745]; Action: ([0.68, 0.86, 1.06, 1.5, 0.82], [1, 1, 1, 2, 1])
Episode: 82; Tool: [-3.7441349  -2.38499689 -1.16010201 -1.03623044 -1.21367729  1.22580194
  0.04581356  1.10635042  1.36174202  4.18466091]; Score: [-27.13184019]; Action: ([0.62, 1.27, 0.57, 0.04, 0.72], [0, 1, 0, 0, 1])
Episode: 83; Tool: [-12.41961479  21.22374916  16.19906044  -3.69726419  -4.25661659
 -15.59827995 -19.22761536 -12.13371181 -13.48165417  -7.94358206]; Score: [-18.85902998]; Action: ([0.05, 1.01, 1.0, 0.87, 1.32], [0, 1, 1, 1, 1])
Episode: 84; Tool: [ -7.84629059 -14.36622429 -16.94177818 -14.02715206   2.03011394
  11.34777832  12.98811722   5.57908297   7.21559715  -2.68637991]; Score: [-12.01014681]; Action: ([0.49, 0.14, 1.84, 1.38, 1.0], [0, 0, 2, 2, 1])
Episode: 85; Tool: [-13.23802185  22.23086357  16.80622101  -4.27759314  -4.70351076
 -16.24146461 -20.05310631 -12.70323849 -14.0589819   -8.22359467]; Score: [-23.04163805]; Action: ([0.66, 0.79, 2.0, 0.64, 1.33], [0, 1, 2, 0, 1])
Episode: 86; Tool: [ 1.69911671  0.29490873  5.28572178  6.64156294  2.68387818 -3.7398262
 -4.15349865 -1.44863915 -4.65031099 -2.60850787]; Score: [-18.20079477]; Action: ([1.0, 1.51, 0.88, 0.65, 1.0], [1, 2, 1, 0, 1])
Episode: 87; Tool: [ 0.77957809  1.64066923  6.12544584  5.15276718  0.91588032 -5.16860247
 -5.30227566 -1.16982031 -4.17114878 -3.47533965]; Score: [-24.23906788]; Action: ([1.11, 0.57, 0.3, 0.75, 0.5], [1, 0, 0, 1, 0])
Episode: 88; Tool: [ 1.7516675   2.35249114  8.59225368  6.11617184  0.17606536 -7.90362978
 -8.09062386 -1.52439213 -5.56952858 -6.36608076]; Score: [-19.19551078]; Action: ([0.18, 1.07, 0.54, 1.47, 1.71], [0, 1, 0, 2, 2])
Episode: 89; Tool: [-7.64060068 -6.04581308 -6.57086563 -9.35699177 -4.21863365  4.05173063
  4.18610191  0.68723691  6.48362541 -0.796341  ]; Score: [-24.05124517]; Action: ([0.61, 0.75, 0.04, 1.3, 0.74], [0, 1, 0, 1, 1])
Episode: 90; Tool: [-4.49758005 -1.8939991  -2.18557954 -1.42696226  3.05977035  2.46453285
  1.93077826  2.0321238  -0.04654518 -1.10832095]; Score: [-12.2680248]; Action: ([0.4, 0.12, 0.98, 0.53, 0.28], [0, 0, 1, 0, 0])
Episode: 91; Tool: [ 17.55605125 -14.8561964   -1.02245927  -3.00630426  -4.35022354
  -6.75760841  -6.82014751  -1.75562644  -6.86308479 -20.17744446]; Score: [-23.40410261]; Action: ([0.09, 0.31, 0.93, 0.69, 0.43], [0, 0, 1, 1, 0])
Episode: 92; Tool: [-4.49050951 -5.54799891 -6.85246181 -4.96624041  1.37092531  5.26958847
  4.97751427  4.84403372  2.68241048 -0.64266342]; Score: [-20.40257839]; Action: ([0.25, 1.41, 0.19, 1.19, 1.2], [0, 2, 0, 1, 1])
Episode: 93; Tool: [-7.0071125  -7.5874238  -9.94924355 -8.10030079  2.58808541  7.4633522
  7.67216301  3.76586676  4.34864664 -0.77698511]; Score: [-13.50765684]; Action: ([1.84, 0.72, 1.86, 0.69, 0.18], [2, 1, 2, 1, 0])
Episode: 94; Tool: [-2.79756737 -2.24874973 -2.39491391 -2.0146215  -0.39724115  1.81573009
  1.5181998   2.50850296  1.13749647 -0.46032315]; Score: [-26.85608608]; Action: ([0.48, 1.36, 1.44, 0.25, 0.16], [0, 2, 2, 0, 0])
Episode: 95; Tool: [-5.84691191 -1.98379779 -0.12716179 -1.18375969 -2.42407775  0.69773471
 -0.9811818   0.8961547   2.26939654  5.72626209]; Score: [-21.09533387]; Action: ([1.12, 1.3, 1.9, 1.48, 0.0], [1, 1, 2, 2, 0])
Episode: 96; Tool: [-5.93323851 -3.96604705 -4.11114883 -1.2418704   4.4797225   4.47568035
  4.17013931  1.89417791  0.1545507   0.73550111]; Score: [-10.52046138]; Action: ([0.93, 0.28, 1.45, 1.8, 0.96], [1, 0, 2, 2, 1])
Episode: 97; Tool: [ -8.46963024  -9.71924973 -11.45488834  -7.28360987   4.33144951
   9.26865768   9.75428009   3.80136228   3.59400988   0.15282971]; Score: [-14.89670029]; Action: ([1.23, 0.88, 0.32, 1.6, 1.83], [1, 1, 0, 2, 2])
Episode: 98; Tool: [ 17.55605125 -14.8561964   -1.02245927  -3.00630426  -4.35022354
  -6.75760841  -6.82014751  -1.75562644  -6.86308479 -20.17744446]; Score: [-20.48573477]; Action: ([0.63, 1.64, 1.89, 0.64, 0.68], [0, 2, 2, 0, 1])
Episode: 99; Tool: [ 0.275601   -0.17938882  2.928617    4.96567392  2.75435781 -1.4943918
 -1.90455234 -1.19960189 -3.42726707 -0.8239947 ]; Score: [-21.2522222]; Action: ([0.53, 1.91, 1.16, 1.03, 0.78], [0, 2, 1, 1, 1])
Episode: 100; Tool: [-9.05602074 -2.46260738 -3.50906205 -2.19331956  6.14655399  4.56428766
  3.24814153  2.4492209  -0.7138176  -1.49593139]; Score: [-14.117545]; Action: ([0.84, 2.0, 1.13, 1.87, 2.0], [1, 2, 1, 2, 2])
Episode: 101; Tool: [-6.763587   -8.71742249 -9.98130512 -6.4350543   4.08111715  7.97859955
  8.43917274  4.1994462   3.33649302 -0.01291531]; Score: [-18.53034177]; Action: ([0.09, 1.75, 1.06, 1.18, 1.84], [0, 2, 1, 1, 2])
Episode: 102; Tool: [-1.20504308  5.15141535  9.34945107  4.71669531 -1.41909945 -8.77115059
 -9.07419586 -2.07337332 -5.46554184 -5.77726078]; Score: [-20.84397642]; Action: ([1.93, 0.01, 0.89, 0.53, 0.72], [2, 0, 1, 0, 1])
Episode: 103; Tool: [-7.47644234 -6.77107859 -9.33490658 -8.36540604  1.41570926  6.92427826
  7.27966404  3.23784733  4.69551611 -0.96117729]; Score: [-23.46954201]; Action: ([0.79, 1.63, 1.71, 0.53, 0.62], [1, 2, 2, 0, 0])
Episode: 104; Tool: [-13.90701675  23.1551342   17.46048164  -4.24259043  -4.6650033
 -16.95805931 -20.61383629 -12.92918301 -14.27915955  -8.22961807]; Score: [-22.0439564]; Action: ([0.2, 1.6, 1.51, 0.1, 2.0], [0, 2, 2, 0, 2])
Episode: 105; Tool: [-9.02306938 -7.61636686 -8.03908062 -5.20187569  5.34873486  7.38101006
  7.51973438  3.09159231  1.76220298 -1.67999434]; Score: [-22.25549483]; Action: ([0.47, 1.57, 1.59, 1.46, 0.0], [0, 2, 2, 2, 0])
Episode: 106; Tool: [-7.38872623 -3.68215871 -5.7291069  -3.86208487  1.75101459  5.64673567
  4.02736664  6.63694525  2.09315419 -0.31474191]; Score: [-8.86745227]; Action: ([0.71, 1.58, 1.31, 1.38, 0.97], [1, 2, 1, 2, 1])
Episode: 107; Tool: [-2.02442789 -0.56225014  1.20957565  2.82429457  3.40082955  0.05201377
 -0.22128621  0.07332087 -2.19631648 -0.60979909]; Score: [-15.25028063]; Action: ([1.92, 0.98, 0.45, 1.21, 1.18], [2, 1, 0, 1, 1])
Episode: 108; Tool: [-4.68948078 -3.45935822 -4.827209   -4.06670809  1.44051409  3.84325504
  3.51212358  2.42400742  2.1788795   0.15146333]; Score: [-15.42508151]; Action: ([1.28, 1.17, 1.56, 1.37, 0.74], [1, 1, 2, 2, 1])
Episode: 109; Tool: [-5.37457561 -1.65281951  0.13109496 -0.96998841 -2.27728391  0.36367869
 -1.23973703  0.9367469   2.15942883  5.60327578]; Score: [-18.8439106]; Action: ([0.45, 1.18, 1.35, 0.33, 1.95], [0, 1, 2, 0, 2])
Episode: 110; Tool: [-3.58519864 -1.48995399 -0.46151924 -0.26010692 -0.81702411  0.79165363
 -0.24341048  0.64878929  0.75464201  3.68868518]; Score: [-10.64694588]; Action: ([0.63, 1.16, 0.62, 0.27, 0.41], [0, 1, 0, 0, 0])
Episode: 111; Tool: [-7.08997345 -3.31308126 -5.19049215 -4.8885088   3.11395335  4.57130718
  4.07375908  3.00931811  1.91971111 -1.58768749]; Score: [-12.36026057]; Action: ([1.18, 1.77, 1.36, 0.0, 0.59], [1, 2, 2, 0, 0])
Episode: 112; Tool: [-5.89268589 -1.93193078 -0.02647911 -1.06092417 -2.36550808  0.56069511
 -1.19510627  1.10024905  2.29097605  6.37774611]; Score: [-15.43493082]; Action: ([1.31, 0.63, 1.98, 0.84, 0.76], [1, 0, 2, 1, 1])
Episode: 113; Tool: [-5.84691191 -1.98379779 -0.12716179 -1.18375969 -2.42407775  0.69773471
 -0.9811818   0.8961547   2.26939654  5.72626209]; Score: [-21.24723943]; Action: ([1.88, 0.53, 0.18, 0.42, 0.04], [2, 0, 0, 0, 0])
Episode: 114; Tool: [-12.00399685  19.26899529  15.09631443  -2.85542154  -3.83904719
 -14.16812038 -17.0673542  -10.72387409 -12.22677422  -7.25932598]; Score: [-14.28628341]; Action: ([0.58, 1.78, 1.86, 1.32, 0.02], [0, 2, 2, 1, 0])
Episode: 115; Tool: [ -8.9564209   15.36110687  12.43748856  -2.40980482  -3.11180162
 -11.17133331 -14.33679295  -9.38792896 -11.04515171  -6.48245287]; Score: [-18.51984691]; Action: ([1.55, 1.53, 0.17, 1.0, 0.63], [2, 2, 0, 1, 0])
Episode: 116; Tool: [-6.11702061 -5.50322294 -5.9380784  -8.44937992 -4.82805681  3.35383105
  3.64095855  0.55540085  5.63951206 -1.02737832]; Score: [-15.46932785]; Action: ([1.34, 0.65, 1.43, 0.67, 1.27], [2, 0, 2, 1, 1])
Episode: 117; Tool: [ 17.55605125 -14.8561964   -1.02245927  -3.00630426  -4.35022354
  -6.75760841  -6.82014751  -1.75562644  -6.86308479 -20.17744446]; Score: [-7.15421774]; Action: ([0.81, 1.15, 0.82, 1.21, 1.26], [1, 1, 1, 1, 1])
Episode: 118; Tool: [-5.19399166 -1.03402269  0.5370456  -0.11740474 -1.59861147  0.24100216
 -1.22656369  0.59489572  1.33278704  5.3185153 ]; Score: [-19.07010888]; Action: ([1.67, 0.27, 0.16, 1.18, 1.3], [2, 0, 0, 1, 1])
Episode: 119; Tool: [-3.91636944 -0.62016964  0.75434864  0.1096627  -1.28062153 -0.05496703
 -1.17602277  0.45120025  0.90124083  3.94729853]; Score: [-11.73869352]; Action: ([0.86, 1.64, 0.14, 0.19, 1.01], [1, 2, 0, 0, 1])
Episode: 120; Tool: [-4.43868113 -3.45896769 -3.55822539 -5.04603243 -2.9253304   2.16880035
  2.32433701  1.11874175  3.26680446 -1.0152936 ]; Score: [-20.99202167]; Action: ([1.85, 1.95, 1.56, 0.19, 0.57], [2, 2, 2, 0, 0])
Episode: 121; Tool: [-7.47938538 -5.89536524 -5.25415468 -8.8521471  -4.97492027  3.04011941
  2.7897594   0.39976984  6.63892937  0.11005646]; Score: [-16.78570788]; Action: ([0.0, 0.91, 1.17, 1.43, 0.23], [0, 1, 1, 2, 0])
Episode: 122; Tool: [-4.30923462 -2.16888118 -3.02786422 -1.87668765  1.42177844  3.03371239
  2.05998945  3.9440136   0.95547497 -0.298866  ]; Score: [-13.34415141]; Action: ([0.89, 0.38, 0.08, 1.72, 1.62], [1, 0, 0, 2, 2])
Episode: 123; Tool: [ 0.71247983  2.95183587  7.93935156  5.29692602 -0.0822185  -7.22978687
 -7.49271011 -1.63238454 -5.03366327 -5.34789896]; Score: [-9.46668976]; Action: ([1.78, 0.88, 0.73, 1.36, 1.27], [2, 1, 1, 2, 1])
Episode: 124; Tool: [-4.16103506 -2.02675867 -0.60617757 -1.08600855 -1.72268379  1.01776612
 -0.13350736  0.65573627  1.47202992  3.50978208]; Score: [-31.64453436]; Action: ([0.13, 1.76, 0.58, 0.0, 0.16], [0, 2, 0, 0, 0])
Episode: 125; Tool: [-3.02704811  6.88851976  9.24896145  3.70607305 -1.93395483 -8.5059967
 -9.07471752 -2.67476368 -5.29840946 -4.60042238]; Score: [-17.91384776]; Action: ([1.45, 0.78, 1.13, 0.0, 0.78], [2, 1, 1, 0, 1])
Episode: 126; Tool: [-4.9735713  -3.897542   -5.16915846 -5.08763409 -0.01409954  3.90427923
  3.8022964   2.74758673  3.08556247 -0.60116696]; Score: [-17.44187674]; Action: ([0.56, 0.53, 0.76, 1.48, 1.59], [0, 0, 1, 2, 2])
Episode: 127; Tool: [-2.62196708 -2.11207509 -2.55678821 -2.36893392 -0.27366415  1.84703636
  1.65597975  1.61964536  1.41051507  0.01463342]; Score: [-18.07537073]; Action: ([1.15, 1.69, 0.98, 0.98, 1.1], [1, 2, 1, 1, 1])
