Episode: 0; Tool: [-6.48825741 -5.20265245 -5.63131428 -8.2714119  -4.83202648  3.24219894
  3.45918036  0.68158829  5.63559341 -0.96074575]; Score: [-15.3191932]; Action: ([1.78, 2.0, 0.29, 0.16, 0.64], [2, 2, 0, 0, 0])
Episode: 1; Tool: [ 17.55605125 -14.8561964   -1.02245927  -3.00630426  -4.35022354
  -6.75760841  -6.82014751  -1.75562644  -6.86308479 -20.17744446]; Score: [-11.4779858]; Action: ([0.43, 0.34, 0.85, 1.65, 0.51], [0, 0, 1, 2, 0])
Episode: 2; Tool: [-4.60331964 -2.18335891 -0.64847004 -0.85149711 -1.59330106  1.07826698
 -0.31123346  1.00202465  1.47779644  4.86035299]; Score: [-26.50998227]; Action: ([0.15, 1.05, 0.53, 0.69, 0.0], [0, 1, 0, 1, 0])
Episode: 3; Tool: [-8.66501999 -4.6903038  -7.27836847 -4.67980289  2.11440945  7.00149298
  5.05955505  8.24398041  2.49531889  0.46797234]; Score: [-12.23112034]; Action: ([1.61, 1.71, 1.24, 1.19, 2.0], [2, 2, 1, 1, 2])
Episode: 4; Tool: [ -7.70292091  -9.72089005 -12.03102398  -8.84562969   2.85640526
   8.8971386    9.34717369   3.35530233   4.45591927   0.28273517]; Score: [-19.29580522]; Action: ([0.9, 1.24, 0.6, 0.74, 0.69], [1, 1, 0, 1, 1])
Episode: 5; Tool: [-4.34717178  1.70715952  2.9635067   1.47756279 -0.75319123 -1.85154605
 -2.97734523 -0.38577777 -0.03727895  3.95668626]; Score: [-25.0593267]; Action: ([0.41, 1.75, 0.03, 1.35, 1.08], [0, 2, 0, 2, 1])
Episode: 6; Tool: [-10.0953064   -4.64267254  -6.58121872  -5.03341818   5.21956921
   6.51110601   5.6510191    2.5685904    1.46303546  -1.13452506]; Score: [-26.46195367]; Action: ([2.0, 0.95, 1.36, 1.17, 0.84], [2, 1, 2, 1, 1])
Episode: 7; Tool: [ -9.29431343  15.65911102  13.19642162  -0.70053238  -2.93226266
 -11.61659336 -14.27045441  -8.89120483 -10.60221577  -6.11969423]; Score: [-22.24438167]; Action: ([1.5, 0.8, 0.11, 0.47, 1.05], [2, 1, 0, 0, 1])
Episode: 8; Tool: [ 0.54749775  3.18264675  8.47146606  5.36500216 -0.35559425 -7.86557961
 -7.99069977 -1.47819543 -5.18409538 -5.62481785]; Score: [-7.49997356]; Action: ([1.36, 0.47, 1.01, 0.87, 1.01], [2, 0, 1, 1, 1])
Episode: 9; Tool: [-14.34370804  24.06586075  18.15640831  -4.57094049  -4.37925863
 -17.69465828 -21.43689537 -13.66904736 -15.1307869   -9.46780014]; Score: [-18.84956197]; Action: ([1.76, 1.35, 1.77, 0.72, 0.04], [2, 2, 2, 1, 0])
Episode: 10; Tool: [-2.01474142 -1.03252208 -0.94642675 -0.13377739  0.89449751  1.07969344
  0.52808845  1.64341974 -0.13119879  0.00315851]; Score: [-11.79268314]; Action: ([1.04, 0.3, 1.23, 1.57, 1.42], [1, 0, 1, 2, 2])
Episode: 11; Tool: [-2.30420732 -2.24701071 -2.62240076 -2.914675   -0.96187019  1.53836679
  1.67875803  0.87256163  1.68197036 -0.5069868 ]; Score: [-25.54216157]; Action: ([0.12, 0.25, 0.9, 1.14, 0.48], [0, 0, 1, 1, 0])
Episode: 12; Tool: [-0.02599463 -0.39932942  2.04944324  3.72900319  2.19784284 -0.99800152
 -1.21953571 -0.68760705 -2.50180602 -0.39148861]; Score: [-10.87913609]; Action: ([0.85, 0.45, 0.78, 0.02, 1.33], [1, 0, 1, 0, 1])
Episode: 13; Tool: [-8.56558228 -3.825665   -6.20498562 -3.88100576  2.58043122  6.40089369
  4.38435459  7.83097887  1.84672546 -0.3938275 ]; Score: [-15.88806485]; Action: ([1.47, 0.0, 1.05, 0.88, 1.89], [2, 0, 1, 1, 2])
Episode: 14; Tool: [-6.54111004 -2.62551355 -0.73784333 -0.45035189 -0.14605209  1.6406002
  0.01470098  6.94039106 -0.12063912 -3.47070098]; Score: [-23.61569654]; Action: ([0.19, 1.54, 1.36, 1.36, 0.22], [0, 2, 2, 2, 0])
Episode: 15; Tool: [ 0.259774    0.2098231   2.39169931  2.84494233  1.24257934 -1.82601285
 -1.99161267 -0.45235628 -2.01091123 -0.91255933]; Score: [-9.64801606]; Action: ([1.19, 0.99, 0.47, 0.42, 0.46], [1, 1, 0, 0, 0])
Episode: 16; Tool: [-1.20504308  5.15141535  9.34945107  4.71669531 -1.41909945 -8.77115059
 -9.07419586 -2.07337332 -5.46554184 -5.77726078]; Score: [-12.46964449]; Action: ([1.99, 1.37, 1.06, 1.13, 1.02], [2, 2, 1, 1, 1])
Episode: 17; Tool: [ 1.52042031  0.47979775  4.60879421  4.82677794  1.53979445 -3.7281549
 -3.96073461 -0.8684935  -3.47762322 -2.62178063]; Score: [-16.61003856]; Action: ([1.96, 1.51, 1.38, 0.53, 0.87], [2, 2, 2, 0, 1])
Episode: 18; Tool: [-1.07365501 -4.37781811 -3.64294195 -1.17801595  1.38031137  2.61662388
  2.91594529  1.80653763  0.35022792  0.44190961]; Score: [-27.83765631]; Action: ([0.3, 0.3, 0.17, 1.36, 0.36], [0, 0, 0, 2, 0])
Episode: 19; Tool: [-1.50677788 -0.50381279  2.16176343  4.73653698  4.34483242 -0.39813685
 -0.81645554 -0.64265734 -3.51608849 -0.53827786]; Score: [-23.79505603]; Action: ([0.05, 0.5, 0.59, 1.01, 1.27], [0, 0, 0, 1, 1])
Episode: 20; Tool: [-4.80822706 -1.09456897  0.15446183  0.28581953 -0.8501544   0.67608577
 -0.6336863   0.36367857  0.63411236  4.66306496]; Score: [-21.40150826]; Action: ([0.28, 0.24, 1.11, 1.63, 0.02], [0, 0, 1, 2, 0])
Episode: 21; Tool: [-11.05006123  -5.24213552  -6.99167299  -5.15380239   6.06509495
   7.18202162   6.24342251   2.86303234   1.50169194  -1.27964473]; Score: [-19.91364349]; Action: ([0.58, 0.92, 0.54, 1.95, 0.61], [0, 1, 0, 2, 0])
Episode: 22; Tool: [-7.24192142 -4.59092236 -6.4397316  -5.62914896  3.51170516  5.44831419
  5.03268528  3.1492641   2.34368396 -1.41588283]; Score: [-20.94298856]; Action: ([1.57, 1.18, 0.33, 0.13, 1.55], [2, 1, 0, 0, 2])
Episode: 23; Tool: [-6.30719519 -1.97646797  0.36037183 -1.2351836  -3.12943125  0.45935607
 -1.41697598  1.13266933  2.57712698  6.44683075]; Score: [-16.05876838]; Action: ([1.78, 1.2, 0.26, 1.46, 1.19], [2, 1, 0, 2, 1])
Episode: 24; Tool: [-4.513484   -4.17875051 -5.43907022 -4.74913645  0.16181496  3.93188095
  3.99151587  2.10646105  2.66210437  0.22498804]; Score: [-21.29876167]; Action: ([1.74, 1.01, 0.16, 0.2, 1.33], [2, 1, 0, 0, 1])
Episode: 25; Tool: [-6.21290779 -3.69913578 -5.30043983 -4.43898916  0.43059108  4.67538548
  3.77384114  4.75288439  2.55425525 -0.49735051]; Score: [-11.32387476]; Action: ([1.85, 1.19, 0.84, 1.45, 1.01], [2, 1, 1, 2, 1])
Episode: 26; Tool: [-3.7441349  -2.38499689 -1.16010201 -1.03623044 -1.21367729  1.22580194
  0.04581356  1.10635042  1.36174202  4.18466091]; Score: [-16.34095892]; Action: ([1.39, 1.32, 1.31, 1.19, 0.54], [2, 1, 1, 1, 0])
Episode: 27; Tool: [-4.85129642 -2.71230888 -3.76722288 -3.2170682   1.87727892  3.17524648
  3.03228664  1.39503431  1.34084988 -0.74922031]; Score: [-20.75207882]; Action: ([1.42, 0.0, 0.51, 1.01, 0.98], [2, 0, 0, 1, 1])
Episode: 28; Tool: [-6.19214582 -3.26319385 -4.4321599  -1.38910937  4.56148386  4.64854002
  3.79202104  1.9617238   0.04894575  1.76622343]; Score: [-10.26824182]; Action: ([1.49, 0.71, 0.69, 1.17, 0.18], [2, 1, 1, 1, 0])
Episode: 29; Tool: [-5.05633116 -2.13208938 -0.19167894 -0.9691897  -2.32658172  0.92241907
 -0.59352922  0.99342269  1.74655294  4.95495749]; Score: [-20.5056568]; Action: ([1.42, 2.0, 1.4, 1.29, 0.22], [2, 2, 2, 1, 0])
Episode: 30; Tool: [-7.30692101 10.88734818  9.92836285  0.39557654 -1.88085258 -8.17815208
 -9.65068531 -5.96553946 -7.70903015 -4.64753485]; Score: [-18.6796291]; Action: ([1.64, 0.69, 1.8, 0.24, 0.78], [2, 1, 2, 0, 1])
Episode: 31; Tool: [ 0.86202621 -0.02548821  4.08905458  5.9018631   2.70701194 -2.50635695
 -2.90590072 -1.32670665 -4.07114935 -1.62409949]; Score: [-10.04313665]; Action: ([1.88, 1.71, 1.41, 1.84, 1.85], [2, 2, 2, 2, 2])
Episode: 32; Tool: [-6.51157093 -1.24131322  0.84589279 -0.84714311 -2.52920651 -0.23781715
 -2.18735051  1.04478478  2.69402099  7.46351862]; Score: [-11.97210801]; Action: ([0.4, 0.3, 1.62, 0.96, 1.68], [0, 0, 2, 1, 2])
Episode: 33; Tool: [-11.11042976  17.68349457  14.2367363   -2.22871447  -3.52716303
 -13.03251266 -15.74796104  -9.96070004 -11.59505463  -7.07272434]; Score: [-20.91110622]; Action: ([0.39, 1.63, 1.58, 0.29, 1.57], [0, 2, 2, 0, 2])
Episode: 34; Tool: [-13.77984619  22.52857399  16.88387299  -4.34481955  -4.77435303
 -16.45525932 -19.98843956 -12.49964046 -13.76362038  -7.80543661]; Score: [-20.39608032]; Action: ([0.49, 0.81, 0.12, 0.58, 1.16], [0, 1, 0, 0, 1])
Episode: 35; Tool: [-10.96153069 -10.13647842 -11.41099739  -7.39421225   6.72776127
  10.19868469  10.15429306   4.7646718    3.15002227  -1.18185949]; Score: [-11.57127655]; Action: ([1.68, 0.46, 0.87, 0.36, 0.44], [2, 0, 1, 0, 0])
Episode: 36; Tool: [-7.03510046 -6.13868761 -8.41380024 -6.78024864  0.94888043  6.43492222
  6.44750786  3.59236002  3.68491507  0.92409664]; Score: [-12.01342879]; Action: ([1.96, 0.44, 1.05, 0.55, 1.59], [2, 0, 1, 0, 2])
Episode: 37; Tool: [ 17.55605125 -14.8561964   -1.02245927  -3.00630426  -4.35022354
  -6.75760841  -6.82014751  -1.75562644  -6.86308479 -20.17744446]; Score: [-22.70730108]; Action: ([0.8, 0.13, 1.71, 0.16, 0.84], [1, 0, 2, 0, 1])
Episode: 38; Tool: [ -9.34406376  16.20238686  12.5870924   -2.83991814  -3.15651298
 -11.94453526 -15.0176487   -9.5926733  -10.86766243  -6.48496389]; Score: [-23.64638451]; Action: ([1.01, 0.62, 2.0, 0.38, 1.47], [1, 0, 2, 0, 2])
Episode: 39; Tool: [-0.29860678 -0.44078887  2.93212485  5.61679316  4.03074932 -1.16626358
 -1.44233489 -1.10849357 -3.91932797 -0.54368591]; Score: [-24.97229254]; Action: ([0.3, 1.28, 0.97, 0.51, 0.61], [0, 1, 1, 0, 0])
Episode: 40; Tool: [-2.59092450e-03  3.68733168e+00  8.41425037e+00  5.14732409e+00
 -4.93598789e-01 -7.72195053e+00 -7.92772865e+00 -1.66400337e+00
 -5.09362125e+00 -5.21486807e+00]; Score: [-16.99773527]; Action: ([0.24, 0.85, 1.31, 1.78, 0.81], [0, 1, 1, 2, 1])
Episode: 41; Tool: [-5.33607054 -1.01895344 -0.95958734 -0.05767851  4.43529272  1.89988351
  0.99614453  1.24257922 -1.26000142 -1.46278405]; Score: [-19.26166246]; Action: ([1.38, 0.71, 0.28, 2.0, 0.43], [2, 1, 0, 2, 0])
Episode: 42; Tool: [-5.39433241 -0.24255148 -0.13653143  0.67869526  4.34903622  1.39449644
  0.24975264  0.25601482 -2.01217437 -1.25808764]; Score: [-16.51556157]; Action: ([0.13, 1.49, 1.27, 1.83, 1.7], [0, 2, 1, 2, 2])
Episode: 43; Tool: [-5.23108244 -1.21781826  0.42879385 -0.32064527 -1.74165189  0.27716053
 -1.23262942  0.74248058  1.52167177  5.53905582]; Score: [-12.03075]; Action: ([1.05, 0.66, 1.45, 1.5, 1.67], [1, 0, 2, 2, 2])
Episode: 44; Tool: [-12.90777969  21.64333344  16.40262032  -3.51571321  -3.4852984
 -16.13290596 -19.1584816  -11.94726849 -13.21431541  -8.34792995]; Score: [-19.62238637]; Action: ([0.91, 1.73, 1.22, 1.6, 0.25], [1, 2, 1, 2, 0])
Episode: 45; Tool: [-4.30340767  7.07762003  7.21133661  1.72835863 -1.36244357 -5.96581984
 -7.01618099 -3.59809351 -5.0122261  -2.91656137]; Score: [-12.68220064]; Action: ([0.88, 1.67, 1.98, 1.31, 0.26], [1, 2, 2, 1, 0])
Episode: 46; Tool: [-4.71704483  7.99224329  6.63605213 -1.02008379 -1.19869745 -6.23893547
 -7.79631615 -4.78728914 -5.7967701  -3.69996166]; Score: [-21.83514688]; Action: ([0.07, 1.22, 1.48, 1.47, 0.33], [0, 1, 2, 2, 0])
Episode: 47; Tool: [-6.08853626 -4.82030249 -4.70422935 -6.5738306  -3.49347448  3.12853575
  2.78415179  1.55578971  4.78852892  1.0848    ]; Score: [-16.21265068]; Action: ([0.6, 0.38, 0.36, 1.78, 0.85], [0, 0, 0, 2, 1])
Episode: 48; Tool: [ -6.6421442   -9.59937    -11.73409748  -8.7864542    1.87302673
   8.33421421   8.92951965   3.46123528   4.43960238  -0.21352404]; Score: [-14.34422994]; Action: ([1.86, 1.65, 1.65, 0.95, 1.52], [2, 2, 2, 1, 2])
Episode: 49; Tool: [-7.55698299 -2.77561808 -0.22514321 -1.92617023 -3.74931383  0.95749807
 -1.25880814  1.45130181  3.2988534   7.76294756]; Score: [-20.13031677]; Action: ([1.19, 1.44, 1.3, 0.2, 0.95], [1, 2, 1, 0, 1])
Episode: 50; Tool: [-0.59228325 -0.62927246  1.22006202  3.0851903   2.34947014 -0.31729257
 -0.53348798 -0.49457926 -2.17289925 -0.03212433]; Score: [-23.91728741]; Action: ([0.92, 1.56, 1.56, 0.62, 0.19], [1, 2, 2, 0, 0])
Episode: 51; Tool: [-6.34198952  0.12296894  0.77711153  2.03525352  6.36323166  1.31958032
 -0.27541122  0.49373955 -3.43574071 -2.4260304 ]; Score: [-12.01050163]; Action: ([0.91, 1.68, 1.9, 1.68, 1.62], [1, 2, 2, 2, 2])
Episode: 52; Tool: [ 17.55605125 -14.8561964   -1.02245927  -3.00630426  -4.35022354
  -6.75760841  -6.82014751  -1.75562644  -6.86308479 -20.17744446]; Score: [-24.79391092]; Action: ([0.34, 0.16, 0.45, 0.0, 0.99], [0, 0, 0, 0, 1])
Episode: 53; Tool: [-0.59228325 -0.62927246  1.22006202  3.0851903   2.34947014 -0.31729257
 -0.53348798 -0.49457926 -2.17289925 -0.03212433]; Score: [-10.90979964]; Action: ([0.95, 1.8, 0.68, 1.18, 1.85], [1, 2, 1, 1, 2])
Episode: 54; Tool: [-2.95266604 -1.83808541 -2.41741037 -1.41518724  0.95493674  2.25060463
  1.53791666  2.70834041  0.74012482  0.2480216 ]; Score: [-13.68268718]; Action: ([1.66, 1.76, 0.55, 1.18, 1.55], [2, 2, 0, 1, 2])
Episode: 55; Tool: [-6.28997564 -4.66766262 -3.87419057 -7.34047365 -4.9222393   1.71676552
  1.47938979  0.16119576  5.70387173  0.27157265]; Score: [-12.83865558]; Action: ([1.19, 0.22, 0.95, 1.77, 2.0], [1, 0, 1, 2, 2])
Episode: 56; Tool: [-4.2958765  -2.04990578 -2.97843671 -1.98077047  1.57536626  2.94039106
  2.0686028   3.76245785  0.96301925 -0.43481791]; Score: [-27.55689316]; Action: ([1.14, 1.98, 0.03, 1.21, 0.15], [1, 2, 0, 1, 0])
Episode: 57; Tool: [-0.67420816  4.7097168   9.36404896  4.79698515 -1.52687395 -8.8702364
 -9.25332165 -2.04415512 -5.61228275 -6.26337719]; Score: [-18.13074957]; Action: ([0.95, 0.38, 0.02, 0.54, 1.49], [1, 0, 0, 0, 2])
Episode: 58; Tool: [-7.68035984 -1.39507842 -2.27371311 -1.93088782  5.12869263  3.2301507
  2.26188016  2.63376403 -0.53366423 -2.69498038]; Score: [-13.36153104]; Action: ([0.15, 1.76, 0.3, 0.32, 1.05], [0, 2, 0, 0, 1])
Episode: 59; Tool: [-4.7164731  -2.40033007 -2.91133595 -1.24134409  2.71472335  3.37313151
  1.9532001   4.04683924  0.06363979 -0.79657853]; Score: [-22.40892142]; Action: ([1.13, 0.52, 0.53, 0.54, 0.87], [1, 0, 0, 0, 1])
Episode: 60; Tool: [-6.63370895 -2.20091629 -0.35212296 -2.12735748 -3.02999687  0.90397227
 -0.65976954  0.40877721  2.8825171   4.9523387 ]; Score: [-20.50184681]; Action: ([1.74, 1.65, 1.91, 0.25, 1.06], [2, 2, 2, 0, 1])
Episode: 61; Tool: [-6.41070652 -1.41255009 -1.04596686 -1.12423015 -0.66903019  1.79891837
  0.0842351   5.43756485  0.24524662 -2.45987177]; Score: [-13.84592958]; Action: ([1.01, 0.1, 1.74, 2.0, 1.08], [1, 0, 2, 2, 1])
Episode: 62; Tool: [-13.7096138   22.6255722   17.19673729  -4.02380085  -3.84130931
 -16.71634483 -19.9638958  -12.66886616 -14.13057613  -8.96166801]; Score: [-19.64696401]; Action: ([1.01, 0.66, 1.61, 0.55, 0.53], [1, 0, 2, 0, 0])
Episode: 63; Tool: [-4.45546246 -1.74855852 -0.75415576  1.09832406  4.18994808  1.88921642
  1.48665237  0.60782921 -1.48704755 -0.52084935]; Score: [-14.58410367]; Action: ([1.64, 2.0, 0.56, 1.56, 1.22], [2, 2, 0, 2, 1])
Episode: 64; Tool: [ 17.55605125 -14.8561964   -1.02245927  -3.00630426  -4.35022354
  -6.75760841  -6.82014751  -1.75562644  -6.86308479 -20.17744446]; Score: [-23.11157106]; Action: ([1.19, 1.41, 1.62, 0.16, 1.07], [1, 2, 2, 0, 1])
Episode: 65; Tool: [-0.80264354 -0.3633371   1.5057981   3.0080204   2.58381057 -0.51309085
 -0.7714901  -0.41323972 -2.22908163 -0.47356117]; Score: [-16.15794081]; Action: ([1.54, 0.88, 0.21, 1.39, 1.46], [2, 1, 0, 2, 2])
Episode: 66; Tool: [-4.17507648 -7.84021187 -6.72514296 -2.83310413  4.5588522   5.76109791
  6.59621906  4.83328581  1.47282362 -1.09093165]; Score: [-15.0694109]; Action: ([0.08, 0.0, 1.9, 1.15, 1.57], [0, 0, 2, 1, 2])
Episode: 67; Tool: [ -8.80045605  13.68958092  11.59106541  -0.76245159  -2.28604865
 -10.26178455 -12.13318062  -7.5765152   -9.1988945   -5.79752398]; Score: [-24.67414394]; Action: ([0.27, 1.8, 1.96, 1.24, 0.18], [0, 2, 2, 1, 0])
Episode: 68; Tool: [ 17.55605125 -14.8561964   -1.02245927  -3.00630426  -4.35022354
  -6.75760841  -6.82014751  -1.75562644  -6.86308479 -20.17744446]; Score: [-14.56278662]; Action: ([1.74, 1.7, 1.61, 0.58, 2.0], [2, 2, 2, 0, 2])
Episode: 69; Tool: [-10.2702179   17.66605568  13.79504681  -2.33454084  -3.42592549
 -13.03500748 -16.10438728  -9.98858452 -11.27229309  -6.29797745]; Score: [-24.21874775]; Action: ([0.64, 1.81, 0.01, 0.9, 1.58], [0, 2, 0, 1, 2])
Episode: 70; Tool: [-6.55476046 -4.64977884 -6.33750916 -4.34055853  3.84583855  5.66168451
  5.09672451  3.21760845  2.05797625  0.11440235]; Score: [-15.56260991]; Action: ([1.85, 0.55, 0.57, 1.42, 1.07], [2, 0, 0, 2, 1])
Episode: 71; Tool: [-6.31128025 -4.78430033 -5.3046999  -6.67392445 -2.80341864  3.73126316
  3.62155557  1.86064935  4.51888371  0.29361719]; Score: [-6.24660405]; Action: ([0.97, 1.12, 0.86, 1.17, 1.12], [1, 1, 1, 1, 1])
Episode: 72; Tool: [-9.66635418 -4.92006874 -6.78329659 -3.20917821  3.74915648  7.68504095
  5.23605061  8.94901562  1.43204558 -0.67596012]; Score: [-26.14293939]; Action: ([1.5, 0.01, 0.8, 0.11, 0.41], [2, 0, 1, 0, 0])
Episode: 73; Tool: [-3.53883171  0.1767672   0.9374156   0.46389455 -0.98769498 -0.23791869
 -1.27288079  2.37955022 -0.41012985 -1.14503813]; Score: [-13.19960061]; Action: ([1.25, 0.78, 0.83, 1.5, 0.7], [1, 1, 1, 2, 1])
Episode: 74; Tool: [-0.29183039 -0.21780223  2.06299877  3.81090069  2.7345283  -0.95023429
 -1.21197283 -0.83150607 -2.75111437 -0.44009423]; Score: [-22.27736853]; Action: ([1.25, 1.89, 0.55, 0.17, 1.72], [1, 2, 0, 0, 2])
Episode: 75; Tool: [ 17.55605125 -14.8561964   -1.02245927  -3.00630426  -4.35022354
  -6.75760841  -6.82014751  -1.75562644  -6.86308479 -20.17744446]; Score: [-20.76996941]; Action: ([0.29, 0.45, 0.16, 0.9, 0.96], [0, 0, 0, 1, 1])
Episode: 76; Tool: [ 17.55605125 -14.8561964   -1.02245927  -3.00630426  -4.35022354
  -6.75760841  -6.82014751  -1.75562644  -6.86308479 -20.17744446]; Score: [-24.03409669]; Action: ([0.58, 1.58, 0.51, 1.2, 0.49], [0, 2, 0, 1, 0])
Episode: 77; Tool: [-4.80822706 -1.09456897  0.15446183  0.28581953 -0.8501544   0.67608577
 -0.6336863   0.36367857  0.63411236  4.66306496]; Score: [-22.72258859]; Action: ([0.17, 0.78, 0.35, 0.62, 0.74], [0, 1, 0, 0, 1])
Episode: 78; Tool: [-6.72389221 -5.70055771 -7.69212103 -7.35109854  0.135874    5.65100574
  5.85303593  2.78021574  4.25485802 -0.46077365]; Score: [-10.63407671]; Action: ([0.73, 1.59, 1.41, 1.65, 0.67], [1, 2, 2, 2, 0])
Episode: 79; Tool: [-5.52920151 -1.47544456  0.14780653  0.3943755  -0.77506292  0.92751002
 -0.66658521  5.19557428 -0.5430938  -2.03211951]; Score: [-26.19422084]; Action: ([0.14, 1.89, 0.86, 1.14, 0.47], [0, 2, 1, 1, 0])
Episode: 80; Tool: [-4.11481714 -2.11728525 -0.64834875 -0.97762674 -1.67040181  1.00663209
 -0.2302967   0.91914797  1.46595597  4.07512856]; Score: [-10.7657428]; Action: ([0.2, 1.15, 1.27, 1.85, 0.92], [0, 1, 1, 2, 1])
Episode: 81; Tool: [-0.11583069  3.39895177  7.34669733  4.58132458  0.12096563 -6.63959408
 -6.83101559 -1.68673325 -4.62730789 -4.60964918]; Score: [-17.01152587]; Action: ([0.72, 0.51, 1.87, 0.55, 1.49], [1, 0, 2, 0, 2])
Episode: 82; Tool: [-4.92236948 -2.96089172 -2.5045948  -4.81824446 -4.21519804  1.17377543
  0.88050437  0.21259832  3.82801604  0.89080411]; Score: [-10.33220058]; Action: ([1.25, 0.65, 0.23, 0.67, 0.57], [1, 0, 0, 1, 0])
Episode: 83; Tool: [-6.3334341  -5.28925705 -4.29335117 -8.08299351 -5.29857254  1.73250461
  1.58821702  0.20114499  6.14075327 -0.16499919]; Score: [-10.92423826]; Action: ([1.94, 1.31, 1.4, 1.1, 1.75], [2, 1, 2, 1, 2])
Episode: 84; Tool: [-10.00693798 -12.56292725 -13.88834     -9.54512405   5.55379057
  11.20162964  11.91518211   5.39001989   4.52177715  -1.88295007]; Score: [-13.03578214]; Action: ([1.14, 0.17, 0.55, 1.8, 1.73], [1, 0, 0, 2, 2])
Episode: 85; Tool: [-6.28169441 -5.14938021 -6.49975777 -4.74348879  2.79739404  5.40391111
  5.23936462  2.10334945  2.25095916 -0.0599615 ]; Score: [-18.19443888]; Action: ([0.0, 0.98, 2.0, 1.73, 0.64], [0, 1, 2, 2, 0])
Episode: 86; Tool: [-4.025208   -1.1941725  -1.32273769 -0.55485201  2.65437722  1.84697413
  1.25732267  2.11197543 -0.46603018 -1.17412567]; Score: [-21.34285284]; Action: ([1.45, 0.71, 0.56, 0.2, 1.93], [2, 1, 0, 0, 2])
Episode: 87; Tool: [-2.01474142 -1.03252208 -0.94642675 -0.13377739  0.89449751  1.07969344
  0.52808845  1.64341974 -0.13119879  0.00315851]; Score: [-11.52860651]; Action: ([1.71, 1.29, 1.34, 0.11, 0.74], [2, 1, 2, 0, 1])
Episode: 88; Tool: [-5.88915157  0.42487791  0.52158254 -0.24730842 -0.70762002  0.71840537
 -1.10823178  3.42185569 -0.81857407 -1.77739906]; Score: [-10.95086217]; Action: ([1.29, 0.37, 0.41, 0.39, 0.77], [1, 0, 0, 0, 1])
Episode: 89; Tool: [-6.59930897 -5.07650042 -5.82931948 -8.2333231  -4.56570959  3.41677523
  3.67967701  0.94537485  5.55331516 -0.8686983 ]; Score: [-12.0831551]; Action: ([0.3, 1.17, 0.22, 1.1, 1.86], [0, 1, 0, 1, 2])
Episode: 90; Tool: [-12.15842533  20.67796516  15.69697094  -3.31388521  -3.37905312
 -15.44064331 -18.47725487 -11.51734257 -12.72149086  -8.02696896]; Score: [-15.00815098]; Action: ([0.4, 0.05, 1.68, 1.58, 0.17], [0, 0, 2, 2, 0])
Episode: 91; Tool: [-4.28323126 -2.51786757 -3.52203107 -2.58318043  1.17581797  3.25762939
  2.4636538   3.50961757  1.47351742 -0.20953238]; Score: [-17.05142793]; Action: ([1.65, 1.44, 0.06, 0.38, 1.77], [2, 2, 0, 0, 2])
Episode: 92; Tool: [ 17.55605125 -14.8561964   -1.02245927  -3.00630426  -4.35022354
  -6.75760841  -6.82014751  -1.75562644  -6.86308479 -20.17744446]; Score: [-19.41563182]; Action: ([0.58, 2.0, 0.72, 1.25, 1.87], [0, 2, 1, 1, 2])
Episode: 93; Tool: [-1.45392561  5.30820704  9.15196991  4.13123465 -1.72865593 -8.71615219
 -9.11182404 -2.11108255 -5.39427137 -5.71661186]; Score: [-20.85640936]; Action: ([0.49, 0.57, 1.29, 0.86, 0.76], [0, 0, 1, 1, 1])
Episode: 94; Tool: [-4.61195898 -0.71285748  0.22160213  1.96379972  4.77527857  1.28990281
  0.59659731  0.48878843 -2.33256483 -0.73737192]; Score: [-25.10712438]; Action: ([1.92, 1.04, 1.76, 0.26, 0.8], [2, 1, 2, 0, 1])
Episode: 95; Tool: [-12.75368977  21.58127022  16.45375633  -4.17915869  -4.2416296
 -15.74133968 -19.49617577 -12.51889896 -14.03687954  -8.35042191]; Score: [-10.74146466]; Action: ([1.29, 0.3, 1.8, 1.53, 1.85], [1, 0, 2, 2, 2])
Episode: 96; Tool: [ -3.69848585   8.38827229  10.31587219   2.52144003  -2.41156793
  -9.72324181 -10.78547096  -3.84404039  -6.72262907  -6.16774988]; Score: [-19.38457415]; Action: ([1.48, 0.23, 0.25, 0.38, 0.74], [2, 0, 0, 0, 1])
Episode: 97; Tool: [ -7.74132633 -13.37364674 -15.68589687 -11.71435642   3.07358003
  10.88954735  12.33197212   5.3904233    5.47120905  -1.83349252]; Score: [-13.26089483]; Action: ([1.83, 0.87, 0.62, 0.84, 1.03], [2, 1, 0, 1, 1])
Episode: 98; Tool: [-7.62345076 -4.02095175 -5.61250973 -3.98118448  3.8348546   5.26673317
  4.60948181  2.00733519  1.24037516 -0.35350221]; Score: [-17.9485967]; Action: ([0.89, 1.83, 1.35, 0.67, 1.75], [1, 2, 2, 1, 2])
Episode: 99; Tool: [-5.0760026  -4.33287764 -2.84809041 -1.34847748  1.57073951  3.03408146
  1.77931428  7.08368731  0.39939639 -2.99056411]; Score: [-15.0295908]; Action: ([1.67, 1.47, 1.69, 1.08, 0.61], [2, 2, 2, 1, 0])
Episode: 100; Tool: [ 17.55605125 -14.8561964   -1.02245927  -3.00630426  -4.35022354
  -6.75760841  -6.82014751  -1.75562644  -6.86308479 -20.17744446]; Score: [-15.68693261]; Action: ([1.62, 0.29, 1.05, 0.64, 0.72], [2, 0, 1, 0, 1])
Episode: 101; Tool: [-1.33905017 -0.46568513 -0.06277197  0.20437762 -0.04586458  0.17026137
 -0.27609378  0.42099753 -0.01232265  0.85262907]; Score: [-14.06480346]; Action: ([1.26, 0.8, 1.16, 1.55, 0.98], [1, 1, 1, 2, 1])
Episode: 102; Tool: [-6.84116936 -1.73417008 -2.13217258 -1.43884766  4.5968504   3.06042552
  2.23944235  1.81039858 -0.50430167 -1.58047795]; Score: [-20.67798974]; Action: ([0.36, 0.58, 1.75, 1.61, 0.25], [0, 0, 2, 2, 0])
Episode: 103; Tool: [-4.025208   -1.1941725  -1.32273769 -0.55485201  2.65437722  1.84697413
  1.25732267  2.11197543 -0.46603018 -1.17412567]; Score: [-23.08498892]; Action: ([0.62, 0.37, 1.38, 0.24, 0.88], [0, 0, 2, 0, 1])
Episode: 104; Tool: [ 17.55605125 -14.8561964   -1.02245927  -3.00630426  -4.35022354
  -6.75760841  -6.82014751  -1.75562644  -6.86308479 -20.17744446]; Score: [-20.41521985]; Action: ([1.39, 1.66, 1.65, 0.39, 0.92], [2, 2, 2, 0, 1])
Episode: 105; Tool: [-6.29981041 -0.98140049  0.05606328  1.86439025  6.4983058   1.96299267
  0.87840176  1.12660456 -2.83386302 -2.01631093]; Score: [-9.42028898]; Action: ([0.89, 1.04, 0.75, 1.56, 0.24], [1, 1, 1, 2, 0])
Episode: 106; Tool: [-7.05306435 -2.47171974 -3.511518   -2.5789361   4.78914499  3.87430954
  3.12798858  2.94052362 -0.15728405 -1.68204713]; Score: [-10.06292568]; Action: ([1.5, 0.0, 0.83, 1.11, 0.9], [2, 0, 1, 1, 1])
Episode: 107; Tool: [-6.95802116  9.74425697  7.26147175 -1.84783781 -0.8963486  -7.1653142
 -8.77758598 -5.04092836 -6.05101967 -4.21131182]; Score: [-14.01592382]; Action: ([1.72, 1.26, 1.86, 1.39, 1.05], [2, 1, 2, 2, 1])
Episode: 108; Tool: [-13.95552921  23.20097542  17.52286148  -3.96948957  -4.04083252
 -17.15787697 -20.45444679 -12.79414654 -14.14062405  -8.63963127]; Score: [-11.63311992]; Action: ([0.88, 0.66, 0.5, 1.92, 1.62], [1, 0, 0, 2, 2])
Episode: 109; Tool: [ 2.69186831  0.43276021  6.68448162  7.26193953  2.29938245 -5.28617764
 -5.67796135 -1.55105472 -5.35306597 -4.40370417]; Score: [-21.79202969]; Action: ([0.5, 1.85, 0.94, 0.67, 1.21], [0, 2, 1, 1, 1])
Episode: 110; Tool: [-5.53675222 -3.41141415 -4.2422123  -3.9923501  -0.42549196  3.50937223
  2.99243903  2.69573617  2.61725259  1.04118955]; Score: [-15.43362441]; Action: ([1.88, 1.3, 0.68, 0.53, 2.0], [2, 1, 1, 0, 2])
Episode: 111; Tool: [ 0.3679783   2.80817342  7.53927517  4.94063568 -0.3686913  -6.88933277
 -7.04018021 -1.28943348 -4.57142401 -4.65127516]; Score: [-10.52843679]; Action: ([0.42, 1.28, 1.02, 0.57, 1.82], [0, 1, 1, 0, 2])
Episode: 112; Tool: [ 17.55605125 -14.8561964   -1.02245927  -3.00630426  -4.35022354
  -6.75760841  -6.82014751  -1.75562644  -6.86308479 -20.17744446]; Score: [-11.47761702]; Action: ([1.83, 1.92, 0.69, 1.16, 0.82], [2, 2, 1, 1, 1])
Episode: 113; Tool: [ 17.55605125 -14.8561964   -1.02245927  -3.00630426  -4.35022354
  -6.75760841  -6.82014751  -1.75562644  -6.86308479 -20.17744446]; Score: [-11.05562021]; Action: ([0.65, 1.48, 0.88, 0.32, 0.27], [0, 2, 1, 0, 0])
Episode: 114; Tool: [-0.99727511 -0.89139342  0.15052705  1.20506024  1.59698725  0.21690027
  0.13038865  0.44388476 -0.82924783 -0.08667436]; Score: [-14.56926503]; Action: ([1.73, 0.6, 1.04, 0.05, 1.57], [2, 0, 1, 0, 2])
Episode: 115; Tool: [-10.36646175  17.48470879  13.26212597  -2.81767368  -3.06022716
 -12.78536606 -15.96821213  -9.76009655 -10.99309921  -6.2367177 ]; Score: [-14.40201724]; Action: ([0.02, 0.56, 0.62, 1.96, 0.37], [0, 0, 0, 2, 0])
Episode: 116; Tool: [-5.17739201 -1.42001367 -0.86212325  0.85551625  4.54621267  2.08941936
  1.50634122  0.91908503 -1.5148021  -0.48403102]; Score: [-22.50914073]; Action: ([0.8, 0.62, 1.68, 0.27, 0.44], [1, 0, 2, 0, 0])
Episode: 117; Tool: [-2.89388275 -1.12932456 -1.02177489 -0.56247491  1.73952401  1.27265525
  0.89216554  0.69676536 -0.03243765 -0.3282159 ]; Score: [-12.82977291]; Action: ([1.87, 1.55, 1.69, 1.7, 1.09], [2, 2, 2, 2, 1])
Episode: 118; Tool: [ 17.55605125 -14.8561964   -1.02245927  -3.00630426  -4.35022354
  -6.75760841  -6.82014751  -1.75562644  -6.86308479 -20.17744446]; Score: [-8.05407599]; Action: ([1.37, 0.92, 1.01, 0.96, 1.71], [2, 1, 1, 1, 2])
Episode: 119; Tool: [ 0.75354552  0.08851212  3.79219437  5.36099863  2.46600199 -2.39630651
 -2.77184629 -1.18125558 -3.68651009 -1.40284061]; Score: [-10.63190698]; Action: ([1.47, 0.97, 0.51, 1.33, 0.15], [2, 1, 0, 1, 0])
Episode: 120; Tool: [-0.18767837  4.47684288  9.45835018  5.51875591 -0.79127848 -8.72925186
 -9.04019737 -2.03392172 -5.71549702 -5.97599363]; Score: [-18.17523363]; Action: ([1.05, 0.7, 1.91, 1.05, 0.58], [1, 1, 2, 1, 0])
Episode: 121; Tool: [-9.99275112 -2.65317559 -2.33923078 -2.00864387 -1.2411803   3.62436819
  1.04929543  8.43536663  0.41873786 -3.0801208 ]; Score: [-15.30543319]; Action: ([1.77, 0.5, 0.78, 1.24, 0.2], [2, 0, 1, 1, 0])
Episode: 122; Tool: [-13.30175209  22.26917267  16.91003036  -4.20920181  -4.37218904
 -16.27608109 -19.95550728 -12.70030403 -14.17045212  -8.39138126]; Score: [-12.3839987]; Action: ([1.4, 1.88, 0.85, 1.86, 0.55], [2, 2, 1, 2, 0])
Episode: 123; Tool: [-2.95266604 -1.83808541 -2.41741037 -1.41518724  0.95493674  2.25060463
  1.53791666  2.70834041  0.74012482  0.2480216 ]; Score: [-24.48731247]; Action: ([0.36, 1.63, 1.23, 0.98, 0.24], [0, 2, 1, 1, 0])
Episode: 124; Tool: [-1.51619267  5.80211973  9.26229572  3.84393358 -1.97586715 -8.79213333
 -9.58058739 -2.63465977 -5.73115683 -5.85522795]; Score: [-14.37474993]; Action: ([1.5, 0.62, 1.44, 1.61, 0.35], [2, 0, 2, 2, 0])
Episode: 125; Tool: [ 17.55605125 -14.8561964   -1.02245927  -3.00630426  -4.35022354
  -6.75760841  -6.82014751  -1.75562644  -6.86308479 -20.17744446]; Score: [-23.64848379]; Action: ([0.06, 1.42, 1.96, 1.55, 0.56], [0, 2, 2, 2, 0])
Episode: 126; Tool: [-6.17891979 -2.23221445 -3.40659881 -2.29148912  1.60276663  3.80741453
  2.40565133  5.10966825  0.78921199 -0.95317572]; Score: [-14.50815201]; Action: ([1.87, 0.1, 1.25, 1.84, 1.57], [2, 0, 1, 2, 2])
Episode: 127; Tool: [-8.37839985 -1.49777079 -1.86980474 -0.49554914  6.72399044  3.4337368
  2.14808583  2.10414147 -1.95571542 -2.14942288]; Score: [-26.2165676]; Action: ([0.31, 1.96, 1.05, 0.1, 0.96], [0, 2, 1, 0, 1])
