probabilities: [[0. 0. 1.]
 [0. 1. 0.]
 [0. 1. 0.]
 [0. 0. 1.]
 [0. 0. 1.]]
probabilities: [[0.20893008 0.13846949 0.65260047]
 [0.19710796 0.06280685 0.7400852 ]
 [0.7211177  0.0654811  0.21340123]
 [0.51416725 0.30837014 0.17746261]
 [0.5564274  0.2776637  0.16590889]]
probabilities: [[0.33515924 0.44683042 0.21801034]
 [0.2812436  0.30842397 0.41033244]
 [0.8688897  0.09391923 0.03719106]
 [0.30220902 0.4045368  0.29325417]
 [0.07443018 0.64989245 0.2756774 ]]
probabilities: [[0.154117   0.48538044 0.36050254]
 [0.30972108 0.15066268 0.5396162 ]
 [0.5749891  0.05022107 0.37478986]
 [0.06492405 0.38681862 0.54825735]
 [0.8423884  0.0426251  0.11498654]]
probabilities: [[0.01611487 0.25073183 0.7331533 ]
 [0.3359456  0.2170105  0.4470439 ]
 [0.32256004 0.3770311  0.30040884]
 [0.6243615  0.35023686 0.02540165]
 [0.4321545  0.04196649 0.525879  ]]
probabilities: [[0.16577427 0.55860215 0.2756236 ]
 [0.06324032 0.51921946 0.41754022]
 [0.41485775 0.08920684 0.4959354 ]
 [0.2140137  0.37172574 0.41426057]
 [0.6395817  0.18359832 0.17681997]]
probabilities: [[0. 0. 1.]
 [0. 1. 0.]
 [0. 1. 0.]
 [0. 0. 1.]
 [0. 0. 1.]]
probabilities: [[0.14819366 0.82366234 0.02814397]
 [0.35030568 0.52480775 0.12488656]
 [0.5023735  0.31629935 0.1813271 ]
 [0.46864685 0.19654132 0.3348118 ]
 [0.46112338 0.49452248 0.04435414]]
probabilities: [[0.04954616 0.25385055 0.6966033 ]
 [0.7447235  0.17137176 0.08390474]
 [0.16607872 0.12432095 0.7096003 ]
 [0.07922837 0.07149772 0.8492739 ]
 [0.42855763 0.41016635 0.16127601]]
probabilities: [[0.31659886 0.6545637  0.02883738]
 [0.14133619 0.39201403 0.4666498 ]
 [0.2391307  0.15363197 0.60723734]
 [0.3167751  0.17275386 0.51047105]
 [0.05198693 0.40332523 0.54468787]]
probabilities: [[0.72936714 0.19389273 0.07674011]
 [0.7620618  0.09439863 0.14353958]
 [0.5586933  0.01261554 0.42869118]
 [0.4953984  0.451711   0.05289059]
 [0.0552314  0.25691497 0.68785363]]
probabilities: [[0.21064247 0.7818609  0.00749661]
 [0.34891066 0.48872083 0.1623685 ]
 [0.54362774 0.28352988 0.17284237]
 [0.27078146 0.04111634 0.6881022 ]
 [0.3465064  0.08602913 0.5674645 ]]
probabilities: [[0. 1. 0.]
 [0. 1. 0.]
 [0. 1. 0.]
 [0. 1. 0.]
 [0. 1. 0.]]
probabilities: [[0.16964462 0.25047353 0.57988185]
 [0.03752417 0.90673655 0.05573929]
 [0.5070135  0.06260744 0.43037906]
 [0.28547952 0.7077079  0.0068126 ]
 [0.13768528 0.33318982 0.5291249 ]]
probabilities: [[0.2780259  0.52306706 0.19890705]
 [0.07295794 0.48792332 0.43911874]
 [0.4592233  0.16092122 0.37985548]
 [0.3000116  0.49877107 0.20121734]
 [0.44360837 0.28504086 0.27135077]]
probabilities: [[0.25700343 0.03221823 0.71077836]
 [0.1620409  0.6452603  0.19269882]
 [0.37405214 0.09013252 0.53581536]
 [0.0361717  0.8838801  0.07994823]
 [0.10533743 0.333764   0.5608986 ]]
probabilities: [[0.14358754 0.5607658  0.29564667]
 [0.21160236 0.65299517 0.13540246]
 [0.3041837  0.5592807  0.1365356 ]
 [0.15368804 0.38125584 0.46505612]
 [0.11989982 0.41579643 0.46430373]]
probabilities: [[0.53475946 0.10702768 0.35821283]
 [0.0453546  0.6148334  0.339812  ]
 [0.28892028 0.670505   0.04057471]
 [0.02029217 0.97779936 0.00190846]
 [0.09223245 0.39865553 0.509112  ]]
probabilities: [[0. 0. 1.]
 [0. 1. 0.]
 [0. 0. 1.]
 [0. 0. 1.]
 [0. 0. 1.]]
probabilities: [[0.03215745 0.1323722  0.8354704 ]
 [0.7819106  0.1663788  0.05171063]
 [0.49377686 0.06953275 0.4366904 ]
 [0.47532663 0.27899453 0.24567886]
 [0.31943777 0.0523503  0.6282119 ]]
probabilities: [[0.4529931  0.37407887 0.17292802]
 [0.36877313 0.12565833 0.50556856]
 [0.14833002 0.7261025  0.12556748]
 [0.13445126 0.6114187  0.25413   ]
 [0.5705906  0.2104775  0.21893191]]
probabilities: [[0.18801174 0.2017862  0.6102021 ]
 [0.6251364  0.30362087 0.07124274]
 [0.8409595  0.15551883 0.00352171]
 [0.6029623  0.04110811 0.35592955]
 [0.23511682 0.11570005 0.64918315]]
probabilities: [[0.17838894 0.34495533 0.47665575]
 [0.44430903 0.08818291 0.46750805]
 [0.6578076  0.06341326 0.27877915]
 [0.05204407 0.7216029  0.226353  ]
 [0.7556462  0.10831022 0.13604358]]
probabilities: [[0.04510779 0.9503432  0.00454901]
 [0.09513333 0.4694006  0.43546605]
 [0.4710794  0.2179731  0.31094748]
 [0.48461986 0.01614409 0.49923608]
 [0.08725704 0.6665967  0.24614625]]
probabilities: [[0. 0. 1.]
 [0. 1. 0.]
 [0. 1. 0.]
 [0. 0. 1.]
 [0. 0. 1.]]
probabilities: [[0.80575085 0.01718414 0.17706503]
 [0.15711708 0.5429609  0.29992202]
 [0.17136165 0.05177785 0.7768605 ]
 [0.2655808  0.12012263 0.61429656]
 [0.05917955 0.39136612 0.54945433]]
probabilities: [[0.02344822 0.42219672 0.554355  ]
 [0.07838275 0.56912184 0.3524954 ]
 [0.04236941 0.3861394  0.5714912 ]
 [0.07850138 0.34033933 0.5811593 ]
 [0.11646292 0.35297638 0.53056073]]
probabilities: [[0.66912425 0.05749424 0.27338153]
 [0.12496128 0.46508557 0.40995315]
 [0.05504381 0.6282373  0.31671888]
 [0.15335326 0.1432436  0.7034032 ]
 [0.2602448  0.35725972 0.38249552]]
probabilities: [[0.4494583  0.18190403 0.36863768]
 [0.9261668  0.03890343 0.03492977]
 [0.2912418  0.6994765  0.00928171]
 [0.5578382  0.3741493  0.0680125 ]
 [0.09913395 0.7206388  0.18022722]]
probabilities: [[0.03467701 0.12384563 0.84147733]
 [0.8289949  0.04435199 0.12665306]
 [0.35760415 0.5279064  0.11448946]
 [0.4015778  0.21034472 0.38807747]
 [0.10926576 0.74972105 0.14101318]]
probabilities: [[0. 1. 0.]
 [0. 1. 0.]
 [0. 1. 0.]
 [0. 1. 0.]
 [0. 1. 0.]]
probabilities: [[0.57269925 0.17954916 0.24775156]
 [0.17374483 0.1644128  0.6618424 ]
 [0.05287597 0.22741053 0.7197135 ]
 [0.08958221 0.69223976 0.21817802]
 [0.2538955  0.09001599 0.65608853]]
probabilities: [[0.6562081  0.2124208  0.13137111]
 [0.25720653 0.5382063  0.20458718]
 [0.39956033 0.25818175 0.34225792]
 [0.10451198 0.83431464 0.06117339]
 [0.2982984  0.25764364 0.44405797]]
probabilities: [[0.0802393  0.22438027 0.69538045]
 [0.5510703  0.17158392 0.27734578]
 [0.16900988 0.40687913 0.424111  ]
 [0.00567283 0.03499136 0.9593358 ]
 [0.5834929  0.2181764  0.19833073]]
probabilities: [[0.19926673 0.2625872  0.5381461 ]
 [0.45502532 0.3259866  0.21898808]
 [0.5946356  0.37178662 0.03357773]
 [0.8787959  0.00903283 0.11217124]
 [0.01676015 0.27712867 0.7061112 ]]
probabilities: [[0.05145761 0.40879142 0.53975093]
 [0.3269769  0.31936145 0.35366163]
 [0.32617667 0.53829825 0.13552509]
 [0.81576306 0.09821124 0.08602569]
 [0.32169312 0.64227885 0.03602803]]
probabilities: [[0. 0. 1.]
 [0. 1. 0.]
 [0. 0. 1.]
 [0. 0. 1.]
 [0. 0. 1.]]
probabilities: [[7.1030855e-01 1.0397791e-01 1.8571354e-01]
 [3.8752130e-01 2.2973332e-01 3.8274539e-01]
 [8.7965414e-02 9.1195667e-01 7.7912315e-05]
 [5.2290048e-02 2.0602815e-01 7.4168181e-01]
 [5.5156994e-01 2.9020399e-01 1.5822609e-01]]
probabilities: [[0.1678982  0.41801932 0.4140825 ]
 [0.65595603 0.07669862 0.26734534]
 [0.20266075 0.55182815 0.24551111]
 [0.5071615  0.01351282 0.47932568]
 [0.2267428  0.44294325 0.33031395]]
probabilities: [[0.13755976 0.52592576 0.3365145 ]
 [0.32120407 0.14285614 0.5359398 ]
 [0.10057417 0.42134398 0.47808185]
 [0.37769192 0.26230487 0.3600032 ]
 [0.03495103 0.8327768  0.1322722 ]]
probabilities: [[0.03299887 0.28812462 0.6788765 ]
 [0.44386846 0.24238487 0.3137467 ]
 [0.14847462 0.5879747  0.26355067]
 [0.12841399 0.0958343  0.7757517 ]
 [0.7700942  0.1849711  0.0449347 ]]
probabilities: [[0.24650621 0.4073699  0.34612384]
 [0.29731128 0.47614065 0.22654806]
 [0.2786757  0.16492546 0.55639887]
 [0.0311901  0.42887503 0.5399349 ]
 [0.58382785 0.3905481  0.02562404]]
probabilities: [[0. 0. 1.]
 [0. 1. 0.]
 [0. 1. 0.]
 [0. 0. 1.]
 [0. 0. 1.]]
probabilities: [[0.27294463 0.4375902  0.28946516]
 [0.22105044 0.42357874 0.35537082]
 [0.3046079  0.5065555  0.1888366 ]
 [0.5226513  0.37572536 0.10162332]
 [0.25258747 0.3753371  0.37207544]]
probabilities: [[0.37987676 0.2491212  0.37100202]
 [0.01647199 0.7496882  0.23383981]
 [0.034795   0.4359323  0.5292727 ]
 [0.43826076 0.54445404 0.01728522]
 [0.9154457  0.07473304 0.00982126]]
probabilities: [[0.41260153 0.20840997 0.3789885 ]
 [0.20226015 0.6178572  0.17988265]
 [0.25022075 0.19501632 0.5547629 ]
 [0.10392808 0.7951528  0.10091916]
 [0.5081414  0.12879631 0.36306232]]
probabilities: [[0.40641147 0.33938605 0.25420249]
 [0.5847253  0.14696863 0.26830605]
 [0.2881029  0.21425113 0.49764597]
 [0.36673513 0.39286873 0.24039616]
 [0.28113455 0.40577954 0.3130859 ]]
probabilities: [[0.33848208 0.64577305 0.01574485]
 [0.37072283 0.0164246  0.6128526 ]
 [0.00189413 0.33414507 0.66396075]
 [0.20620732 0.48031062 0.31348205]
 [0.32950324 0.5218532  0.14864355]]
probabilities: [[1. 0. 0.]
 [1. 0. 0.]
 [1. 0. 0.]
 [1. 0. 0.]
 [1. 0. 0.]]
probabilities: [[0.35924938 0.47072235 0.17002827]
 [0.6261929  0.03808977 0.33571732]
 [0.5474122  0.3149725  0.13761528]
 [0.4890131  0.07181636 0.43917054]
 [0.05155597 0.50588495 0.44255906]]
probabilities: [[0.68176645 0.19897164 0.11926191]
 [0.26095232 0.14435731 0.5946904 ]
 [0.02501909 0.0845057  0.8904752 ]
 [0.19589381 0.547661   0.25644517]
 [0.35339808 0.22609645 0.42050546]]
probabilities: [[0.51068    0.29385963 0.19546035]
 [0.33230138 0.537518   0.13018063]
 [0.7294343  0.03271408 0.23785163]
 [0.5258265  0.02687431 0.44729918]
 [0.83743894 0.01490799 0.14765306]]
probabilities: [[0.32246706 0.3168417  0.36069125]
 [0.08039064 0.61783797 0.3017714 ]
 [0.3421372  0.0490099  0.6088529 ]
 [0.43613902 0.07299769 0.4908633 ]
 [0.96888286 0.00242887 0.02868829]]
probabilities: [[0.10911176 0.21790181 0.67298645]
 [0.26319677 0.0937561  0.64304715]
 [0.13844956 0.06623212 0.7953183 ]
 [0.06467522 0.6150004  0.32032436]
 [0.6933738  0.2625813  0.04404489]]
probabilities: [[0. 1. 0.]
 [0. 1. 0.]
 [0. 1. 0.]
 [0. 1. 0.]
 [0. 1. 0.]]
probabilities: [[0.5825296  0.32698938 0.09048102]
 [0.20191684 0.28044903 0.51763415]
 [0.06556282 0.48981827 0.4446189 ]
 [0.38289726 0.37962863 0.23747411]
 [0.14765896 0.7588489  0.09349215]]
probabilities: [[0.8101147  0.09780634 0.092079  ]
 [0.11326339 0.6389286  0.247808  ]
 [0.12209874 0.00695098 0.8709503 ]
 [0.18538061 0.02280555 0.79181385]
 [0.4952039  0.02952843 0.47526765]]
probabilities: [[0.27532983 0.26939818 0.455272  ]
 [0.6893714  0.13880803 0.17182058]
 [0.84498334 0.01121862 0.14379805]
 [0.05919465 0.75403136 0.186774  ]
 [0.6022603  0.25315556 0.14458413]]
probabilities: [[0.16153225 0.7699209  0.06854688]
 [0.04064321 0.4010447  0.5583121 ]
 [0.72422844 0.25287497 0.02289662]
 [0.0052884  0.18502377 0.80968785]
 [0.65187186 0.32521236 0.0229158 ]]
probabilities: [[0.11701453 0.54507565 0.33790982]
 [0.26474032 0.52590925 0.20935047]
 [0.019626   0.17840976 0.8019643 ]
 [0.8022862  0.14687474 0.05083908]
 [0.27125305 0.3900942  0.33865276]]
probabilities: [[0. 0. 1.]
 [0. 1. 0.]
 [0. 0. 1.]
 [0. 0. 1.]
 [0. 0. 1.]]
probabilities: [[0.27998373 0.55044425 0.169572  ]
 [0.33688405 0.45691243 0.20620354]
 [0.90807766 0.05350296 0.0384194 ]
 [0.5553233  0.39730692 0.04736975]
 [0.1182455  0.12060277 0.76115173]]
probabilities: [[0.07845715 0.08341414 0.8381287 ]
 [0.14276183 0.09965039 0.7575878 ]
 [0.15778287 0.21879736 0.62341976]
 [0.260941   0.2152371  0.5238219 ]
 [0.01885858 0.40022406 0.58091736]]
probabilities: [[0.14504161 0.31493175 0.54002666]
 [0.95170736 0.01807745 0.03021521]
 [0.2983272  0.04820013 0.65347266]
 [0.4018448  0.09965645 0.49849877]
 [0.53544635 0.36061335 0.10394032]]
probabilities: [[0.19970593 0.1074241  0.69286996]
 [0.21085876 0.0471589  0.74198234]
 [0.33584908 0.06862373 0.5955272 ]
 [0.13333592 0.660904   0.20576008]
 [0.26132613 0.5897615  0.1489124 ]]
probabilities: [[0.1233522  0.7789906  0.09765717]
 [0.3716819  0.3700383  0.25827977]
 [0.19842818 0.30113992 0.5004319 ]
 [0.22569233 0.67242205 0.10188559]
 [0.0536418  0.62665355 0.31970468]]
probabilities: [[1. 0. 0.]
 [1. 0. 0.]
 [1. 0. 0.]
 [1. 0. 0.]
 [1. 0. 0.]]
probabilities: [[0.4737601  0.2837698  0.24247012]
 [0.48399043 0.41066056 0.10534901]
 [0.09179774 0.47773227 0.43047   ]
 [0.11639578 0.5243747  0.35922948]
 [0.32665935 0.05704049 0.61630017]]
probabilities: [[0.53140837 0.19482236 0.27376926]
 [0.15398368 0.64235365 0.20366266]
 [0.81713974 0.05795968 0.12490059]
 [0.17405553 0.30851498 0.5174295 ]
 [0.0112145  0.35350886 0.6352766 ]]
probabilities: [[0.31577486 0.45569682 0.22852834]
 [0.31921592 0.34408545 0.33669865]
 [0.6938726  0.20717144 0.09895597]
 [0.17067571 0.7158243  0.11349997]
 [0.72560817 0.03337476 0.24101709]]
probabilities: [[0.23154545 0.10271961 0.66573495]
 [0.00357238 0.8653112  0.13111643]
 [0.5441635  0.29550233 0.16033414]
 [0.22761501 0.47629634 0.29608867]
 [0.12523314 0.36016223 0.5146046 ]]
probabilities: [[0.8683039  0.01051968 0.12117643]
 [0.00610128 0.6250509  0.3688478 ]
 [0.06613557 0.483191   0.4506734 ]
 [0.05528859 0.12865096 0.8160605 ]
 [0.05148241 0.7523716  0.196146  ]]
probabilities: [[0. 0. 1.]
 [0. 1. 0.]
 [0. 0. 1.]
 [0. 0. 1.]
 [0. 0. 1.]]
probabilities: [[0.32166734 0.34479827 0.3335344 ]
 [0.2863737  0.07725932 0.63636696]
 [0.31565452 0.23705478 0.4472907 ]
 [0.23133428 0.5545985  0.21406724]
 [0.18956983 0.36222428 0.4482059 ]]
probabilities: [[0.05434403 0.1863192  0.75933677]
 [0.38303173 0.3524732  0.26449507]
 [0.3963662  0.30751175 0.29612204]
 [0.52329355 0.46609887 0.01060758]
 [0.09742893 0.722138   0.18043306]]
probabilities: [[0.67961717 0.24329187 0.07709099]
 [0.8144117  0.02105959 0.16452874]
 [0.7271869  0.25588334 0.01692976]
 [0.05817757 0.26458165 0.6772408 ]
 [0.14017211 0.19273528 0.6670926 ]]
probabilities: [[0.07660159 0.04985784 0.8735406 ]
 [0.41516772 0.08108849 0.50374377]
 [0.593821   0.14932534 0.25685367]
 [0.4704838  0.43821412 0.09130206]
 [0.1359329  0.0826144  0.7814527 ]]
probabilities: [[0.3189039  0.1456657  0.5354304 ]
 [0.6825512  0.29792953 0.01951925]
 [0.4576098  0.08706705 0.45532316]
 [0.6625406  0.05156413 0.28589526]
 [0.14146604 0.15076715 0.70776683]]
probabilities: [[0. 0. 1.]
 [0. 1. 0.]
 [0. 0. 1.]
 [0. 0. 1.]
 [0. 0. 1.]]
probabilities: [[0.62785757 0.1249972  0.24714524]
 [0.60853326 0.17172287 0.21974386]
 [0.22905234 0.235527   0.53542066]
 [0.37631992 0.37211004 0.25157008]
 [0.00446714 0.35066596 0.6448669 ]]
probabilities: [[0.86006105 0.12873691 0.01120204]
 [0.05265576 0.04128735 0.9060569 ]
 [0.26695985 0.12006044 0.6129797 ]
 [0.45878863 0.5073932  0.03381816]
 [0.7598761  0.20572193 0.03440198]]
probabilities: [[0.4409705  0.08817824 0.47085124]
 [0.17359316 0.6867746  0.13963221]
 [0.02021667 0.12687594 0.8529074 ]
 [0.14091186 0.5019757  0.3571124 ]
 [0.02822368 0.32655513 0.6452212 ]]
probabilities: [[0.16694029 0.4736635  0.35939622]
 [0.6249076  0.1494078  0.22568458]
 [0.15980753 0.33940467 0.5007878 ]
 [0.03059959 0.8806576  0.08874282]
 [0.8667447  0.02799454 0.10526077]]
probabilities: [[0.10213492 0.1713318  0.7265333 ]
 [0.18630089 0.318815   0.49488413]
 [0.13714644 0.7311306  0.13172294]
 [0.19844693 0.71630234 0.08525077]
 [0.0352105  0.02366862 0.94112086]]
probabilities: [[0. 0. 1.]
 [0. 1. 0.]
 [0. 1. 0.]
 [0. 0. 1.]
 [0. 0. 1.]]
probabilities: [[0.08838714 0.25818408 0.6534288 ]
 [0.19191937 0.487173   0.32090762]
 [0.21149692 0.3613076  0.4271955 ]
 [0.22885543 0.7431724  0.02797215]
 [0.49915838 0.01525047 0.48559114]]
probabilities: [[0.15692666 0.1906209  0.65245247]
 [0.16438323 0.13379301 0.7018238 ]
 [0.243313   0.5111554  0.24553157]
 [0.11388545 0.01760446 0.86851007]
 [0.16117719 0.7427071  0.09611576]]
probabilities: [[0.12000307 0.38732493 0.49267203]
 [0.38764593 0.53987086 0.0724832 ]
 [0.2834692  0.47449854 0.24203224]
 [0.33765042 0.3680902  0.29425937]
 [0.6889787  0.03315308 0.27786824]]
probabilities: [[0.03364357 0.8480445  0.11831188]
 [0.12057567 0.41849568 0.46092865]
 [0.02070245 0.00902262 0.9702749 ]
 [0.3902956  0.38579154 0.22391288]
 [0.3008246  0.24797581 0.45119956]]
probabilities: [[0.44930294 0.38690823 0.16378883]
 [0.54226136 0.11244514 0.3452935 ]
 [0.18599442 0.54277766 0.27122793]
 [0.3524813  0.02095682 0.6265619 ]
 [0.08400548 0.44043124 0.4755633 ]]
probabilities: [[0. 0. 1.]
 [0. 1. 0.]
 [0. 0. 1.]
 [0. 0. 1.]
 [0. 0. 1.]]
probabilities: [[0.4112257  0.1770749  0.41169938]
 [0.5940609  0.35875443 0.04718469]
 [0.7574868  0.0317656  0.21074755]
 [0.12800714 0.6830801  0.18891275]
 [0.20316967 0.46965623 0.3271741 ]]
probabilities: [[0.2959924  0.04115101 0.6628566 ]
 [0.41805696 0.23905633 0.3428867 ]
 [0.24855676 0.69691694 0.05452629]
 [0.15510584 0.34129885 0.5035953 ]
 [0.6115233  0.34001368 0.04846301]]
probabilities: [[0.65509546 0.15147789 0.19342667]
 [0.2607034  0.43475467 0.30454192]
 [0.67083865 0.05031549 0.27884585]
 [0.07544558 0.25788552 0.6666689 ]
 [0.26208574 0.4721479  0.26576635]]
probabilities: [[0.2847506  0.65914404 0.05610536]
 [0.15218224 0.45030653 0.3975112 ]
 [0.12714165 0.38385636 0.489002  ]
 [0.01590998 0.6326993  0.35139072]
 [0.24114992 0.6447897  0.11406037]]
probabilities: [[0.13465846 0.47180855 0.393533  ]
 [0.10629652 0.3601809  0.53352255]
 [0.4037946  0.47172147 0.12448395]
 [0.55496854 0.05140307 0.3936284 ]
 [0.57453066 0.08403926 0.34143007]]
probabilities: [[1. 0. 0.]
 [1. 0. 0.]
 [1. 0. 0.]
 [1. 0. 0.]
 [1. 0. 0.]]
probabilities: [[0.16515495 0.6446964  0.19014867]
 [0.02706107 0.71985227 0.25308663]
 [0.14964664 0.11892441 0.731429  ]
 [0.46669716 0.09661599 0.43668687]
 [0.20626834 0.77954626 0.01418542]]
probabilities: [[0.04343862 0.5040836  0.4524778 ]
 [0.44904828 0.06156176 0.48938996]
 [0.00968865 0.00226255 0.9880488 ]
 [0.07293468 0.762964   0.16410132]
 [0.42969412 0.24979334 0.32051256]]
probabilities: [[0.8624618  0.11605518 0.02148299]
 [0.09328495 0.5459482  0.36076683]
 [0.61993134 0.0746991  0.30536953]
 [0.06205445 0.78375643 0.1541891 ]
 [0.05632252 0.3077473  0.6359302 ]]
probabilities: [[0.04931791 0.77915823 0.17152384]
 [0.40737796 0.35565686 0.23696518]
 [0.23618938 0.44029117 0.32351944]
 [0.6883273  0.06878036 0.24289234]
 [0.1829119  0.5755865  0.24150158]]
probabilities: [[0.26730356 0.5112872  0.22140925]
 [0.69415426 0.29702646 0.00881927]
 [0.46658003 0.37943125 0.15398872]
 [0.4274963  0.13193026 0.44057342]
 [0.30173007 0.05555905 0.6427109 ]]
probabilities: [[0. 0. 1.]
 [0. 1. 0.]
 [0. 0. 1.]
 [0. 0. 1.]
 [0. 0. 1.]]
probabilities: [[0.34338796 0.16593194 0.4906801 ]
 [0.36828798 0.07106187 0.56065017]
 [0.4696179  0.3629261  0.16745599]
 [0.36022416 0.28146836 0.35830748]
 [0.1230845  0.3454093  0.5315062 ]]
probabilities: [[0.38323358 0.33706197 0.27970445]
 [0.41917795 0.45068267 0.13013938]
 [0.057105   0.93820065 0.00469433]
 [0.4176344  0.40687832 0.1754873 ]
 [0.16350657 0.03445593 0.8020375 ]]
probabilities: [[0.02124658 0.3977929  0.5809605 ]
 [0.25927883 0.59283406 0.14788713]
 [0.0547672  0.5760142  0.3692186 ]
 [0.9777038  0.015376   0.00692021]
 [0.5519841  0.10284881 0.34516713]]
probabilities: [[0.15335873 0.04247615 0.8041651 ]
 [0.21702883 0.02854075 0.7544304 ]
 [0.08862033 0.46051884 0.45086083]
 [0.64062685 0.05936108 0.30001208]
 [0.94023436 0.05349031 0.00627535]]
probabilities: [[0.6816287  0.14681019 0.17156112]
 [0.08877106 0.60809183 0.30313712]
 [0.03707684 0.10890882 0.85401434]
 [0.4819266  0.23686567 0.28120774]
 [0.554239   0.36170447 0.08405657]]
probabilities: [[0. 0. 1.]
 [0. 1. 0.]
 [0. 0. 1.]
 [0. 0. 1.]
 [0. 0. 1.]]
probabilities: [[0.36149737 0.45491853 0.18358408]
 [0.9242531  0.02923487 0.04651203]
 [0.02379581 0.81052274 0.16568142]
 [0.18450977 0.8033642  0.01212598]
 [0.26671463 0.17687163 0.55641377]]
probabilities: [[0.04514473 0.7310673  0.22378796]
 [0.06237258 0.5247833  0.4128441 ]
 [0.53504574 0.10641023 0.35854402]
 [0.23302713 0.5964375  0.17053534]
 [0.13271952 0.09993057 0.7673499 ]]
probabilities: [[0.11455667 0.6200325  0.2654108 ]
 [0.16984499 0.33164346 0.49851155]
 [0.36539456 0.60075945 0.03384602]
 [0.28880847 0.03072221 0.68046933]
 [0.5025695  0.14568491 0.3517456 ]]
probabilities: [[8.6536157e-01 1.0363321e-01 3.1005245e-02]
 [8.5996902e-01 1.3950574e-01 5.2524521e-04]
 [5.8158940e-01 2.8764343e-01 1.3076714e-01]
 [4.3367493e-04 1.6228658e-01 8.3727974e-01]
 [4.1116738e-01 4.7024068e-01 1.1859196e-01]]
probabilities: [[0.37188143 0.04728399 0.58083457]
 [0.23597278 0.39995757 0.36406967]
 [0.42960784 0.48327044 0.0871217 ]
 [0.17868707 0.35446885 0.46684408]
 [0.84891045 0.00305655 0.148033  ]]
probabilities: [[0. 1. 0.]
 [0. 1. 0.]
 [0. 1. 0.]
 [0. 1. 0.]
 [0. 1. 0.]]
probabilities: [[0.9361007  0.06004366 0.00385563]
 [0.39447603 0.26223707 0.3432869 ]
 [0.6000655  0.3526579  0.04727653]
 [0.23107009 0.41782603 0.35110387]
 [0.22148654 0.53408414 0.2444293 ]]
probabilities: [[0.6699625  0.0237734  0.30626404]
 [0.11713829 0.528701   0.35416073]
 [0.13786523 0.42479265 0.4373421 ]
 [0.19369821 0.63832664 0.16797513]
 [0.09754706 0.4903485  0.41210443]]
probabilities: [[0.07464492 0.0770848  0.8482703 ]
 [0.09079643 0.47105753 0.43814605]
 [0.6882576  0.20262875 0.10911369]
 [0.29106987 0.36799407 0.34093606]
 [0.09956951 0.06507397 0.83535653]]
probabilities: [[0.6956171  0.2989836  0.00539932]
 [0.26479235 0.63088334 0.10432431]
 [0.64749694 0.00515289 0.34735015]
 [0.37594473 0.17980151 0.44425377]
 [0.8581399  0.12540479 0.01645536]]
probabilities: [[0.5278862  0.2083591  0.2637547 ]
 [0.10718163 0.74214685 0.1506715 ]
 [0.258994   0.0828872  0.6581188 ]
 [0.10960073 0.5324557  0.35794362]
 [0.6288325  0.28430668 0.08686082]]
probabilities: [[0. 0. 1.]
 [0. 1. 0.]
 [0. 0. 1.]
 [0. 0. 1.]
 [0. 0. 1.]]
probabilities: [[0.2569285  0.70307267 0.03999881]
 [0.2553161  0.2768758  0.4678081 ]
 [0.2408579  0.57312477 0.18601735]
 [0.11624918 0.37255454 0.5111963 ]
 [0.1154552  0.01706276 0.86748207]]
probabilities: [[0.8763218  0.05155003 0.07212817]
 [0.6178339  0.10425285 0.2779132 ]
 [0.14967266 0.7307173  0.11961001]
 [0.06939817 0.25619727 0.67440456]
 [0.2892467  0.48500508 0.22574823]]
probabilities: [[0.0695495  0.24372566 0.68672484]
 [0.27080762 0.4358763  0.29331607]
 [0.51836413 0.23616062 0.24547525]
 [0.0589956  0.505525   0.43547937]
 [0.13226272 0.59143245 0.2763048 ]]
probabilities: [[0.17478603 0.37828305 0.44693092]
 [0.38427886 0.16781251 0.4479086 ]
 [0.10173709 0.47600758 0.42225534]
 [0.65009266 0.18687242 0.1630349 ]
 [0.01720945 0.8074312  0.17535934]]
probabilities: [[0.30052087 0.25556752 0.4439116 ]
 [0.43077767 0.077012   0.49221033]
 [0.5433931  0.32689705 0.12970985]
 [0.32448655 0.42550468 0.25000876]
 [0.20066735 0.20841254 0.5909201 ]]
probabilities: [[0. 0. 1.]
 [0. 1. 0.]
 [0. 1. 0.]
 [0. 0. 1.]
 [0. 0. 1.]]
probabilities: [[0.7400837  0.14332819 0.11658812]
 [0.15182982 0.48973617 0.35843402]
 [0.09534241 0.15971893 0.7449387 ]
 [0.7097966  0.17765647 0.11254694]
 [0.16698757 0.11181285 0.7211996 ]]
probabilities: [[0.2887883  0.35718682 0.35402486]
 [0.3128743  0.57638466 0.11074103]
 [0.23642792 0.6577498  0.10582228]
 [0.57464224 0.324184   0.10117375]
 [0.16056521 0.07510562 0.76432914]]
probabilities: [[0.1996657  0.5561728  0.24416149]
 [0.60210973 0.17570247 0.22218783]
 [0.21007945 0.02941729 0.76050323]
 [0.1961928  0.302381   0.5014262 ]
 [0.11914339 0.76493555 0.11592107]]
probabilities: [[0.10755511 0.04768254 0.8447624 ]
 [0.02356725 0.00717041 0.96926236]
 [0.64597803 0.04612525 0.3078967 ]
 [0.2605429  0.1822686  0.5571885 ]
 [0.22798385 0.37965238 0.39236376]]
probabilities: [[0.13309902 0.4220249  0.44487607]
 [0.55599594 0.27367976 0.17032428]
 [0.31483757 0.48824826 0.19691417]
 [0.38202095 0.41988465 0.1980944 ]
 [0.59743935 0.05968624 0.3428744 ]]
probabilities: [[0. 1. 0.]
 [0. 1. 0.]
 [0. 1. 0.]
 [0. 1. 0.]
 [0. 1. 0.]]
probabilities: [[0.09395279 0.6415399  0.26450735]
 [0.38587067 0.25443482 0.3596945 ]
 [0.09411696 0.6177551  0.28812793]
 [0.21897066 0.02728637 0.753743  ]
 [0.31287286 0.24156624 0.44556087]]
probabilities: [[0.06192312 0.7181345  0.21994235]
 [0.07485379 0.69955087 0.22559536]
 [0.5715292  0.20984574 0.21862502]
 [0.14727844 0.06265417 0.7900674 ]
 [0.02571807 0.92630804 0.04797391]]
probabilities: [[0.17973983 0.7082362  0.11202396]
 [0.06974684 0.4893892  0.44086394]
 [0.7546045  0.09189305 0.15350243]
 [0.7716844  0.14186746 0.08644811]
 [0.5618822  0.25928167 0.17883618]]
probabilities: [[0.24239199 0.51623017 0.24137783]
 [0.3723655  0.25045756 0.37717694]
 [0.40897664 0.33853808 0.25248528]
 [0.28551343 0.61214304 0.10234357]
 [0.15027061 0.04578222 0.80394715]]
probabilities: [[0.05642193 0.7606406  0.18293744]
 [0.22701295 0.5726911  0.20029594]
 [0.28712294 0.1502768  0.5626003 ]
 [0.80365884 0.0432259  0.15311524]
 [0.31018853 0.2688987  0.42091277]]
probabilities: [[1. 0. 0.]
 [1. 0. 0.]
 [1. 0. 0.]
 [1. 0. 0.]
 [1. 0. 0.]]
probabilities: [[0.28754932 0.17390047 0.5385502 ]
 [0.48253578 0.24058461 0.2768796 ]
 [0.13792185 0.14809854 0.7139796 ]
 [0.89284474 0.03430257 0.07285269]
 [0.24825747 0.5967552  0.15498732]]
probabilities: [[0.3903415  0.43858215 0.17107634]
 [0.06207076 0.11348451 0.8244447 ]
 [0.4875897  0.27613768 0.23627263]
 [0.18224779 0.430311   0.38744122]
 [0.01653302 0.7475651  0.23590188]]
probabilities: [[0.10774302 0.6038785  0.28837848]
 [0.11656553 0.8025078  0.08092666]
 [0.14564942 0.30661023 0.54774034]
 [0.45895573 0.4643007  0.07674357]
 [0.56782234 0.09691484 0.33526286]]
probabilities: [[0.00311645 0.2118665  0.7850171 ]
 [0.04660873 0.11016928 0.84322196]
 [0.35099643 0.21776477 0.4312388 ]
 [0.02218722 0.7513952  0.22641753]
 [0.6109847  0.34019947 0.04881584]]
probabilities: [[0.03169983 0.21278822 0.75551194]
 [0.5859079  0.0772166  0.33687553]
 [0.90030754 0.03102791 0.06866454]
 [0.57164115 0.10264439 0.32571447]
 [0.21050923 0.1015547  0.68793607]]
probabilities: [[0. 0. 1.]
 [0. 1. 0.]
 [0. 0. 1.]
 [0. 0. 1.]
 [0. 0. 1.]]
probabilities: [[0.18554433 0.08036885 0.7340868 ]
 [0.5902093  0.22220299 0.18758772]
 [0.7045411  0.14583631 0.14962262]
 [0.87201935 0.06613413 0.06184655]
 [0.65265137 0.2265306  0.12081803]]
probabilities: [[0.79056746 0.06347576 0.14595677]
 [0.15841836 0.06441483 0.7771668 ]
 [0.8051297  0.16131903 0.03355129]
 [0.42362595 0.55783314 0.01854094]
 [0.28777093 0.39916477 0.31306434]]
probabilities: [[0.0751494  0.6877864  0.23706421]
 [0.0929369  0.75130457 0.15575856]
 [0.28920534 0.38665295 0.3241417 ]
 [0.19795206 0.57108015 0.23096777]
 [0.32140633 0.3196252  0.35896847]]
probabilities: [[0.25034216 0.00903439 0.7406235 ]
 [0.10515678 0.5904183  0.30442494]
 [0.21339308 0.35926294 0.42734396]
 [0.8036606  0.14312513 0.0532143 ]
 [0.15843819 0.5006984  0.34086344]]
probabilities: [[0.603869   0.0022898  0.39384118]
 [0.06359094 0.8478457  0.08856336]
 [0.14955576 0.39757094 0.4528733 ]
 [0.04245407 0.39032915 0.56721675]
 [0.49996302 0.19371432 0.30632266]]
probabilities: [[1. 0. 0.]
 [1. 0. 0.]
 [1. 0. 0.]
 [1. 0. 0.]
 [1. 0. 0.]]
probabilities: [[0.12854323 0.59073347 0.2807233 ]
 [0.05619011 0.50970876 0.43410113]
 [0.3404143  0.24648029 0.41310543]
 [0.20639467 0.2337124  0.5598929 ]
 [0.43010068 0.30095223 0.2689471 ]]
probabilities: [[4.9661082e-01 4.0286320e-01 1.0052595e-01]
 [1.6935423e-01 7.2134912e-02 7.5851089e-01]
 [8.2324289e-02 5.5925560e-01 3.5842010e-01]
 [5.7701801e-04 4.1991693e-01 5.7950604e-01]
 [3.3562276e-01 3.4918016e-01 3.1519708e-01]]
probabilities: [[0.10446796 0.5337924  0.36173967]
 [0.1432383  0.3124679  0.54429376]
 [0.02192319 0.34786612 0.6302107 ]
 [0.7615466  0.12473824 0.11371517]
 [0.16661885 0.82573813 0.00764301]]
probabilities: [[0.91628164 0.01043387 0.0732845 ]
 [0.31986073 0.6297701  0.05036916]
 [0.07272644 0.9140735  0.01320002]
 [0.60887843 0.33342847 0.0576931 ]
 [0.04499385 0.9375167  0.01748945]]
probabilities: [[0.30238912 0.29858166 0.39902923]
 [0.4753299  0.09845099 0.4262191 ]
 [0.88952506 0.01772387 0.09275109]
 [0.46889257 0.20058201 0.3305254 ]
 [0.44541085 0.26462427 0.28996488]]
probabilities: [[0. 0. 1.]
 [0. 1. 0.]
 [0. 1. 0.]
 [0. 0. 1.]
 [0. 0. 1.]]
probabilities: [[0.4453121  0.10355234 0.45113555]
 [0.7345757  0.19378987 0.07163446]
 [0.35280386 0.32710472 0.32009143]
 [0.07410263 0.05663278 0.8692646 ]
 [0.517501   0.46836868 0.01413033]]
probabilities: [[0.44333768 0.10603718 0.45062515]
 [0.06686878 0.41547793 0.5176533 ]
 [0.8443956  0.12315018 0.03245426]
 [0.49994946 0.47063518 0.02941537]
 [0.695779   0.26143754 0.04278342]]
probabilities: [[0.499604   0.23107979 0.26931623]
 [0.34727877 0.07219028 0.58053094]
 [0.7689887  0.21419016 0.01682115]
 [0.06520241 0.41683176 0.5179658 ]
 [0.44168755 0.51627004 0.04204243]]
probabilities: [[0.33458075 0.17590848 0.48951077]
 [0.51013696 0.2195198  0.27034324]
 [0.16196026 0.16025695 0.6777828 ]
 [0.04355032 0.18050125 0.7759484 ]
 [0.02941115 0.07353062 0.89705825]]
probabilities: [[0.02239585 0.87452537 0.10307879]
 [0.40800092 0.03367662 0.5583224 ]
 [0.25230768 0.17565873 0.5720336 ]
 [0.11204714 0.6909436  0.19700925]
 [0.51239324 0.19066335 0.2969434 ]]
probabilities: [[0. 0. 1.]
 [0. 1. 0.]
 [0. 1. 0.]
 [0. 0. 1.]
 [0. 0. 1.]]
probabilities: [[0.09574607 0.03997768 0.86427623]
 [0.00401037 0.5069653  0.4890243 ]
 [0.8769175  0.10517083 0.01791172]
 [0.12279622 0.14691132 0.73029244]
 [0.88522285 0.0793353  0.03544185]]
probabilities: [[0.5356891  0.36775544 0.09655543]
 [0.11922238 0.821137   0.05964062]
 [0.06029991 0.88801485 0.05168525]
 [0.51778215 0.4346598  0.04755802]
 [0.2812458  0.13471161 0.5840426 ]]
probabilities: [[0.26627615 0.22331798 0.51040584]
 [0.2724368  0.67807007 0.04949317]
 [0.10146975 0.28091392 0.6176163 ]
 [0.80737835 0.03152183 0.1610998 ]
 [0.43581235 0.02752109 0.5366666 ]]
probabilities: [[0.40161788 0.5088732  0.08950888]
 [0.375072   0.01795091 0.60697705]
 [0.49569374 0.14311637 0.3611899 ]
 [0.39035693 0.3418361  0.26780698]
 [0.76584095 0.13922538 0.0949337 ]]
probabilities: [[0.29432008 0.04269312 0.6629868 ]
 [0.08518754 0.4716896  0.44312286]
 [0.01642799 0.77150476 0.21206723]
 [0.02334153 0.78605247 0.190606  ]
 [0.03847623 0.03101006 0.93051374]]
probabilities: [[1. 0. 0.]
 [1. 0. 0.]
 [1. 0. 0.]
 [1. 0. 0.]
 [1. 0. 0.]]
probabilities: [[0.16963822 0.28147596 0.5488858 ]
 [0.03457605 0.5457936  0.41963035]
 [0.6869325  0.03945702 0.27361044]
 [0.02321634 0.2650539  0.71172976]
 [0.3581403  0.18602543 0.45583427]]
probabilities: [[0.35865846 0.3236173  0.31772423]
 [0.40648875 0.21785493 0.3756563 ]
 [0.5575946  0.24587128 0.19653411]
 [0.0448202  0.8426002  0.1125796 ]
 [0.4335991  0.27786943 0.28853145]]
probabilities: [[0.21295483 0.673389   0.11365617]
 [0.10451864 0.59914577 0.2963356 ]
 [0.1372224  0.60460746 0.25817013]
 [0.629289   0.11983839 0.25087264]
 [0.2136726  0.2394438  0.54688364]]
probabilities: [[0.27025574 0.52340627 0.20633802]
 [0.39788806 0.19468786 0.40742406]
 [0.00724775 0.07771096 0.91504127]
 [0.33707142 0.08737203 0.5755566 ]
 [0.5571258  0.43814883 0.00472535]]
probabilities: [[0.8450545  0.04752156 0.10742392]
 [0.04285556 0.7442196  0.21292484]
 [0.04268336 0.42535993 0.53195673]
 [0.34429407 0.63817006 0.01753583]
 [0.01015261 0.17360379 0.8162436 ]]
probabilities: [[1. 0. 0.]
 [1. 0. 0.]
 [1. 0. 0.]
 [1. 0. 0.]
 [1. 0. 0.]]
probabilities: [[0.03243858 0.03007419 0.93748724]
 [0.9598908  0.03592551 0.00418369]
 [0.4373998  0.3549397  0.2076605 ]
 [0.5654404  0.12490793 0.30965167]
 [0.57275397 0.1583251  0.26892093]]
probabilities: [[0.15170673 0.6029632  0.24533005]
 [0.6993622  0.17785302 0.12278476]
 [0.16997063 0.13074242 0.69928694]
 [0.28712445 0.5158195  0.19705607]
 [0.5022867  0.2738764  0.22383694]]
probabilities: [[0.5415403  0.03207548 0.42638415]
 [0.41540122 0.35562193 0.22897683]
 [0.65990573 0.27324232 0.06685192]
 [0.43379688 0.00767902 0.5585241 ]
 [0.0388873  0.27479884 0.68631387]]
probabilities: [[0.40424266 0.3109889  0.28476843]
 [0.43441707 0.54662865 0.01895425]
 [0.0816238  0.84402066 0.07435551]
 [0.66472214 0.059366   0.27591187]
 [0.09047836 0.41292554 0.4965961 ]]
probabilities: [[0.4325752  0.44893783 0.11848697]
 [0.21621987 0.2107028  0.5730773 ]
 [0.78904414 0.06444496 0.14651088]
 [0.35242558 0.3061429  0.34143153]
 [0.7759165  0.20451477 0.01956869]]
probabilities: [[0. 0. 1.]
 [0. 1. 0.]
 [0. 1. 0.]
 [0. 0. 1.]
 [0. 0. 1.]]
probabilities: [[0.16981761 0.36675844 0.46342397]
 [0.59414494 0.04747784 0.35837722]
 [0.7242908  0.20244645 0.07326279]
 [0.3578041  0.27301025 0.36918566]
 [0.6922827  0.1659505  0.14176682]]
probabilities: [[0.5122399  0.24250062 0.24525952]
 [0.2781198  0.67403966 0.04784051]
 [0.79008514 0.16370621 0.04620868]
 [0.7300462  0.05930045 0.21065332]
 [0.3496953  0.28776312 0.3625416 ]]
probabilities: [[0.6039153  0.18368581 0.21239895]
 [0.6642943  0.2868729  0.0488328 ]
 [0.16768254 0.13837554 0.69394195]
 [0.17454842 0.13231511 0.69313645]
 [0.37955034 0.561822   0.05862767]]
probabilities: [[0.34552017 0.5194048  0.13507499]
 [0.4763351  0.31938565 0.20427924]
 [0.74267495 0.09433798 0.1629871 ]
 [0.29189762 0.35690555 0.35119683]
 [0.24165715 0.36868107 0.3896618 ]]
probabilities: [[0.36086896 0.4570994  0.18203162]
 [0.08315874 0.6322943  0.28454694]
 [0.6453921  0.21889175 0.13571613]
 [0.6634718  0.2076142  0.12891397]
 [0.2090826  0.04965135 0.7412661 ]]
probabilities: [[0. 0. 1.]
 [0. 1. 0.]
 [0. 1. 0.]
 [0. 0. 1.]
 [0. 0. 1.]]
probabilities: [[0.27002454 0.719444   0.01053149]
 [0.22297351 0.74269074 0.03433574]
 [0.17131796 0.2700727  0.5586093 ]
 [0.5844751  0.12379254 0.29173237]
 [0.6247582  0.31624758 0.05899426]]
probabilities: [[0.06695341 0.25700593 0.67604065]
 [0.37470177 0.05662452 0.56867373]
 [0.7355805  0.10141314 0.16300637]
 [0.12572728 0.41464514 0.45962757]
 [0.51058614 0.313524   0.17588983]]
probabilities: [[0.35184667 0.3567475  0.29140583]
 [0.27482933 0.42675704 0.29841366]
 [0.67421216 0.15192342 0.17386441]
 [0.13257322 0.05004888 0.8173779 ]
 [0.40412146 0.26044858 0.33542997]]
probabilities: [[0.07886723 0.7765393  0.14459343]
 [0.01798108 0.44074157 0.54127735]
 [0.13534196 0.7575565  0.10710154]
 [0.26208737 0.22250655 0.5154061 ]
 [0.4669466  0.03081145 0.5022419 ]]
probabilities: [[0.12460131 0.80316114 0.07223752]
 [0.4274842  0.3865527  0.18596308]
 [0.28273997 0.12582834 0.5914317 ]
 [0.17368689 0.47848114 0.34783196]
 [0.18222204 0.11210208 0.7056759 ]]
probabilities: [[0. 0. 1.]
 [0. 1. 0.]
 [0. 1. 0.]
 [0. 0. 1.]
 [0. 0. 1.]]
probabilities: [[3.4608909e-01 4.5959198e-01 1.9431894e-01]
 [5.5056030e-01 3.3738580e-01 1.1205390e-01]
 [5.8823889e-01 4.1121885e-01 5.4224516e-04]
 [3.9958119e-01 5.7154691e-01 2.8871879e-02]
 [5.0750947e-01 4.5360571e-01 3.8884841e-02]]
probabilities: [[0.6072654  0.20347764 0.18925698]
 [0.19220382 0.45821851 0.34957767]
 [0.08817701 0.8595411  0.05228189]
 [0.05201628 0.92504114 0.02294258]
 [0.00824921 0.855439   0.13631178]]
probabilities: [[0.90640783 0.06413661 0.02945554]
 [0.22987388 0.41498736 0.35513878]
 [0.3979231  0.01007323 0.59200364]
 [0.37571037 0.47968754 0.14460209]
 [0.02239506 0.28018373 0.6974212 ]]
probabilities: [[0.71131796 0.1073748  0.18130721]
 [0.1744704  0.482734   0.3427956 ]
 [0.7391115  0.06333019 0.19755831]
 [0.22635365 0.66061586 0.11303048]
 [0.06388885 0.8636306  0.07248059]]
probabilities: [[0.16269183 0.19854282 0.63876534]
 [0.1159821  0.06377725 0.8202407 ]
 [0.5399882  0.10271926 0.3572925 ]
 [0.8155149  0.04897145 0.13551365]
 [0.01722352 0.20585603 0.77692044]]
probabilities: [[0. 1. 0.]
 [0. 1. 0.]
 [0. 1. 0.]
 [0. 1. 0.]
 [0. 1. 0.]]
probabilities: [[0.11502404 0.49773133 0.3872446 ]
 [0.12419785 0.8024592  0.07334299]
 [0.31279653 0.18523182 0.50197166]
 [0.76200485 0.034371   0.20362417]
 [0.45521036 0.37063968 0.17414998]]
probabilities: [[1.7108196e-01 7.3899484e-01 8.9923218e-02]
 [9.1625977e-01 1.7430136e-04 8.3565965e-02]
 [2.4942499e-02 6.1935866e-01 3.5569885e-01]
 [6.6512996e-01 9.4824530e-02 2.4004552e-01]
 [4.6868259e-01 4.0690276e-01 1.2441465e-01]]
probabilities: [[0.58237827 0.18382323 0.23379853]
 [0.19373368 0.52299744 0.28326887]
 [0.7313224  0.19782504 0.07085254]
 [0.00756613 0.67001945 0.32241443]
 [0.0224631  0.36598232 0.61155456]]
probabilities: [[0.09961295 0.64377654 0.25661048]
 [0.64819187 0.25158247 0.10022564]
 [0.18181665 0.08785954 0.7303238 ]
 [0.48498094 0.03661972 0.47839934]
 [0.25605154 0.23578973 0.50815874]]
probabilities: [[0.4056396  0.37536293 0.2189975 ]
 [0.14117056 0.70992357 0.14890586]
 [0.38437617 0.12283339 0.49279043]
 [0.11115098 0.14078255 0.7480665 ]
 [0.30579996 0.33973542 0.35446462]]
probabilities: [[0. 0. 1.]
 [0. 1. 0.]
 [0. 0. 1.]
 [0. 0. 1.]
 [0. 0. 1.]]
probabilities: [[0.05692395 0.04572982 0.8973462 ]
 [0.05736041 0.435496   0.5071436 ]
 [0.4317835  0.07811173 0.49010476]
 [0.56670004 0.21986239 0.21343759]
 [0.36066642 0.19381508 0.4455185 ]]
probabilities: [[0.25273687 0.18062438 0.56663877]
 [0.33410335 0.57460916 0.09128751]
 [0.64449704 0.26536942 0.09013352]
 [0.475748   0.01202159 0.5122304 ]
 [0.9406764  0.02495386 0.03436972]]
probabilities: [[0.38434535 0.13408732 0.48156732]
 [0.29198253 0.12015457 0.5878629 ]
 [0.7189347  0.19304626 0.08801901]
 [0.17697039 0.09538359 0.727646  ]
 [0.12065999 0.5300072  0.34933284]]
probabilities: [[0.34093413 0.12092544 0.5381404 ]
 [0.64565384 0.2604052  0.09394097]
 [0.5287339  0.12677246 0.34449366]
 [0.48212308 0.09930091 0.41857603]
 [0.32685503 0.41861156 0.2545334 ]]
probabilities: [[0.17090258 0.6320742  0.19702327]
 [0.81144047 0.10205832 0.08650123]
 [0.03615446 0.84236723 0.12147834]
 [0.5780121  0.3621056  0.05988229]
 [0.17059311 0.69591045 0.13349642]]
probabilities: [[0. 0. 1.]
 [0. 1. 0.]
 [0. 1. 0.]
 [0. 0. 1.]
 [0. 0. 1.]]
probabilities: [[0.70109123 0.02221698 0.2766918 ]
 [0.3634933  0.17886856 0.45763814]
 [0.00921594 0.31168434 0.67909974]
 [0.07783453 0.29524782 0.62691766]
 [0.5533921  0.21297842 0.23362947]]
probabilities: [[0.10953296 0.42151886 0.46894816]
 [0.3124357  0.09930445 0.5882599 ]
 [0.94362676 0.04962566 0.00674756]
 [0.14038265 0.28236425 0.5772531 ]
 [0.5734893  0.34877577 0.07773495]]
probabilities: [[0.86115706 0.00980515 0.1290378 ]
 [0.11629196 0.11726068 0.76644737]
 [0.22248039 0.73889446 0.03862512]
 [0.09212306 0.52765584 0.3802211 ]
 [0.08058137 0.5663706  0.353048  ]]
probabilities: [[0.55845815 0.24533309 0.19620878]
 [0.35394502 0.33328566 0.31276932]
 [0.52803504 0.02765147 0.4443135 ]
 [0.02980958 0.5526752  0.41751522]
 [0.09546421 0.61890876 0.285627  ]]
probabilities: [[0.23607968 0.701186   0.06273431]
 [0.3030436  0.26920077 0.42775562]
 [0.16589363 0.1720772  0.66202915]
 [0.7119591  0.13808385 0.14995703]
 [0.6847833  0.17532974 0.13988696]]
probabilities: [[0. 0. 1.]
 [0. 1. 0.]
 [0. 1. 0.]
 [0. 0. 1.]
 [0. 0. 1.]]
probabilities: [[0.6717909  0.1385045  0.18970461]
 [0.0579536  0.29523125 0.6468152 ]
 [0.16999996 0.32409278 0.50590724]
 [0.17622022 0.25058258 0.5731972 ]
 [0.03532005 0.54275    0.42192993]]
probabilities: [[0.09043753 0.6569022  0.25266027]
 [0.6779911  0.25831392 0.06369495]
 [0.08550823 0.868916   0.04557579]
 [0.17783639 0.20390803 0.61825556]
 [0.33785734 0.22567435 0.43646833]]
probabilities: [[0.16718541 0.68310183 0.14971274]
 [0.46048287 0.29519224 0.24432491]
 [0.0857692  0.4994936  0.4147372 ]
 [0.4706178  0.22312419 0.306258  ]
 [0.48919398 0.31127542 0.19953062]]
probabilities: [[0.6700161  0.32315537 0.00682851]
 [0.61195666 0.36606836 0.02197499]
 [0.1915515  0.51444423 0.29400423]
 [0.71657103 0.05970487 0.22372413]
 [0.16722076 0.6995982  0.13318107]]
probabilities: [[0.8400505  0.02075681 0.13919266]
 [0.05818606 0.7775238  0.16429013]
 [0.66697305 0.03835413 0.29467282]
 [0.14107701 0.3758905  0.4830325 ]
 [0.37543496 0.60953975 0.01502529]]
probabilities: [[0. 1. 0.]
 [0. 1. 0.]
 [0. 1. 0.]
 [0. 1. 0.]
 [0. 1. 0.]]
probabilities: [[0.7481401  0.12169103 0.13016887]
 [0.13515124 0.34025764 0.52459115]
 [0.24474272 0.3031188  0.4521385 ]
 [0.44303802 0.5265647  0.03039725]
 [0.2643121  0.66722673 0.06846116]]
probabilities: [[0.51699156 0.01634185 0.46666658]
 [0.6019745  0.03464725 0.3633783 ]
 [0.2031614  0.15045583 0.64638275]
 [0.26750562 0.4453138  0.28718057]
 [0.01090038 0.5159743  0.4731253 ]]
probabilities: [[0.6572127  0.13750723 0.20528011]
 [0.24751386 0.62850004 0.12398609]
 [0.51280767 0.37384737 0.113345  ]
 [0.37945387 0.55436915 0.06617698]
 [0.77359235 0.0780971  0.14831056]]
probabilities: [[0.38118222 0.6079646  0.01085322]
 [0.20655027 0.32697365 0.46647608]
 [0.3309137  0.49094614 0.17814018]
 [0.08624618 0.4339562  0.47979763]
 [0.6903004  0.15094413 0.15875544]]
probabilities: [[0.02841024 0.47902545 0.49256432]
 [0.03245084 0.11467679 0.8528724 ]
 [0.21303746 0.5079898  0.27897272]
 [0.10617619 0.13073319 0.7630906 ]
 [0.35498208 0.17451751 0.4705004 ]]
probabilities: [[1. 0. 0.]
 [1. 0. 0.]
 [1. 0. 0.]
 [1. 0. 0.]
 [1. 0. 0.]]
probabilities: [[0.13405982 0.6222054  0.2437348 ]
 [0.47666743 0.07616773 0.44716483]
 [0.27881712 0.42134535 0.29983753]
 [0.482538   0.06383451 0.45362747]
 [0.06790327 0.22603683 0.7060599 ]]
probabilities: [[0.6135532  0.3697946  0.01665216]
 [0.2120908  0.72571063 0.06219857]
 [0.36302185 0.2193427  0.41763547]
 [0.2852084  0.4399553  0.27483633]
 [0.29517734 0.07083344 0.6339892 ]]
probabilities: [[0.3436486  0.5365711  0.11978032]
 [0.01631762 0.5708882  0.41279417]
 [0.31750658 0.04814712 0.6343463 ]
 [0.405035   0.0490824  0.54588264]
 [0.09047794 0.38630748 0.5232146 ]]
probabilities: [[0.2769948  0.5561872  0.166818  ]
 [0.44537273 0.3883577  0.16626956]
 [0.5997278  0.04988428 0.3503879 ]
 [0.22672531 0.58489597 0.18837875]
 [0.54484725 0.1918832  0.26326954]]
probabilities: [[0.7194071  0.22465448 0.05593842]
 [0.29734203 0.01185695 0.690801  ]
 [0.23735096 0.6172864  0.14536265]
 [0.52717876 0.14620118 0.32662007]
 [0.5719708  0.341232   0.08679719]]
probabilities: [[0. 1. 0.]
 [0. 1. 0.]
 [0. 1. 0.]
 [0. 1. 0.]
 [0. 1. 0.]]
probabilities: [[0.1485051  0.16632067 0.6851742 ]
 [0.24463037 0.24112135 0.5142483 ]
 [0.1550756  0.0166923  0.8282321 ]
 [0.16321538 0.7519017  0.08488295]
 [0.64493936 0.04940415 0.30565646]]
probabilities: [[0.5734292  0.22091219 0.2056586 ]
 [0.04198853 0.07484054 0.8831709 ]
 [0.38986486 0.31464252 0.29549265]
 [0.2526172  0.16874638 0.5786364 ]
 [0.5547277  0.43013832 0.015134  ]]
probabilities: [[0.6262896  0.04769019 0.32602018]
 [0.41409907 0.02884162 0.55705935]
 [0.26103094 0.17002122 0.56894785]
 [0.7080661  0.21538824 0.07654568]
 [0.8762704  0.08758485 0.03614475]]
probabilities: [[0.5032248  0.48680505 0.00997015]
 [0.5879575  0.23108386 0.18095866]
 [0.48540804 0.37333477 0.1412572 ]
 [0.26784095 0.21135971 0.52079934]
 [0.1659048  0.79396594 0.04012927]]
probabilities: [[0.6550858  0.15528886 0.18962535]
 [0.1851266  0.5414367  0.2734367 ]
 [0.61699563 0.03316054 0.3498438 ]
 [0.15678531 0.77709424 0.06612043]
 [0.19150245 0.38644332 0.42205423]]
probabilities: [[1. 0. 0.]
 [1. 0. 0.]
 [1. 0. 0.]
 [1. 0. 0.]
 [1. 0. 0.]]
probabilities: [[0.20125921 0.7649258  0.033815  ]
 [0.7667246  0.03554005 0.19773534]
 [0.54736096 0.3691234  0.08351564]
 [0.36342546 0.37681404 0.2597605 ]
 [0.03737088 0.7352642  0.22736493]]
probabilities: [[0.8338587  0.1242042  0.04193705]
 [0.11102354 0.3283083  0.5606682 ]
 [0.03250549 0.2852698  0.6822247 ]
 [0.21117814 0.51707417 0.27174768]
 [0.25161582 0.1473067  0.6010775 ]]
probabilities: [[0.5455086  0.37959465 0.07489675]
 [0.16157156 0.07703843 0.76139003]
 [0.3330889  0.26262972 0.40428135]
 [0.00483423 0.73301995 0.26214585]
 [0.56636626 0.2936972  0.13993657]]
probabilities: [[0.3533685  0.12620707 0.5204244 ]
 [0.24740615 0.6140517  0.13854216]
 [0.5386562  0.33586925 0.12547457]
 [0.04559648 0.66842693 0.2859766 ]
 [0.02823088 0.7259574  0.24581172]]
probabilities: [[0.25672865 0.5445624  0.19870897]
 [0.1054965  0.2534403  0.6410632 ]
 [0.4891536  0.37660933 0.1342371 ]
 [0.35172737 0.6330818  0.01519082]
 [0.5890353  0.26272234 0.14824237]]
probabilities: [[0. 0. 1.]
 [0. 1. 0.]
 [0. 1. 0.]
 [0. 0. 1.]
 [0. 0. 1.]]
probabilities: [[0.66072005 0.09339566 0.2458843 ]
 [0.5084793  0.24608292 0.2454378 ]
 [0.04330345 0.00536785 0.9513287 ]
 [0.62687504 0.15214983 0.22097513]
 [0.3392603  0.6184281  0.04231156]]
probabilities: [[0.5085951  0.07164975 0.41975516]
 [0.23020175 0.7183264  0.05147184]
 [0.5083635  0.33820754 0.15342896]
 [0.08081328 0.5355111  0.38367563]
 [0.37953657 0.40842324 0.2120402 ]]
probabilities: [[0.28333864 0.04265921 0.6740022 ]
 [0.06415591 0.73790276 0.1979413 ]
 [0.34759548 0.63575214 0.01665237]
 [0.00102153 0.9773084  0.02167008]
 [0.05467891 0.15804721 0.7872739 ]]
probabilities: [[0.09819224 0.7307212  0.17108661]
 [0.23509344 0.5311405  0.23376608]
 [0.6622351  0.11326526 0.22449964]
 [0.7007596  0.18383823 0.1154022 ]
 [0.00179025 0.43535247 0.5628573 ]]
probabilities: [[0.19477367 0.02403692 0.78118944]
 [0.5863986  0.21307872 0.20052266]
 [0.9058258  0.03198297 0.06219125]
 [0.70464957 0.23765096 0.05769947]
 [0.22525257 0.21238008 0.5623674 ]]
probabilities: [[1. 0. 0.]
 [1. 0. 0.]
 [1. 0. 0.]
 [1. 0. 0.]
 [1. 0. 0.]]
probabilities: [[0.473693   0.329613   0.19669397]
 [0.20782433 0.10477733 0.6873983 ]
 [0.24976997 0.48511866 0.2651114 ]
 [0.17128524 0.46847388 0.36024088]
 [0.5588362  0.00195564 0.43920815]]
probabilities: [[0.09872836 0.0924006  0.80887103]
 [0.14985968 0.14187926 0.7082611 ]
 [0.2508869  0.06067444 0.68843865]
 [0.04576069 0.18011764 0.7741217 ]
 [0.18267626 0.34658757 0.47073618]]
probabilities: [[0.07199639 0.04009734 0.88790625]
 [0.30516878 0.29162893 0.4032023 ]
 [0.5353795  0.2110137  0.25360677]
 [0.39765042 0.28917226 0.31317732]
 [0.2648286  0.46422836 0.27094305]]
probabilities: [[0.15395068 0.36692876 0.47912058]
 [0.03655402 0.44841474 0.5150312 ]
 [0.55771846 0.41806862 0.02421293]
 [0.7896106  0.18465537 0.025734  ]
 [0.5557071  0.04351706 0.40077582]]
probabilities: [[0.20375593 0.68685424 0.10938985]
 [0.17664228 0.37601212 0.44734558]
 [0.29978812 0.6823923  0.01781956]
 [0.23557274 0.4811845  0.28324276]
 [0.6646963  0.22385757 0.11144617]]
probabilities: [[0. 0. 1.]
 [0. 1. 0.]
 [0. 0. 1.]
 [0. 0. 1.]
 [0. 0. 1.]]
probabilities: [[0.6382858  0.12560938 0.23610482]
 [0.35155448 0.33252397 0.31592155]
 [0.38418704 0.01128847 0.6045245 ]
 [0.4417893  0.28911084 0.26909983]
 [0.59785783 0.18592018 0.21622199]]
probabilities: [[0.28165483 0.6646714  0.05367373]
 [0.10086173 0.86230326 0.036835  ]
 [0.23598635 0.19278854 0.5712251 ]
 [0.3027712  0.5598385  0.13739033]
 [0.8224791  0.01214306 0.1653778 ]]
probabilities: [[0.60948    0.15203401 0.23848596]
 [0.36341068 0.12244567 0.51414365]
 [0.10221092 0.7672665  0.13052256]
 [0.8972066  0.00388732 0.09890608]
 [0.65590316 0.16592328 0.17817356]]
probabilities: [[0.00561302 0.1335137  0.8608733 ]
 [0.13802178 0.8301093  0.03186889]
 [0.70785844 0.05795754 0.234184  ]
 [0.03541155 0.21941528 0.74517316]
 [0.9475464  0.01824129 0.03421231]]
probabilities: [[0.24545659 0.41771147 0.33683193]
 [0.28132257 0.5096011  0.2090763 ]
 [0.26965812 0.27133763 0.45900425]
 [0.00831691 0.77757704 0.21410607]
 [0.65290153 0.255331   0.09176748]]
probabilities: [[0. 0. 1.]
 [0. 1. 0.]
 [0. 1. 0.]
 [0. 0. 1.]
 [0. 0. 1.]]
probabilities: [[0.26199165 0.3918967  0.34611166]
 [0.69533485 0.1198006  0.18486452]
 [0.3909062  0.19843118 0.4106626 ]
 [0.06990818 0.85367143 0.0764204 ]
 [0.596943   0.39645195 0.00660504]]
probabilities: [[0.55124664 0.37463275 0.07412061]
 [0.8287108  0.01055015 0.16073905]
 [0.4987979  0.10255464 0.3986475 ]
 [0.00307883 0.97217834 0.02474283]
 [0.5764682  0.37728816 0.0462436 ]]
probabilities: [[0.30824888 0.4172756  0.2744755 ]
 [0.08777057 0.52517575 0.38705367]
 [0.2206523  0.5429416  0.23640613]
 [0.34813496 0.36457506 0.28729   ]
 [0.25362843 0.69961536 0.0467562 ]]
probabilities: [[0.10634185 0.17619093 0.7174672 ]
 [0.03897167 0.10162473 0.8594036 ]
 [0.13015005 0.10379707 0.7660529 ]
 [0.00942254 0.78052187 0.21005562]
 [0.84646577 0.06533121 0.08820301]]
probabilities: [[0.28964764 0.03649919 0.67385316]
 [0.61059695 0.16930854 0.22009452]
 [0.24035743 0.148614   0.61102855]
 [0.30425206 0.40198576 0.29376218]
 [0.246616   0.16852915 0.58485484]]
probabilities: [[0. 0. 1.]
 [0. 1. 0.]
 [0. 0. 1.]
 [0. 0. 1.]
 [0. 0. 1.]]
probabilities: [[0.33058706 0.24493502 0.42447793]
 [0.1419675  0.16320227 0.69483024]
 [0.28927955 0.47295293 0.2377675 ]
 [0.04101745 0.7447092  0.21427336]
 [0.08753555 0.29331392 0.6191505 ]]
probabilities: [[0.31832826 0.11499959 0.56667215]
 [0.18194109 0.57588327 0.24217562]
 [0.00696254 0.5882547  0.4047828 ]
 [0.03908068 0.20215051 0.7587688 ]
 [0.17749517 0.01141647 0.8110884 ]]
probabilities: [[0.08863727 0.8381822  0.07318055]
 [0.34770492 0.04396477 0.6083303 ]
 [0.36625358 0.6259139  0.00783254]
 [0.00580273 0.6286407  0.36555654]
 [0.02279583 0.34824023 0.62896395]]
probabilities: [[0.5791802  0.07153701 0.34928283]
 [0.18008903 0.24837264 0.5715383 ]
 [0.5178901  0.3533217  0.12878817]
 [0.2813126  0.58555067 0.13313675]
 [0.4814857  0.3089696  0.2095447 ]]
probabilities: [[0.24945252 0.6949834  0.05556409]
 [0.69679964 0.2646142  0.0385862 ]
 [0.9124124  0.04642083 0.04116679]
 [0.09990025 0.29958233 0.6005174 ]
 [0.32574457 0.49443504 0.17982039]]
probabilities: [[0. 0. 1.]
 [0. 1. 0.]
 [0. 1. 0.]
 [0. 0. 1.]
 [0. 0. 1.]]
probabilities: [[0.07266415 0.53829306 0.3890428 ]
 [0.5418815  0.4023576  0.0557609 ]
 [0.3834558  0.16801739 0.4485268 ]
 [0.12865652 0.78061825 0.09072521]
 [0.11775742 0.13502759 0.747215  ]]
probabilities: [[0.26165614 0.34859428 0.3897496 ]
 [0.2437189  0.16500585 0.5912752 ]
 [0.09748178 0.21807007 0.6844481 ]
 [0.33547926 0.06932621 0.5951945 ]
 [0.16808155 0.03059153 0.80132693]]
probabilities: [[1.0512093e-01 1.7131062e-01 7.2356844e-01]
 [1.8595301e-01 4.5729065e-01 3.5675633e-01]
 [8.2764804e-01 3.3683245e-04 1.7201510e-01]
 [9.5772415e-01 4.0777087e-02 1.4987438e-03]
 [2.5228840e-01 1.7054541e-01 5.7716620e-01]]
probabilities: [[0.04270972 0.8392242  0.11806607]
 [0.9498422  0.0025255  0.04763227]
 [0.23392633 0.04177025 0.7243034 ]
 [0.40268487 0.4692977  0.12801743]
 [0.4423262  0.1500604  0.40761343]]
probabilities: [[0.2005911  0.48131832 0.3180906 ]
 [0.19440487 0.22420207 0.58139306]
 [0.52503705 0.261139   0.21382393]
 [0.06507669 0.3306411  0.6042822 ]
 [0.48533157 0.36753303 0.14713542]]
probabilities: [[0. 1. 0.]
 [0. 1. 0.]
 [0. 1. 0.]
 [0. 1. 0.]
 [0. 1. 0.]]
probabilities: [[0.64471287 0.13226958 0.22301757]
 [0.4719692  0.23167391 0.29635692]
 [0.07745271 0.36582395 0.55672336]
 [0.4671049  0.08131129 0.4515838 ]
 [0.23810516 0.4967679  0.2651269 ]]
probabilities: [[0.47097206 0.07308134 0.4559466 ]
 [0.33787307 0.39130265 0.27082428]
 [0.31086904 0.18539754 0.5037334 ]
 [0.121952   0.6860071  0.19204089]
 [0.39864987 0.46868563 0.1326645 ]]
probabilities: [[0.6682608  0.04704516 0.284694  ]
 [0.34882864 0.25512424 0.39604712]
 [0.03746038 0.19353752 0.7690021 ]
 [0.33415294 0.41230714 0.25353995]
 [0.08989685 0.3308794  0.57922375]]
probabilities: [[0.3249865  0.16636911 0.5086444 ]
 [0.05218785 0.22899665 0.7188155 ]
 [0.44066393 0.24244247 0.31689358]
 [0.18218109 0.17640774 0.6414112 ]
 [0.54771096 0.4210297  0.03125934]]
probabilities: [[0.12671126 0.6576609  0.21562783]
 [0.5809325  0.3523913  0.0666762 ]
 [0.4159786  0.18723442 0.39678696]
 [0.82454336 0.16244361 0.013013  ]
 [0.3893031  0.08090204 0.5297949 ]]
probabilities: [[0. 0. 1.]
 [0. 1. 0.]
 [0. 0. 1.]
 [0. 0. 1.]
 [0. 0. 1.]]
probabilities: [[0.06837825 0.46803394 0.46358782]
 [0.79294497 0.11950111 0.0875539 ]
 [0.6267555  0.11833248 0.25491202]
 [0.18759333 0.8006018  0.01180491]
 [0.67894506 0.15392485 0.16713007]]
probabilities: [[0.8768232  0.11963627 0.00354052]
 [0.44162133 0.3890619  0.16931677]
 [0.4480477  0.4884434  0.06350888]
 [0.3325755  0.5763598  0.0910647 ]
 [0.45472762 0.39685494 0.14841743]]
probabilities: [[0.43881136 0.07634998 0.48483866]
 [0.14626959 0.44732434 0.40640607]
 [0.01544031 0.39841065 0.58614904]
 [0.46515587 0.33541712 0.19942702]
 [0.24533534 0.56019336 0.19447127]]
probabilities: [[0.14099397 0.08047906 0.77852696]
 [0.2792888  0.58146006 0.13925114]
 [0.27529994 0.42708674 0.29761332]
 [0.21651207 0.65594536 0.12754256]
 [0.29572886 0.60609186 0.09817925]]
probabilities: [[0.22523774 0.43144283 0.34331942]
 [0.21772744 0.09128447 0.6909881 ]
 [0.64517486 0.02108407 0.33374107]
 [0.13290493 0.25108606 0.616009  ]
 [0.4080767  0.31333262 0.27859068]]
probabilities: [[0. 0. 1.]
 [0. 1. 0.]
 [0. 0. 1.]
 [0. 0. 1.]
 [0. 0. 1.]]
probabilities: [[0.18331197 0.0687051  0.7479829 ]
 [0.10680732 0.11079469 0.782398  ]
 [0.12411321 0.3614765  0.51441026]
 [0.31966916 0.28661755 0.3937133 ]
 [0.39121214 0.46956143 0.13922644]]
probabilities: [[0.33981708 0.38092265 0.27926028]
 [0.400017   0.31887022 0.2811128 ]
 [0.06620391 0.55781275 0.37598333]
 [0.58020294 0.15363628 0.26616076]
 [0.26079443 0.17471991 0.56448567]]
probabilities: [[0.25513652 0.6320969  0.11276659]
 [0.867506   0.02495794 0.10753604]
 [0.24151435 0.50336456 0.25512105]
 [0.35259357 0.3306478  0.31675863]
 [0.17406687 0.49432722 0.3316059 ]]
probabilities: [[0.04169815 0.80464596 0.15365592]
 [0.43003374 0.40386897 0.16609728]
 [0.28176686 0.49390742 0.2243257 ]
 [0.7481382  0.22483687 0.02702494]
 [0.04009486 0.433866   0.5260392 ]]
probabilities: [[0.39042142 0.3581932  0.2513854 ]
 [0.60631216 0.27107513 0.12261271]
 [0.4463816  0.12951465 0.42410377]
 [0.3478806  0.3547517  0.29736766]
 [0.43260852 0.35636196 0.21102951]]
probabilities: [[1. 0. 0.]
 [1. 0. 0.]
 [1. 0. 0.]
 [1. 0. 0.]
 [1. 0. 0.]]
probabilities: [[0.11154032 0.13101728 0.7574424 ]
 [0.5420792  0.2218261  0.2360947 ]
 [0.6396728  0.0111311  0.34919605]
 [0.07203369 0.047009   0.8809573 ]
 [0.15029818 0.26057133 0.58913046]]
probabilities: [[0.47825617 0.51083624 0.01090762]
 [0.7381481  0.16232182 0.09953009]
 [0.0905403  0.29353505 0.61592466]
 [0.5139409  0.34529883 0.14076032]
 [0.0297375  0.18629031 0.7839722 ]]
probabilities: [[0.7139357  0.18032187 0.10574247]
 [0.1250744  0.51862204 0.35630354]
 [0.14262186 0.11184671 0.74553144]
 [0.62214893 0.3292861  0.04856494]
 [0.74005115 0.15198413 0.1079647 ]]
probabilities: [[0.17587352 0.5117069  0.31241962]
 [0.04844157 0.9032665  0.04829193]
 [0.25050634 0.52463716 0.2248565 ]
 [0.5278964  0.43432418 0.03777941]
 [0.36521375 0.19240762 0.44237864]]
probabilities: [[0.05288267 0.3291841  0.6179333 ]
 [0.47040102 0.2666107  0.26298827]
 [0.06959275 0.39306352 0.53734374]
 [0.7015511  0.26998338 0.02846554]
 [0.9100671  0.0246456  0.06528731]]
probabilities: [[0. 1. 0.]
 [0. 1. 0.]
 [0. 1. 0.]
 [0. 1. 0.]
 [0. 1. 0.]]
probabilities: [[0.03029621 0.6262004  0.3435034 ]
 [0.1086879  0.7497914  0.14152074]
 [0.38965377 0.37438688 0.23595935]
 [0.39965105 0.13256705 0.4677819 ]
 [0.3149798  0.23152214 0.45349807]]
probabilities: [[0.19170569 0.51921487 0.28907946]
 [0.44336542 0.25922254 0.29741204]
 [0.36337164 0.17296487 0.4636635 ]
 [0.01874065 0.6535452  0.32771415]
 [0.09771361 0.6100852  0.2922012 ]]
probabilities: [[0.67918766 0.02994779 0.29086456]
 [0.2187131  0.6984809  0.08280602]
 [0.76635844 0.10538466 0.12825689]
 [0.71877    0.05117006 0.23005994]
 [0.00774549 0.00647008 0.9857844 ]]
probabilities: [[0.78488207 0.06147834 0.15363957]
 [0.01641148 0.36380148 0.61978704]
 [0.3271465  0.17046636 0.5023871 ]
 [0.29368046 0.07427496 0.63204455]
 [0.2440231  0.1424639  0.613513  ]]
probabilities: [[0.518411   0.20850806 0.27308095]
 [0.3687873  0.03659286 0.59461987]
 [0.00825128 0.1893047  0.80244404]
 [0.35287008 0.265194   0.38193592]
 [0.40507713 0.02854799 0.56637484]]
probabilities: [[0. 0. 1.]
 [0. 1. 0.]
 [0. 1. 0.]
 [0. 0. 1.]
 [0. 0. 1.]]
probabilities: [[0.04457701 0.05127218 0.9041508 ]
 [0.40151104 0.1636447  0.43484426]
 [0.30807936 0.20722729 0.48469335]
 [0.1455534  0.2140055  0.6404411 ]
 [0.04851097 0.37386274 0.5776263 ]]
probabilities: [[0.54509646 0.44535428 0.00954926]
 [0.4928126  0.45736328 0.04982413]
 [0.21462423 0.34339765 0.44197813]
 [0.2258814  0.00831466 0.76580393]
 [0.48496315 0.26638937 0.24864748]]
probabilities: [[0.5171769  0.4342198  0.04860327]
 [0.7676495  0.19371477 0.03863578]
 [0.11521067 0.20607889 0.67871046]
 [0.1603428  0.23404455 0.60561264]
 [0.33064908 0.18261532 0.48673558]]
probabilities: [[0.153704   0.5493324  0.2969636 ]
 [0.2607773  0.45661786 0.28260484]
 [0.22315606 0.62245876 0.1543852 ]
 [0.10916082 0.48573372 0.40510547]
 [0.44291952 0.21790172 0.33917877]]
probabilities: [[0.2589259  0.71282053 0.02825358]
 [0.46617886 0.09638155 0.4374396 ]
 [0.3164731  0.26649222 0.4170347 ]
 [0.36090353 0.33287737 0.30621913]
 [0.42324638 0.28131646 0.2954372 ]]
probabilities: [[0. 0. 1.]
 [0. 1. 0.]
 [0. 1. 0.]
 [0. 0. 1.]
 [0. 0. 1.]]
probabilities: [[0.2796196  0.5071195  0.2132609 ]
 [0.06944382 0.8688137  0.06174251]
 [0.18533152 0.13080598 0.6838625 ]
 [0.6092611  0.08682922 0.3039097 ]
 [0.12373909 0.5004039  0.37585703]]
probabilities: [[0.4030177  0.32443503 0.27254727]
 [0.25553098 0.27812275 0.46634626]
 [0.15821932 0.81666267 0.02511803]
 [0.75353235 0.13590398 0.11056368]
 [0.59740406 0.3818054  0.02079058]]
probabilities: [[0.3232023  0.5752229  0.10157475]
 [0.9118587  0.04994198 0.03819932]
 [0.3940524  0.32847217 0.27747545]
 [0.34865975 0.5429924  0.10834784]
 [0.33473676 0.02079865 0.64446455]]
probabilities: [[0.06254295 0.8200734  0.11738361]
 [0.5517697  0.42009845 0.02813187]
 [0.2783221  0.07795257 0.64372534]
 [0.19789784 0.5067059  0.2953963 ]
 [0.06570864 0.11339267 0.8208987 ]]
probabilities: [[0.80291885 0.07066273 0.12641844]
 [0.06219435 0.4878136  0.44999206]
 [0.3351754  0.5629798  0.10184478]
 [0.65748155 0.08342625 0.2590922 ]
 [0.930535   0.00386249 0.06560249]]
probabilities: [[0. 1. 0.]
 [0. 1. 0.]
 [0. 1. 0.]
 [0. 1. 0.]
 [0. 1. 0.]]
probabilities: [[0.73291683 0.06423325 0.2028499 ]
 [0.29894516 0.18429385 0.516761  ]
 [0.6490491  0.0602356  0.2907153 ]
 [0.06987767 0.01944417 0.91067815]
 [0.9340947  0.03592426 0.02998101]]
probabilities: [[0.41704533 0.0228116  0.56014305]
 [0.00174063 0.7379863  0.26027307]
 [0.2658952  0.17508581 0.559019  ]
 [0.5985887  0.03277317 0.36863813]
 [0.11633268 0.73793244 0.14573489]]
probabilities: [[0.10656957 0.59075123 0.3026792 ]
 [0.3728711  0.41341916 0.21370974]
 [0.84844863 0.02384857 0.12770277]
 [0.6195922  0.02434622 0.3560616 ]
 [0.18279333 0.22712414 0.5900825 ]]
probabilities: [[0.40513512 0.02895464 0.5659102 ]
 [0.10689247 0.42240798 0.47069955]
 [0.51254255 0.15701921 0.33043826]
 [0.01025678 0.7602544  0.22948883]
 [0.34887466 0.21630742 0.4348179 ]]
probabilities: [[0.5794237  0.3936476  0.02692865]
 [0.50994486 0.45845878 0.03159638]
 [0.24973518 0.13087116 0.61939365]
 [0.23272294 0.61461097 0.1526661 ]
 [0.11847353 0.8308717  0.05065475]]
probabilities: [[0. 0. 1.]
 [0. 1. 0.]
 [0. 0. 1.]
 [0. 0. 1.]
 [0. 0. 1.]]
probabilities: [[0.1353039  0.10686956 0.75782657]
 [0.14276898 0.587894   0.26933703]
 [0.63084435 0.13709246 0.2320632 ]
 [0.53509146 0.13881215 0.32609636]
 [0.4840174  0.32433861 0.19164397]]
probabilities: [[0.24176541 0.02842814 0.7298065 ]
 [0.37942055 0.42025852 0.20032093]
 [0.32086387 0.11723802 0.5618981 ]
 [0.67575216 0.18127562 0.14297222]
 [0.4824612  0.11629033 0.40124846]]
probabilities: [[0.90273345 0.08359116 0.01367541]
 [0.08534662 0.38293383 0.53171957]
 [0.14629352 0.34090227 0.5128042 ]
 [0.7080914  0.02942335 0.2624853 ]
 [0.29362962 0.05614696 0.65022343]]
probabilities: [[0.20633942 0.67878133 0.11487923]
 [0.16654569 0.13037884 0.70307547]
 [0.43457967 0.13663043 0.4287899 ]
 [0.09487328 0.13851684 0.7666099 ]
 [0.13298261 0.4891372  0.3778802 ]]
probabilities: [[0.7808671  0.0031969  0.215936  ]
 [0.7597576  0.21079817 0.02944425]
 [0.5407898  0.31258366 0.14662655]
 [0.98103267 0.01057531 0.00839199]
 [0.38300684 0.2323721  0.38462108]]
probabilities: [[0. 0. 1.]
 [0. 1. 0.]
 [0. 0. 1.]
 [0. 0. 1.]
 [0. 0. 1.]]
probabilities: [[0.40057296 0.56121397 0.03821305]
 [0.00116461 0.77794635 0.22088906]
 [0.53647155 0.25696102 0.20656742]
 [0.5148966  0.22294836 0.26215506]
 [0.5374873  0.34861717 0.11389549]]
probabilities: [[4.0474656e-01 5.9451181e-01 7.4161182e-04]
 [6.6239065e-01 2.9501361e-01 4.2595726e-02]
 [5.8939809e-01 2.1749498e-01 1.9310692e-01]
 [1.6437338e-01 8.2887828e-01 6.7483555e-03]
 [9.0460151e-01 9.1979019e-02 3.4194815e-03]]
probabilities: [[0.74184924 0.10358872 0.15456201]
 [0.28694734 0.24336109 0.46969157]
 [0.1111134  0.25793716 0.63094944]
 [0.54373014 0.1224397  0.33383018]
 [0.3063354  0.08728925 0.60637534]]
probabilities: [[0.01101642 0.23635244 0.7526311 ]
 [0.01368157 0.76576763 0.22055078]
 [0.4937903  0.08080875 0.42540094]
 [0.9248744  0.07353399 0.00159156]
 [0.24964651 0.07757387 0.6727796 ]]
probabilities: [[0.33469898 0.47640494 0.18889609]
 [0.23342332 0.06509395 0.7014827 ]
 [0.81581265 0.06002711 0.12416025]
 [0.01649194 0.5325827  0.45092535]
 [0.12934412 0.77704525 0.09361061]]
probabilities: [[0. 1. 0.]
 [0. 1. 0.]
 [0. 1. 0.]
 [0. 1. 0.]
 [0. 1. 0.]]
probabilities: [[0.03964745 0.12221685 0.8381357 ]
 [0.46530274 0.42136592 0.11333135]
 [0.15447713 0.08976822 0.75575465]
 [0.34837934 0.20881951 0.44280118]
 [0.06650294 0.06917294 0.8643241 ]]
probabilities: [[0.54205614 0.17764874 0.28029513]
 [0.26842016 0.33133435 0.40024552]
 [0.6104345  0.05841338 0.33115214]
 [0.11869631 0.3598111  0.5214926 ]
 [0.548125   0.26770505 0.18416992]]
probabilities: [[0.22343698 0.60175616 0.17480686]
 [0.67448354 0.03429309 0.29122338]
 [0.69612414 0.2373121  0.06656379]
 [0.2863821  0.59121376 0.12240416]
 [0.5642579  0.13930063 0.29644147]]
probabilities: [[0.38862202 0.59393    0.01744798]
 [0.49422008 0.29868233 0.20709759]
 [0.18980646 0.21032834 0.5998652 ]
 [0.198254   0.6015567  0.2001893 ]
 [0.15626374 0.00794945 0.8357868 ]]
probabilities: [[0.45252466 0.15197347 0.39550185]
 [0.75916773 0.10762642 0.13320585]
 [0.17639126 0.72109437 0.10251439]
 [0.1676288  0.35968184 0.47268936]
 [0.20159025 0.6723857  0.12602407]]
probabilities: [[0. 1. 0.]
 [0. 1. 0.]
 [0. 1. 0.]
 [0. 1. 0.]
 [0. 1. 0.]]
probabilities: [[0.30990338 0.40700418 0.28309244]
 [0.53381246 0.31926382 0.14692374]
 [0.36002302 0.09028515 0.54969186]
 [0.1157508  0.74730814 0.13694109]
 [0.8575509  0.10618597 0.03626309]]
probabilities: [[0.17637017 0.13808112 0.6855487 ]
 [0.21052793 0.10981269 0.67965937]
 [0.27439305 0.56041527 0.16519168]
 [0.47794244 0.03918689 0.48287067]
 [0.17056373 0.59766096 0.23177533]]
probabilities: [[0.4859368  0.33893532 0.17512788]
 [0.88056314 0.04692318 0.07251368]
 [0.6261363  0.22320676 0.15065695]
 [0.32178238 0.40322202 0.2749956 ]
 [0.183068   0.4639435  0.35298848]]
probabilities: [[0.8935734  0.00427393 0.10215268]
 [0.4705509  0.1374929  0.3919562 ]
 [0.01961003 0.7092187  0.2711713 ]
 [0.72085243 0.26979828 0.00934927]
 [0.20437707 0.1158358  0.6797871 ]]
probabilities: [[0.29142147 0.40778866 0.30078986]
 [0.034838   0.5583019  0.40686008]
 [0.8265865  0.00498109 0.16843244]
 [0.5693637  0.34859574 0.08204056]
 [0.4138333  0.57591295 0.01025378]]
probabilities: [[0. 0. 1.]
 [0. 1. 0.]
 [0. 0. 1.]
 [0. 0. 1.]
 [0. 0. 1.]]
probabilities: [[0.56130064 0.39744648 0.04125286]
 [0.45863602 0.24769159 0.29367238]
 [0.7085643  0.0793123  0.21212344]
 [0.22463873 0.20168574 0.5736755 ]
 [0.5084899  0.08061494 0.41089517]]
probabilities: [[0.21137036 0.28672794 0.5019017 ]
 [0.03175123 0.6725831  0.29566568]
 [0.10403559 0.3358644  0.5601    ]
 [0.21242484 0.32481804 0.46275714]
 [0.6119195  0.18827155 0.19980891]]
probabilities: [[0.25380012 0.36818448 0.3780154 ]
 [0.3965408  0.5942837  0.0091755 ]
 [0.12857981 0.62686837 0.24455184]
 [0.35121292 0.29903868 0.34974837]
 [0.16668557 0.2422979  0.59101653]]
probabilities: [[0.7846522  0.20354573 0.0118021 ]
 [0.03705718 0.31332973 0.6496131 ]
 [0.5144049  0.04129851 0.4442966 ]
 [0.5799757  0.22735304 0.19267125]
 [0.2878369  0.44094995 0.27121314]]
probabilities: [[0.59894913 0.12858613 0.27246475]
 [0.5491365  0.44133613 0.00952739]
 [0.00567357 0.3362066  0.65811986]
 [0.13153839 0.11474998 0.75371164]
 [0.70496    0.03339238 0.26164764]]
probabilities: [[0. 0. 1.]
 [0. 1. 0.]
 [0. 0. 1.]
 [0. 0. 1.]
 [0. 0. 1.]]
probabilities: [[0.05642117 0.8349982  0.10858063]
 [0.22748397 0.33729818 0.43521783]
 [0.7929009  0.06726699 0.13983208]
 [0.3497936  0.64032906 0.00987729]
 [0.7421355  0.24005242 0.01781207]]
probabilities: [[0.13181666 0.17231782 0.6958655 ]
 [0.3624231  0.52013147 0.11744542]
 [0.53741837 0.2628883  0.19969335]
 [0.24500287 0.04372137 0.71127576]
 [0.25475612 0.54892266 0.1963212 ]]
probabilities: [[0.15397091 0.7474259  0.09860316]
 [0.01219507 0.9231279  0.06467702]
 [0.7249974  0.24032791 0.03467467]
 [0.01173113 0.67347604 0.3147928 ]
 [0.19863825 0.30824146 0.49312028]]
probabilities: [[0.3604654  0.48500046 0.1545341 ]
 [0.7631121  0.03361498 0.20327291]
 [0.09680524 0.12029744 0.7828973 ]
 [0.14448434 0.3517167  0.50379896]
 [0.03924835 0.20529057 0.7554611 ]]
probabilities: [[0.7135667  0.10698027 0.17945299]
 [0.12953769 0.03019602 0.8402663 ]
 [0.94193983 0.00474791 0.05331223]
 [0.57324195 0.14421873 0.28253934]
 [0.271523   0.1889162  0.5395608 ]]
probabilities: [[1. 0. 0.]
 [1. 0. 0.]
 [1. 0. 0.]
 [1. 0. 0.]
 [1. 0. 0.]]
probabilities: [[0.05000264 0.65591896 0.2940784 ]
 [0.14128113 0.33196843 0.52675045]
 [0.03438318 0.7593768  0.20624001]
 [0.26931715 0.61197126 0.11871161]
 [0.51997167 0.20605028 0.27397802]]
probabilities: [[0.41027385 0.29624352 0.29348263]
 [0.67699015 0.3017354  0.02127447]
 [0.35627007 0.09841917 0.54531074]
 [0.39290708 0.28767928 0.31941363]
 [0.10677762 0.5254409  0.36778152]]
probabilities: [[0.7849237  0.13187158 0.08320476]
 [0.47429073 0.45115808 0.07455119]
 [0.9412769  0.01427949 0.04444363]
 [0.28507903 0.6282377  0.08668325]
 [0.34878948 0.5059235  0.14528699]]
probabilities: [[0.27989703 0.70135105 0.01875192]
 [0.17784256 0.3828174  0.43934005]
 [0.5372221  0.264792   0.1979859 ]
 [0.27036256 0.57936174 0.15027569]
 [0.57679224 0.20784874 0.21535903]]
probabilities: [[0.28446344 0.64713395 0.06840262]
 [0.39808849 0.02936109 0.5725504 ]
 [0.16826315 0.720799   0.1109378 ]
 [0.138177   0.50248164 0.35934138]
 [0.36556333 0.17774343 0.45669323]]
probabilities: [[0. 1. 0.]
 [0. 1. 0.]
 [0. 1. 0.]
 [0. 1. 0.]
 [0. 1. 0.]]
probabilities: [[0.617594   0.07746758 0.30493844]
 [0.5575349  0.42225945 0.02020567]
 [0.21995597 0.28067487 0.49936917]
 [0.24996316 0.7040959  0.04594093]
 [0.67471015 0.01472896 0.3105609 ]]
probabilities: [[0.7219533  0.17697284 0.10107391]
 [0.22376704 0.04107837 0.73515457]
 [0.9168887  0.08204887 0.00106239]
 [0.09546055 0.01367341 0.89086604]
 [0.2220652  0.21319082 0.564744  ]]
probabilities: [[0.34576952 0.37120622 0.28302425]
 [0.20527673 0.5931605  0.20156278]
 [0.85047925 0.08804006 0.06148068]
 [0.7223652  0.15798926 0.11964555]
 [0.48118344 0.08752719 0.43128937]]
probabilities: [[0.27156222 0.24584164 0.48259613]
 [0.81377983 0.06695871 0.11926146]
 [0.08462556 0.74459785 0.17077658]
 [0.02829208 0.4831581  0.4885498 ]
 [0.23760691 0.17227644 0.5901166 ]]
probabilities: [[0.6670976  0.12323522 0.20966716]
 [0.76789457 0.03499632 0.19710912]
 [0.60763687 0.15744431 0.23491883]
 [0.13365439 0.08634963 0.779996  ]
 [0.15322012 0.10226072 0.7445192 ]]
probabilities: [[0. 0. 1.]
 [0. 1. 0.]
 [0. 0. 1.]
 [0. 0. 1.]
 [0. 0. 1.]]
probabilities: [[0.51170874 0.20341304 0.28487822]
 [0.7560064  0.07390703 0.17008658]
 [0.09949585 0.749182   0.15132217]
 [0.05883732 0.11182266 0.82934004]
 [0.24302801 0.34155226 0.41541973]]
probabilities: [[0.45610517 0.5139973  0.02989752]
 [0.07834038 0.6630279  0.2586317 ]
 [0.5666902  0.05554218 0.37776762]
 [0.318449   0.21671855 0.46483245]
 [0.09096397 0.7502173  0.15881868]]
probabilities: [[0.12606895 0.29987764 0.5740534 ]
 [0.59746724 0.30446583 0.09806695]
 [0.26756337 0.49628538 0.23615125]
 [0.1916577  0.70498985 0.10335244]
 [0.12034837 0.60011214 0.2795395 ]]
probabilities: [[0.07947502 0.04494153 0.87558347]
 [0.5430026  0.25007036 0.20692702]
 [0.5796017  0.18272531 0.237673  ]
 [0.05541855 0.7155934  0.22898805]
 [0.51008415 0.18870324 0.30121258]]
probabilities: [[0.32474965 0.3802585  0.29499185]
 [0.03300873 0.84032214 0.12666914]
 [0.45000196 0.525631   0.02436705]
 [0.5079307  0.45559675 0.03647256]
 [0.2237806  0.44673356 0.32948583]]
probabilities: [[0. 0. 1.]
 [0. 1. 0.]
 [0. 1. 0.]
 [0. 0. 1.]
 [0. 0. 1.]]
probabilities: [[0.14542392 0.54098284 0.31359324]
 [0.43555152 0.13284694 0.43160155]
 [0.2255576  0.51644075 0.2580017 ]
 [0.35903996 0.15508223 0.4858778 ]
 [0.4207554  0.12040927 0.45883536]]
probabilities: [[0.13767937 0.7482216  0.11409907]
 [0.25663623 0.00818675 0.73517704]
 [0.00795114 0.14216647 0.84988236]
 [0.32581663 0.38265994 0.29152346]
 [0.36904854 0.31013787 0.3208136 ]]
probabilities: [[0.94063586 0.02296161 0.03640251]
 [0.6888635  0.23821217 0.07292431]
 [0.19746673 0.3702116  0.43232167]
 [0.17435072 0.26188385 0.5637654 ]
 [0.14509423 0.7973438  0.05756199]]
probabilities: [[0.33747295 0.5857663  0.07676075]
 [0.06618952 0.06389381 0.8699167 ]
 [0.21625862 0.16448906 0.6192523 ]
 [0.07982658 0.64866394 0.27150947]
 [0.3902955  0.03094327 0.5787612 ]]
probabilities: [[0.18761417 0.06136126 0.75102454]
 [0.14809003 0.8474295  0.00448045]
 [0.00693556 0.4734169  0.51964754]
 [0.01187108 0.18353346 0.8045955 ]
 [0.36824158 0.603946   0.02781242]]
probabilities: [[0. 0. 1.]
 [0. 1. 0.]
 [0. 1. 0.]
 [0. 0. 1.]
 [0. 0. 1.]]
probabilities: [[0.55857986 0.05035921 0.39106092]
 [0.08601458 0.84944004 0.06454539]
 [0.5949248  0.12999229 0.27508292]
 [0.4648219  0.12514779 0.4100303 ]
 [0.3759919  0.41376972 0.21023837]]
probabilities: [[0.44017753 0.47366104 0.08616144]
 [0.4298798  0.14926025 0.42085993]
 [0.32714802 0.58023    0.092622  ]
 [0.56698066 0.29614314 0.13687618]
 [0.07334725 0.63265884 0.29399392]]
probabilities: [[0.30756924 0.61968124 0.07274953]
 [0.22107339 0.0099379  0.7689887 ]
 [0.04046133 0.5009757  0.45856294]
 [0.6053354  0.32651436 0.06815024]
 [0.5549191  0.15435135 0.29072955]]
probabilities: [[0.12731868 0.39214042 0.4805409 ]
 [0.4406068  0.48104987 0.07834333]
 [0.37506709 0.32124937 0.30368355]
 [0.4164938  0.2866409  0.2968653 ]
 [0.6122108  0.29821932 0.08956986]]
probabilities: [[0.0610399  0.4711755  0.4677846 ]
 [0.78444475 0.03163118 0.18392406]
 [0.2853073  0.2020322  0.5126605 ]
 [0.2904062  0.02879125 0.6808025 ]
 [0.8195125  0.11852549 0.06196202]]
probabilities: [[0. 0. 1.]
 [0. 1. 0.]
 [0. 1. 0.]
 [0. 0. 1.]
 [0. 0. 1.]]
probabilities: [[0.5853469  0.29973042 0.11492271]
 [0.76205426 0.20456415 0.03338158]
 [0.680456   0.086469   0.23307502]
 [0.22645327 0.5520481  0.22149861]
 [0.25844577 0.73393023 0.00762403]]
probabilities: [[0.10020633 0.49608034 0.40371335]
 [0.39314747 0.15236415 0.4544884 ]
 [0.12751189 0.0438948  0.8285933 ]
 [0.57935643 0.1549072  0.26573637]
 [0.1357336  0.02780107 0.8364653 ]]
probabilities: [[0.4201187  0.18435103 0.39553025]
 [0.14217249 0.29528165 0.56254584]
 [0.82041687 0.05464511 0.124938  ]
 [0.2552503  0.12418646 0.6205632 ]
 [0.02369734 0.1741267  0.80217594]]
probabilities: [[0.06008011 0.614715   0.3252049 ]
 [0.19044313 0.2703901  0.53916675]
 [0.49678615 0.13709582 0.366118  ]
 [0.6934558  0.09101594 0.21552823]
 [0.07455646 0.7326662  0.19277732]]
probabilities: [[0.35437268 0.60129654 0.04433081]
 [0.6404534  0.2322245  0.12732212]
 [0.5064863  0.4325377  0.06097597]
 [0.20038977 0.2273516  0.57225865]
 [0.10551894 0.06899989 0.8254812 ]]
probabilities: [[1. 0. 0.]
 [1. 0. 0.]
 [1. 0. 0.]
 [1. 0. 0.]
 [1. 0. 0.]]
probabilities: [[0.03721005 0.5677943  0.39499563]
 [0.12183741 0.00920993 0.86895263]
 [0.09393459 0.03305254 0.87301284]
 [0.10419936 0.51328474 0.3825159 ]
 [0.07297964 0.76282954 0.16419078]]
probabilities: [[0.45586252 0.36909103 0.17504646]
 [0.05878428 0.29828352 0.6429322 ]
 [0.45068207 0.03408936 0.51522857]
 [0.05825695 0.9114221  0.03032101]
 [0.19356021 0.56408566 0.24235414]]
probabilities: [[0.27560464 0.25428623 0.47010913]
 [0.47119752 0.3954876  0.13331486]
 [0.07101067 0.825587   0.10340234]
 [0.6973707  0.23825973 0.06436958]
 [0.10338791 0.3113949  0.5852172 ]]
probabilities: [[0.05538954 0.43742594 0.5071845 ]
 [0.6305014  0.21449375 0.15500487]
 [0.14335139 0.01231073 0.8443379 ]
 [0.3331099  0.36176562 0.3051245 ]
 [0.60695726 0.29337922 0.09966352]]
probabilities: [[0.22390498 0.15851337 0.61758167]
 [0.18449828 0.05263962 0.7628621 ]
 [0.65512085 0.19775051 0.14712864]
 [0.5571052  0.26696473 0.17593008]
 [0.14204721 0.13243845 0.72551435]]
probabilities: [[0. 1. 0.]
 [0. 1. 0.]
 [0. 1. 0.]
 [0. 1. 0.]
 [0. 1. 0.]]
probabilities: [[0.34035215 0.41221145 0.24743642]
 [0.15015398 0.15857136 0.69127464]
 [0.10830706 0.2742043  0.6174886 ]
 [0.12204724 0.14793037 0.7300224 ]
 [0.16784132 0.506019   0.32613972]]
probabilities: [[0.11349358 0.5997333  0.28677312]
 [0.43694907 0.21601216 0.34703875]
 [0.259976   0.4608298  0.27919418]
 [0.744865   0.11920228 0.1359327 ]
 [0.0856113  0.7238904  0.1904983 ]]
probabilities: [[0.33534282 0.21059242 0.45406473]
 [0.50984144 0.434866   0.05529253]
 [0.05110862 0.8306493  0.11824207]
 [0.6438276  0.25347257 0.10269985]
 [0.7418686  0.25080505 0.0073263 ]]
probabilities: [[0.3067923  0.37195125 0.32125646]
 [0.02358176 0.36428404 0.6121342 ]
 [0.67826295 0.21966733 0.10206971]
 [0.30848175 0.02520441 0.6663138 ]
 [0.6258032  0.2769813  0.09721553]]
probabilities: [[0.5809656  0.09204452 0.32698992]
 [0.77609015 0.16520518 0.0587047 ]
 [0.6055494  0.17008033 0.22437024]
 [0.44348094 0.19873321 0.35778588]
 [0.2022924  0.6173759  0.18033168]]
probabilities: [[0. 0. 1.]
 [0. 1. 0.]
 [0. 0. 1.]
 [0. 0. 1.]
 [0. 0. 1.]]
probabilities: [[0.64817137 0.02779171 0.3240369 ]
 [0.17877427 0.14478128 0.6764445 ]
 [0.19168256 0.29452094 0.5137965 ]
 [0.16332075 0.21493241 0.62174684]
 [0.10135148 0.33930933 0.55933917]]
probabilities: [[0.56530994 0.41323632 0.02145371]
 [0.12380937 0.73926973 0.13692091]
 [0.36453006 0.4551207  0.18034922]
 [0.40468067 0.18210018 0.41321915]
 [0.15555929 0.5937889  0.2506518 ]]
probabilities: [[0.435434   0.16064897 0.403917  ]
 [0.5003781  0.35176978 0.14785214]
 [0.29838905 0.01883391 0.68277705]
 [0.37616214 0.11692672 0.50691116]
 [0.5426715  0.09546442 0.36186406]]
probabilities: [[0.85874367 0.13748537 0.00377097]
 [0.08553023 0.2245251  0.6899447 ]
 [0.12266732 0.5925665  0.2847662 ]
 [0.38898307 0.47876525 0.1322517 ]
 [0.91047937 0.04048525 0.0490354 ]]
probabilities: [[0.17417319 0.7966577  0.0291691 ]
 [0.30615577 0.08212378 0.61172044]
 [0.15779467 0.8287355  0.01346987]
 [0.65102965 0.01210881 0.33686158]
 [0.23882513 0.1152464  0.64592844]]
probabilities: [[1. 0. 0.]
 [1. 0. 0.]
 [1. 0. 0.]
 [1. 0. 0.]
 [1. 0. 0.]]
probabilities: [[0.25712326 0.18878402 0.5540927 ]
 [0.23862827 0.26586118 0.49551052]
 [0.45138493 0.4276892  0.12092589]
 [0.20795362 0.04329262 0.7487538 ]
 [0.3036815  0.1649531  0.5313654 ]]
probabilities: [[0.27599096 0.48599148 0.23801756]
 [0.7039804  0.24062401 0.05539561]
 [0.05558562 0.71752316 0.22689123]
 [0.24702895 0.73199284 0.02097822]
 [0.15447335 0.0357595  0.8097671 ]]
probabilities: [[0.11844814 0.5167362  0.36481565]
 [0.1457732  0.6481666  0.2060602 ]
 [0.576158   0.16537495 0.25846708]
 [0.3367991  0.2624003  0.40080062]
 [0.42854828 0.5210396  0.05041211]]
probabilities: [[0.31014037 0.26944953 0.42041013]
 [0.01644094 0.7678318  0.21572727]
 [0.5360725  0.01667453 0.447253  ]
 [0.3816284  0.18510218 0.4332694 ]
 [0.4815892  0.01682597 0.5015848 ]]
probabilities: [[0.2359326  0.39642256 0.36764482]
 [0.72281635 0.2739814  0.00320223]
 [0.42101327 0.35065916 0.22832759]
 [0.33500126 0.41973954 0.2452592 ]
 [0.19524615 0.11289182 0.69186205]]
probabilities: [[1. 0. 0.]
 [1. 0. 0.]
 [1. 0. 0.]
 [1. 0. 0.]
 [1. 0. 0.]]
probabilities: [[0.71149445 0.14751491 0.14099066]
 [0.44794095 0.19131717 0.36074188]
 [0.11355491 0.56329066 0.32315442]
 [0.05430329 0.40031403 0.5453827 ]
 [0.14174782 0.08574193 0.7725103 ]]
probabilities: [[0.21756198 0.06188332 0.7205547 ]
 [0.7502432  0.08621018 0.1635466 ]
 [0.48179787 0.00611181 0.5120903 ]
 [0.19432233 0.19691986 0.6087578 ]
 [0.45876154 0.10208879 0.43914965]]
probabilities: [[0.39130142 0.38018888 0.2285097 ]
 [0.05526865 0.10668129 0.83805007]
 [0.4181999  0.14252082 0.4392793 ]
 [0.19307981 0.5245202  0.28239998]
 [0.5742904  0.07362144 0.35208818]]
probabilities: [[0.03768145 0.1471411  0.81517744]
 [0.8131431  0.11963831 0.06721865]
 [0.5037926  0.1455256  0.3506818 ]
 [0.9360168  0.04389245 0.02009072]
 [0.46208167 0.12652425 0.41139406]]
probabilities: [[0.2970479  0.49772984 0.20522225]
 [0.3901726  0.03813649 0.5716909 ]
 [0.00845266 0.00208928 0.9894581 ]
 [0.800708   0.09156413 0.10772789]
 [0.55790055 0.01138885 0.43071058]]
probabilities: [[1. 0. 0.]
 [1. 0. 0.]
 [1. 0. 0.]
 [1. 0. 0.]
 [1. 0. 0.]]
probabilities: [[0.03272538 0.09401922 0.8732554 ]
 [0.21245158 0.09936912 0.6881793 ]
 [0.00469922 0.49976793 0.49553284]
 [0.16443732 0.30111206 0.53445065]
 [0.1764644  0.46432337 0.35921222]]
probabilities: [[0.2730974  0.34731564 0.379587  ]
 [0.3827699  0.24761482 0.3696153 ]
 [0.76915497 0.1534643  0.07738075]
 [0.08939435 0.20530301 0.70530266]
 [0.6411578  0.06496163 0.29388055]]
probabilities: [[0.09735128 0.6072746  0.2953741 ]
 [0.09989043 0.50524664 0.39486292]
 [0.12413002 0.29324657 0.5826234 ]
 [0.21475841 0.70699245 0.07824916]
 [0.18566376 0.17739987 0.63693637]]
probabilities: [[0.3909189  0.40113848 0.20794259]
 [0.65653694 0.25460136 0.0888617 ]
 [0.1688321  0.00456803 0.8265999 ]
 [0.53377956 0.22554538 0.24067505]
 [0.68935966 0.23899718 0.07164317]]
probabilities: [[0.10126759 0.8954333  0.0032991 ]
 [0.61186326 0.28429696 0.10383981]
 [0.02570638 0.38481387 0.58947974]
 [0.77170944 0.18735768 0.04093287]
 [0.04224589 0.63630766 0.32144648]]
probabilities: [[0. 0. 1.]
 [0. 1. 0.]
 [0. 1. 0.]
 [0. 0. 1.]
 [0. 0. 1.]]
probabilities: [[0.13847065 0.48183632 0.37969303]
 [0.5666473  0.22457546 0.20877728]
 [0.7786503  0.08550271 0.13584699]
 [0.1747229  0.38471052 0.4405666 ]
 [0.01093731 0.5286926  0.4603701 ]]
probabilities: [[0.94212896 0.045595   0.01227602]
 [0.6035697  0.3381134  0.05831693]
 [0.37598923 0.1881712  0.4358396 ]
 [0.08518028 0.56133974 0.35348   ]
 [0.58392346 0.22065766 0.19541886]]
probabilities: [[0.43123633 0.18591315 0.38285053]
 [0.3226302  0.6493768  0.02799302]
 [0.2646714  0.50986713 0.22546148]
 [0.0302906  0.680691   0.2890184 ]
 [0.2471324  0.4051824  0.3476852 ]]
probabilities: [[0.14706677 0.28761202 0.5653212 ]
 [0.679118   0.20153399 0.11934802]
 [0.8757855  0.03727712 0.08693735]
 [0.45436072 0.2932237  0.25241557]
 [0.04579377 0.39018932 0.5640169 ]]
probabilities: [[0.48351794 0.49528024 0.02120179]
 [0.5418195  0.192954   0.26522648]
 [0.52152634 0.41187802 0.06659565]
 [0.279466   0.19688025 0.52365375]
 [0.4553093  0.51130545 0.03338523]]
probabilities: [[0. 0. 1.]
 [0. 1. 0.]
 [0. 0. 1.]
 [0. 0. 1.]
 [0. 0. 1.]]
probabilities: [[0.13102481 0.8507939  0.01818131]
 [0.05020576 0.9210863  0.02870792]
 [0.4940726  0.12139606 0.38453135]
 [0.4183058  0.19582167 0.3858725 ]
 [0.46530005 0.301744   0.23295593]]
probabilities: [[0.5152148  0.41460985 0.07017537]
 [0.58938545 0.3041824  0.10643212]
 [0.22819625 0.47588855 0.29591522]
 [0.55913705 0.16146734 0.2793956 ]
 [0.11369667 0.4125348  0.47376853]]
probabilities: [[0.2865119  0.06712221 0.6463659 ]
 [0.05005582 0.80694187 0.14300233]
 [0.41434392 0.28785828 0.2977978 ]
 [0.23645921 0.36604255 0.39749822]
 [0.4240071  0.33306167 0.24293125]]
probabilities: [[0.02484624 0.7894743  0.18567948]
 [0.8779474  0.11799383 0.00405878]
 [0.5323481  0.01940467 0.44824722]
 [0.23908116 0.7042942  0.05662462]
 [0.1502455  0.55685854 0.29289597]]
probabilities: [[0.69573534 0.14531788 0.15894678]
 [0.81973565 0.08826626 0.09199812]
 [0.43749818 0.2642262  0.29827562]
 [0.3728392  0.15779507 0.46936572]
 [0.11857594 0.2933149  0.5881092 ]]
probabilities: [[1. 0. 0.]
 [1. 0. 0.]
 [1. 0. 0.]
 [1. 0. 0.]
 [1. 0. 0.]]
probabilities: [[0.21364778 0.64761496 0.13873726]
 [0.18198828 0.4835067  0.334505  ]
 [0.73084337 0.19840738 0.07074922]
 [0.7548339  0.01560414 0.22956201]
 [0.7168941  0.11321371 0.16989218]]
probabilities: [[0.45440766 0.40614885 0.13944347]
 [0.25791878 0.15106131 0.5910199 ]
 [0.36464497 0.56220657 0.07314844]
 [0.08363003 0.77802134 0.13834865]
 [0.3659421  0.5901854  0.04387249]]
probabilities: [[0.32872137 0.16071174 0.5105669 ]
 [0.19453995 0.41657642 0.38888365]
 [0.16010569 0.46848035 0.37141395]
 [0.23156211 0.6993705  0.0690674 ]
 [0.41087002 0.5509121  0.03821793]]
probabilities: [[0.20633568 0.6868445  0.10681982]
 [0.38814512 0.14606862 0.46578628]
 [0.61656404 0.25401443 0.12942156]
 [0.4128344  0.32318407 0.26398152]
 [0.5628537  0.2630414  0.1741049 ]]
probabilities: [[0.34111398 0.09839337 0.56049263]
 [0.4913056  0.27932933 0.2293651 ]
 [0.79923356 0.1780139  0.02275254]
 [0.7010647  0.02255153 0.2763838 ]
 [0.01576856 0.13382655 0.8504049 ]]
probabilities: [[0. 0. 1.]
 [0. 1. 0.]
 [0. 0. 1.]
 [0. 0. 1.]
 [0. 0. 1.]]
probabilities: [[0.15343364 0.59966224 0.24690413]
 [0.41266823 0.35727286 0.23005891]
 [0.089614   0.70528775 0.20509826]
 [0.03281013 0.8324953  0.13469462]
 [0.6239728  0.32636034 0.04966688]]
probabilities: [[0.19285424 0.49502108 0.31212467]
 [0.5077157  0.32373995 0.16854435]
 [0.10542811 0.6759016  0.2186703 ]
 [0.22819944 0.33990347 0.43189707]
 [0.68256456 0.16783957 0.1495959 ]]
probabilities: [[0.7142986  0.2466978  0.03900362]
 [0.14427367 0.20469277 0.6510336 ]
 [0.34418035 0.13006483 0.5257548 ]
 [0.38618037 0.5619731  0.05184654]
 [0.27445203 0.05618418 0.6693638 ]]
probabilities: [[0.02232871 0.73323345 0.24443786]
 [0.75338435 0.19945075 0.04716491]
 [0.5453438  0.4480624  0.00659377]
 [0.24012734 0.13114935 0.6287233 ]
 [0.6209915  0.33227068 0.04673778]]
probabilities: [[0.47923058 0.08520228 0.43556714]
 [0.34163728 0.40434635 0.2540164 ]
 [0.86898315 0.03883203 0.09218481]
 [0.28871965 0.5371535  0.17412686]
 [0.47914994 0.47697833 0.04387171]]
probabilities: [[1. 0. 0.]
 [1. 0. 0.]
 [1. 0. 0.]
 [1. 0. 0.]
 [1. 0. 0.]]
probabilities: [[0.19032612 0.3787875  0.4308864 ]
 [0.4714347  0.01392069 0.51464456]
 [0.1966358  0.0993479  0.7040163 ]
 [0.29260752 0.5312831  0.17610937]
 [0.04025321 0.4596896  0.5000572 ]]
probabilities: [[0.4896923  0.36244628 0.14786144]
 [0.37048325 0.09499143 0.53452533]
 [0.31625196 0.53670335 0.14704466]
 [0.13053192 0.17835875 0.6911093 ]
 [0.41217092 0.50766826 0.08016083]]
probabilities: [[0.18384074 0.6722896  0.14386967]
 [0.30347764 0.22523987 0.47128248]
 [0.00145773 0.2435636  0.75497866]
 [0.37032726 0.5663739  0.06329884]
 [0.30763766 0.19644842 0.49591392]]
probabilities: [[0.527141   0.18002464 0.29283443]
 [0.4987115  0.101156   0.4001325 ]
 [0.2705525  0.44416496 0.28528255]
 [0.63130563 0.14467853 0.22401583]
 [0.45814413 0.28114176 0.2607141 ]]
probabilities: [[0.69079417 0.23021415 0.07899169]
 [0.18021569 0.63817817 0.18160614]
 [0.02206908 0.08604021 0.8918907 ]
 [0.03616608 0.22685674 0.73697716]
 [0.5424053  0.13449295 0.32310176]]
probabilities: [[0. 0. 1.]
 [0. 1. 0.]
 [0. 1. 0.]
 [0. 0. 1.]
 [0. 0. 1.]]
probabilities: [[0.2819321  0.20243317 0.5156348 ]
 [0.81604016 0.11602572 0.06793411]
 [0.34175035 0.6231787  0.03507095]
 [0.27779907 0.00680506 0.71539587]
 [0.13634093 0.3709402  0.49271888]]
probabilities: [[0.04514561 0.6924424  0.26241198]
 [0.13751115 0.7067528  0.15573609]
 [0.6203701  0.32159278 0.05803712]
 [0.7514943  0.11813833 0.13036738]
 [0.62095004 0.23288888 0.1461611 ]]
probabilities: [[0.68624485 0.13864984 0.17510529]
 [0.39271712 0.5697883  0.03749459]
 [0.33762088 0.20446725 0.45791185]
 [0.36146358 0.49159384 0.14694262]
 [0.78515124 0.18221788 0.03263088]]
probabilities: [[0.2755706  0.00110791 0.7233215 ]
 [0.6551119  0.12204923 0.2228389 ]
 [0.8704032  0.01107351 0.1185233 ]
 [0.23725003 0.75685835 0.00589161]
 [0.39315766 0.23424965 0.37259272]]
probabilities: [[0.31966916 0.3887918  0.29153904]
 [0.5244734  0.38189873 0.09362783]
 [0.0445975  0.55505633 0.40034613]
 [0.52297676 0.41795635 0.05906685]
 [0.28743002 0.41511723 0.29745275]]
probabilities: [[1. 0. 0.]
 [1. 0. 0.]
 [1. 0. 0.]
 [1. 0. 0.]
 [1. 0. 0.]]
probabilities: [[0.7977768  0.02990323 0.17231993]
 [0.16828382 0.6445689  0.18714726]
 [0.05859559 0.15870456 0.7826998 ]
 [0.26330337 0.01270178 0.72399485]
 [0.27150857 0.01965732 0.7088341 ]]
probabilities: [[0.29607245 0.01864823 0.6852793 ]
 [0.6234025  0.00190237 0.37469515]
 [0.28055048 0.46227777 0.25717175]
 [0.39802334 0.10847305 0.49350363]
 [0.12995777 0.15142041 0.7186218 ]]
probabilities: [[0.06064169 0.23657243 0.7027859 ]
 [0.03943595 0.74863875 0.21192531]
 [0.26917586 0.22481793 0.5060062 ]
 [0.7283745  0.23231772 0.03930779]
 [0.41063368 0.3569696  0.23239672]]
probabilities: [[0.5298192  0.11560436 0.35457647]
 [0.1005091  0.76725465 0.13223626]
 [0.9166562  0.05326703 0.03007674]
 [0.14741333 0.6647982  0.1877885 ]
 [0.28228492 0.14949115 0.56822395]]
probabilities: [[2.2012776e-01 4.6289597e-02 7.3358262e-01]
 [6.4025033e-01 1.5563835e-01 2.0411131e-01]
 [1.1871793e-01 2.7138162e-01 6.0990041e-01]
 [2.5163710e-01 6.1387056e-01 1.3449237e-01]
 [4.9325001e-01 7.2131929e-04 5.0602865e-01]]
probabilities: [[0. 0. 1.]
 [0. 1. 0.]
 [0. 1. 0.]
 [0. 0. 1.]
 [0. 0. 1.]]
probabilities: [[0.12362402 0.36594227 0.51043373]
 [0.4879257  0.42735127 0.08472303]
 [0.01710294 0.02108102 0.961816  ]
 [0.5863092  0.26682854 0.14686228]
 [0.18869945 0.04459749 0.76670307]]
probabilities: [[0.09744509 0.801229   0.10132591]
 [0.09463085 0.21406177 0.69130737]
 [0.38236022 0.13888112 0.47875866]
 [0.15762788 0.67824686 0.16412523]
 [0.21708861 0.5019874  0.28092402]]
probabilities: [[0.08923572 0.6334567  0.27730754]
 [0.21836469 0.24259216 0.5390432 ]
 [0.00233131 0.07155829 0.9261104 ]
 [0.76023203 0.22522974 0.01453824]
 [0.6183125  0.35765973 0.02402782]]
probabilities: [[0.36413637 0.3929612  0.24290241]
 [0.576641   0.32334894 0.10001005]
 [0.35673591 0.55334896 0.0899151 ]
 [0.45160306 0.45364952 0.09474744]
 [0.15500537 0.6429696  0.202025  ]]
probabilities: [[0.0530031  0.37340862 0.5735883 ]
 [0.04871222 0.38833782 0.56294996]
 [0.450697   0.1487279  0.4005751 ]
 [0.41918916 0.11426611 0.46654475]
 [0.31659997 0.46650717 0.21689287]]
probabilities: [[0. 1. 0.]
 [0. 1. 0.]
 [0. 1. 0.]
 [0. 1. 0.]
 [0. 1. 0.]]
probabilities: [[0.13559374 0.30256465 0.5618416 ]
 [0.13173336 0.06892582 0.79934084]
 [0.6445875  0.16764502 0.18776748]
 [0.13888897 0.1612472  0.69986385]
 [0.6946766  0.15596391 0.14935952]]
probabilities: [[0.38263372 0.46710613 0.15026014]
 [0.28259745 0.56980467 0.14759786]
 [0.24854515 0.722759   0.02869585]
 [0.00418669 0.9627316  0.03308168]
 [0.14089924 0.19005407 0.6690467 ]]
probabilities: [[0.4611512  0.43396482 0.10488397]
 [0.30641863 0.57613754 0.11744379]
 [0.22529174 0.39799577 0.3767125 ]
 [0.6122111  0.16323134 0.22455755]
 [0.0008538  0.26447225 0.734674  ]]
probabilities: [[0.09257554 0.8657171  0.04170734]
 [0.02382382 0.80889046 0.16728573]
 [0.7106148  0.2310759  0.05830932]
 [0.22837417 0.75143963 0.02018621]
 [0.05784424 0.5114465  0.4307093 ]]
probabilities: [[0.46508446 0.02386566 0.51104987]
 [0.1673934  0.5856666  0.24694003]
 [0.56505835 0.39213875 0.04280289]
 [0.7726715  0.17449918 0.05282932]
 [0.35092568 0.16993773 0.4791366 ]]
probabilities: [[1. 0. 0.]
 [1. 0. 0.]
 [1. 0. 0.]
 [1. 0. 0.]
 [1. 0. 0.]]
probabilities: [[0.12537032 0.16557285 0.7090568 ]
 [0.48228452 0.02647874 0.49123675]
 [0.10150784 0.29280007 0.6056921 ]
 [0.0766712  0.22554226 0.69778657]
 [0.35494283 0.4480221  0.19703507]]
probabilities: [[0.08053818 0.04106925 0.8783926 ]
 [0.5842786  0.27109367 0.14462776]
 [0.41433036 0.46704495 0.1186247 ]
 [0.2564189  0.13326319 0.61031795]
 [0.08191094 0.01069866 0.9073904 ]]
probabilities: [[0.07683039 0.06852207 0.8546475 ]
 [0.09007311 0.11297143 0.79695547]
 [0.01943354 0.5672347  0.41333178]
 [0.4244546  0.45902318 0.11652222]
 [0.6853146  0.08201496 0.23267044]]
probabilities: [[0.06015323 0.1519153  0.78793144]
 [0.6072462  0.27411902 0.11863477]
 [0.5292799  0.26880747 0.20191264]
 [0.4152151  0.0807144  0.5040705 ]
 [0.16613318 0.53730875 0.29655808]]
probabilities: [[0.01368967 0.9050546  0.08125567]
 [0.376246   0.3324949  0.29125908]
 [0.8689454  0.01772885 0.11332573]
 [0.02693155 0.35452732 0.6185411 ]
 [0.4181507  0.33594373 0.24590558]]
probabilities: [[0. 1. 0.]
 [0. 1. 0.]
 [0. 1. 0.]
 [0. 1. 0.]
 [0. 1. 0.]]
probabilities: [[0.9130041  0.07329224 0.01370365]
 [0.2044906  0.7105772  0.08493219]
 [0.14762455 0.2657876  0.58658785]
 [0.08726623 0.8864856  0.02624818]
 [0.12408214 0.58760977 0.28830805]]
